1517556174.845307:  0000 001359 0000 000482 0000 001642 0000 001646 0000 002916 0000 001606 0000 000000
1517556175.405924:  0000 065036 0000 065535 0000 065036 0000 065036 0000 000500 0000 064736 0000 065518
1517556175.466724:  0000 001330 0000 000473 0000 001624 0000 001646 0000 002894 0000 001605 0000 000000
1517556175.466775:  0000 001330 0000 000473 0000 001624 0000 001646 0000 002894 0000 001605 0000 000000
1517556175.528373:  1359 001359 0486 000486 1672 001672 1657 001657 2926 002926 1590 001590 0000 000000
1517556175.589043:  1359 001252 0486 000473 1672 001562 1657 001641 2926 002823 1590 001590 0000 000000
1517556175.589104:  1359 001252 0486 000473 1672 001562 1657 001641 2926 002823 1590 001590 0000 000000
1517556175.650729:  1359 065228 0486 000011 1672 065206 1657 065076 2926 000350 1590 064736 0000 065518
1517556175.711507:  1359 001153 0486 000474 1672 001499 1657 001612 2926 002755 1590 001567 0000 000000
1517556175.711576:  1359 001153 0486 000474 1672 001499 1657 001612 2926 002755 1590 001567 0000 000000
1517556175.773294:  1359 001359 0495 000495 1733 001733 1679 001679 2950 002950 1560 001560 0000 000000
1517556175.834082:  1359 001082 0495 000475 1733 001442 1679 001580 2950 002694 1560 001541 0000 000000
1517556175.834137:  1359 001082 0495 000475 1733 001442 1679 001580 2950 002694 1560 001541 0000 000000
1517556175.895755:  1359 065396 0495 000023 1733 065376 1679 065086 2950 000210 1560 064746 0000 065518
1517556175.956636:  1359 001033 0495 000476 1733 001395 1679 001549 2950 002639 1560 001513 0000 000000
1517556175.956717:  1359 001033 0495 000476 1733 001395 1679 001549 2950 002639 1560 001513 0000 000000
1517556176.018445:  1359 001359 0506 000506 1793 001793 1700 001700 2975 002975 1530 001530 0000 000000
1517556176.079233:  1359 000997 0506 000477 1793 001359 1700 001517 2975 002594 1530 001487 0000 000000
1517556176.079302:  1359 000997 0506 000477 1793 001359 1700 001517 2975 002594 1530 001487 0000 000000
1517556176.141077:  1359 065480 0506 000035 1793 065506 1700 065236 2975 000090 1530 064776 0000 065518
1517556176.201753:  1359 000968 0506 000479 1793 001329 1700 001488 2975 002560 1530 001465 0000 000000
1517556176.201806:  1359 000968 0506 000479 1793 001329 1700 001488 2975 002560 1530 001465 0000 000000
1517556176.263223:  1359 001359 0518 000518 1852 001852 1720 001720 3002 003002 1501 001501 0000 000000
1517556176.323954:  1359 000951 0518 000482 1852 001327 1720 001458 3002 002538 1501 001446 0000 000000
1517556176.324024:  1359 000951 0518 000482 1852 001327 1720 001458 3002 002538 1501 001446 0000 000000
1517556176.375547:  1359 065528 0518 000047 1852 000050 1720 065316 3002 000020 1501 064776 0000 065518
1517556176.436360:  1359 000943 0518 000485 1852 001321 1720 001500 3002 002533 1501 001434 0000 000000
1517556176.436434:  1359 000943 0518 000485 1852 001321 1720 001500 3002 002533 1501 001434 0000 000000
1517556176.497889:  1359 001359 0531 000531 1910 001910 1740 001740 3030 003030 1472 001472 0000 000000
1517556176.558629:  1359 000934 0531 000488 1910 001317 1740 001407 3030 002533 1472 001426 0000 000000
1517556176.558707:  1359 000934 0531 000488 1910 001317 1740 001407 3030 002533 1472 001426 0000 000000
1517556176.620234:  1359 000004 0531 000047 1910 000120 1740 065386 3030 065526 1472 064766 0000 065518
1517556176.681025:  1359 000928 0531 000492 1910 001317 1740 001395 3030 002538 1472 001423 0000 000000
1517556176.681099:  1359 000928 0531 000492 1910 001317 1740 001395 3030 002538 1472 001423 0000 000000
1517556176.742749:  1359 001359 0545 000545 1967 001967 1759 001759 3060 003060 1444 001444 0000 000000
1517556176.803527:  1359 000928 0545 000494 1967 001315 1759 001392 3060 002547 1444 001423 0000 000000
1517556176.803622:  1359 000928 0545 000494 1967 001315 1759 001392 3060 002547 1444 001423 0000 000000
1517556176.855339:  1359 000016 0545 000059 1967 000170 1759 065406 3060 065516 1444 064736 0000 065518
1517556176.916055:  1359 000928 0545 000499 1967 001321 1759 001394 3060 002561 1444 001426 0000 000000
1517556176.916119:  1359 000928 0545 000499 1967 001321 1759 001394 3060 002561 1444 001426 0000 000000
1517556176.977832:  1359 001359 0560 000560 2022 002022 1778 001778 3092 003092 1417 001417 0000 000000
1517556177.038573:  1359 000928 0560 000504 2022 001331 1778 001395 3092 002575 1417 001430 0000 000000
1517556177.038613:  1359 000928 0560 000504 2022 001331 1778 001395 3092 002575 1417 001430 0000 000000
1517556177.100125:  1359 000016 0560 000071 2022 000210 1778 065426 3092 065516 1417 064736 0000 065518
1517556177.160806:  1359 000928 0560 000507 2022 001343 1778 001392 3092 002587 1417 001432 0000 000000
1517556177.160885:  1359 000928 0560 000507 2022 001343 1778 001392 3092 002587 1417 001432 0000 000000
1517556177.222376:  1359 001359 0577 000577 2077 002077 1795 001795 3125 003125 1390 001390 0000 000000
1517556177.283229:  1359 000926 0577 000515 2077 001357 1795 001391 3125 002605 1390 001446 0000 000000
1517556177.283310:  1359 000926 0577 000515 2077 001357 1795 001391 3125 002605 1390 001446 0000 000000
1517556177.345100:  1359 000016 0577 000071 2077 000230 1795 065446 3125 065506 1390 064736 0000 065518
1517556177.395756:  1359 000928 0577 000519 2077 001378 1795 001394 3125 002617 1390 001448 0000 000000
1517556177.395852:  1359 000928 0577 000519 2077 001378 1795 001394 3125 002617 1390 001448 0000 000000
1517556177.457505:  1359 001359 0595 000595 2130 002130 1812 001812 3159 003159 1363 001363 0000 000000
1517556177.518197:  1359 000927 0595 000525 2130 001397 1812 001393 3159 002633 1363 001455 0000 000000
1517556177.518284:  1359 000927 0595 000525 2130 001397 1812 001393 3159 002633 1363 001455 0000 000000
1517556177.579997:  1359 000016 0595 000083 2130 000240 1812 065456 3159 065506 1363 064736 0000 065518
1517556177.640592:  1359 000927 0595 000533 2130 001420 1812 001393 3159 002649 1363 001462 0000 000000
1517556177.640683:  1359 000927 0595 000533 2130 001420 1812 001393 3159 002649 1363 001462 0000 000000
1517556177.702300:  1359 001359 0615 000615 2182 002182 1828 001828 3194 003194 1337 001337 0000 000000
1517556177.763069:  1359 000927 0615 000541 2182 001442 1828 001393 3194 002667 1337 001470 0000 000000
1517556177.763128:  1359 000927 0615 000541 2182 001442 1828 001393 3194 002667 1337 001470 0000 000000
1517556177.824658:  1359 000016 0615 000095 2182 000250 1828 065476 3194 065506 1337 064736 0000 065518
1517556177.875601:  1359 000928 0615 000550 2182 001467 1828 001395 3194 002685 1337 001480 0000 000000
1517556177.875673:  1359 000928 0615 000550 2182 001467 1828 001395 3194 002685 1337 001480 0000 000000
1517556177.937182:  1359 001359 0635 000635 2233 002233 1843 001843 3230 003230 1312 001312 0000 000000
1517556177.997867:  1359 000927 0635 000558 2233 001489 1843 001394 3230 002699 1312 001486 0000 000000
1517556177.997940:  1359 000927 0635 000558 2233 001489 1843 001394 3230 002699 1312 001486 0000 000000
1517556178.059487:  1359 000016 0635 000095 2233 000250 1843 065486 3230 065506 1312 064736 0000 065518
1517556178.120191:  1359 000927 0635 000568 2233 001513 1843 001394 3230 002718 1312 001495 0000 000000
1517556178.120236:  1359 000927 0635 000568 2233 001513 1843 001394 3230 002718 1312 001495 0000 000000
1517556178.182013:  1359 001359 0658 000658 2282 002282 1857 001857 3268 003268 1287 001287 0000 000000
1517556178.242820:  1359 000927 0658 000578 2282 001537 1857 001393 3268 002737 1287 001503 0000 000000
1517556178.242887:  1359 000927 0658 000578 2282 001537 1857 001393 3268 002737 1287 001503 0000 000000
1517556178.304574:  1359 000016 0658 000095 2282 000250 1857 065506 3268 065506 1287 064736 0000 065518
1517556178.355329:  1359 000927 0658 000589 2282 001564 1857 001395 3268 002759 1287 001514 0000 000000
1517556178.355389:  1359 000927 0658 000589 2282 001564 1857 001395 3268 002759 1287 001514 0000 000000
1517556178.417277:  1359 001359 0681 000681 2330 002330 1871 001871 3306 003306 1262 001262 0000 000000
1517556178.478094:  1359 000927 0681 000598 2330 001588 1871 001395 3306 002775 1262 001520 0000 000000
1517556178.478163:  1359 000927 0681 000598 2330 001588 1871 001395 3306 002775 1262 001520 0000 000000
1517556178.539573:  1359 000016 0681 000107 2330 000250 1871 065496 3306 065506 1262 064736 0000 065518
1517556178.600339:  1359 000927 0681 000609 2330 001612 1871 001395 3306 002794 1262 001529 0000 000000
1517556178.600393:  1359 000927 0681 000609 2330 001612 1871 001395 3306 002794 1262 001529 0000 000000
1517556178.661977:  1359 001359 0706 000706 2377 002377 1884 001884 3345 003345 1238 001238 0000 000000
1517556178.722737:  1359 000926 0706 000621 2377 001635 1884 001393 3345 002811 1238 001537 0000 000000
1517556178.722805:  1359 000926 0706 000621 2377 001635 1884 001393 3345 002811 1238 001537 0000 000000
1517556178.784537:  1359 000016 0706 000107 2377 000250 1884 065526 3345 065496 1238 064736 0000 065518
1517556178.845286:  1359 000926 0706 000634 2377 001658 1884 001393 3345 002832 1238 001551 0000 000000
1517556178.845341:  1359 000926 0706 000634 2377 001658 1884 001393 3345 002832 1238 001551 0000 000000
1517556178.907053:  1359 001359 0733 000733 2422 002422 1896 001896 3384 003384 1214 001214 0000 000000
1517556178.967842:  1359 000926 0733 000647 2422 001681 1896 001394 3384 002853 1214 001561 0000 000000
1517556178.967897:  1359 000926 0733 000647 2422 001681 1896 001394 3384 002853 1214 001561 0000 000000
1517556179.029465:  1359 000016 0733 000107 2422 000240 1896 000000 3384 065496 1214 064736 0000 065518
1517556179.090143:  1359 000926 0733 000659 2422 001706 1896 001395 3384 002873 1214 001569 0000 000000
1517556179.090219:  1359 000926 0733 000659 2422 001706 1896 001395 3384 002873 1214 001569 0000 000000
1517556179.151820:  1359 001359 0761 000761 2466 002466 1907 001907 3424 003424 1191 001191 0000 000000
1517556179.212644:  1359 000926 0761 000671 2466 001729 1907 001394 3424 002889 1191 001576 0000 000000
1517556179.212763:  1359 000926 0761 000671 2466 001729 1907 001394 3424 002889 1191 001576 0000 000000
1517556179.274407:  1359 000016 0761 000107 2466 000240 1907 000020 3424 065496 1191 064736 0000 065518
1517556179.335212:  1359 000925 0761 000683 2466 001750 1907 001392 3424 002908 1191 001586 0000 000000
1517556179.335284:  1359 000925 0761 000683 2466 001750 1907 001392 3424 002908 1191 001586 0000 000000
1517556179.395766:  1359 001359 0791 000791 2508 002508 1918 001918 3464 003464 1168 001168 0000 000000
1517556179.456474:  1359 000926 0791 000699 2508 001775 1918 001397 3464 002930 1168 001598 0000 000000
1517556179.456537:  1359 000926 0791 000699 2508 001775 1918 001397 3464 002930 1168 001598 0000 000000
1517556179.518101:  1359 000016 0791 000119 2508 000240 1918 000030 3464 065496 1168 064736 0000 065518
1517556179.578924:  1359 000925 0791 000714 2508 001795 1918 001394 3464 002948 1168 001606 0000 000000
1517556179.579004:  1359 000925 0791 000714 2508 001795 1918 001394 3464 002948 1168 001606 0000 000000
1517556179.640582:  1359 001359 0823 000823 2548 002548 1928 001928 3504 003504 1146 001146 0000 000000
1517556179.701291:  1359 000925 0823 000729 2548 001818 1928 001395 3504 002967 1146 001615 0000 000000
1517556179.701369:  1359 000925 0823 000729 2548 001818 1928 001395 3504 002967 1146 001615 0000 000000
1517556179.763112:  1359 000016 0823 000119 2548 000240 1928 000030 3504 065496 1146 064736 0000 065518
1517556179.823900:  1359 000925 0823 000744 2548 001841 1928 001395 3504 002986 1146 001624 0000 000000
1517556179.823995:  1359 000925 0823 000744 2548 001841 1928 001395 3504 002986 1146 001624 0000 000000
1517556179.885540:  1359 001359 0856 000856 2588 002588 1937 001937 3545 003545 1124 001124 0000 000000
1517556179.946320:  1359 000925 0856 000760 2588 001860 1937 001396 3545 003006 1124 001635 0000 000000
1517556179.946414:  1359 000925 0856 000760 2588 001860 1937 001396 3545 003006 1124 001635 0000 000000
1517556180.008184:  1359 000016 0856 000119 2588 000230 1937 000040 3545 065496 1124 064736 0000 065518
1517556180.068995:  1359 000925 0856 000776 2588 001877 1937 001394 3545 003027 1124 001647 0000 000000
1517556180.069050:  1359 000925 0856 000776 2588 001877 1937 001394 3545 003027 1124 001647 0000 000000
1517556180.130624:  1359 001359 0890 000890 2625 002625 1945 001945 3585 003585 1102 001102 0000 000000
1517556180.191446:  1359 000925 0890 000792 2625 001899 1945 001395 3585 003046 1102 001655 0000 000000
1517556180.191513:  1359 000925 0890 000792 2625 001899 1945 001395 3585 003046 1102 001655 0000 000000
1517556180.253102:  1359 000016 0890 000131 2625 000230 1945 000050 3585 065486 1102 064736 0000 065518
1517556180.313888:  1359 000925 0890 000808 2625 001917 1945 001395 3585 003066 1102 001663 0000 000000
1517556180.313940:  1359 000925 0890 000808 2625 001917 1945 001395 3585 003066 1102 001663 0000 000000
1517556180.365450:  1359 001359 0927 000927 2661 002661 1953 001953 3625 003625 1081 001081 0000 000000
1517556180.426220:  1359 000925 0927 000823 2661 001932 1953 001393 3625 003084 1081 001672 0000 000000
1517556180.426275:  1359 000925 0927 000823 2661 001932 1953 001393 3625 003084 1081 001672 0000 000000
1517556180.487953:  1359 000016 0927 000131 2661 000230 1953 000060 3625 065486 1081 064736 0000 065518
1517556180.548751:  1359 000925 0927 000842 2661 001952 1953 001395 3625 003108 1081 001685 0000 000000
1517556180.548806:  1359 000925 0927 000842 2661 001952 1953 001395 3625 003108 1081 001685 0000 000000
1517556180.610333:  1359 001359 0965 000965 2695 002695 1960 001960 3665 003665 1060 001060 0000 000000
1517556180.671121:  1359 000925 0965 000862 2695 002041 1960 001396 3665 003126 1060 001693 0000 000000
1517556180.671223:  1359 000925 0965 000862 2695 002041 1960 001396 3665 003126 1060 001693 0000 000000
1517556180.732660:  1359 000016 0965 000131 2695 000220 1960 000060 3665 065496 1060 064736 0000 065518
1517556180.793345:  1359 000925 0965 000881 2695 001990 1960 001394 3665 003146 1060 001704 0000 000000
1517556180.793449:  1359 000925 0965 000881 2695 001990 1960 001394 3665 003146 1060 001704 0000 000000
1517556180.845283:  1359 001359 1004 001004 2727 002727 1967 001967 3704 003704 1040 001040 0000 000000
1517556180.906069:  1359 000925 1004 000898 2727 002008 1967 001394 3704 003165 1040 001713 0000 000000
1517556180.906148:  1359 000925 1004 000898 2727 002008 1967 001394 3704 003165 1040 001713 0000 000000
1517556180.967910:  1359 000016 1004 000131 2727 000220 1967 000070 3704 065496 1040 064736 0000 065518
1517556181.028646:  1359 000925 1004 000916 2727 002026 1967 001395 3704 003184 1040 001721 0000 000000
1517556181.028688:  1359 000925 1004 000916 2727 002026 1967 001395 3704 003184 1040 001721 0000 000000
1517556181.090140:  1359 001359 1046 001046 2758 002758 1973 001973 3743 003743 1020 001020 0000 000000
1517556181.150931:  1359 000924 1046 000936 2758 002042 1973 001395 3743 003205 1020 001733 0000 000000
1517556181.151025:  1359 000924 1046 000936 2758 002042 1973 001395 3743 003205 1020 001733 0000 000000
1517556181.212623:  1359 000016 1046 000143 2758 000220 1973 000080 3743 065496 1020 064736 0000 065518
1517556181.273405:  1359 000925 1046 000957 2758 002061 1973 001395 3743 003224 1020 001742 0000 000000
1517556181.273473:  1359 000925 1046 000957 2758 002061 1973 001395 3743 003224 1020 001742 0000 000000
1517556181.335062:  1359 001359 1089 001089 2787 002787 1978 001978 3781 003781 1000 001000 0000 000000
1517556181.395802:  1359 000924 1089 000977 2787 002077 1978 001394 3781 003243 1000 001751 0000 000000
1517556181.395856:  1359 000924 1089 000977 2787 002077 1978 001394 3781 003243 1000 001751 0000 000000
