1517294790.362932:  0000 001749 0000 000266 0000 003280 0000 002476 0000 003595 0000 001936 0000 000000
1517294790.963620:  0000 065460 0000 065535 0000 065403 0000 065446 0000 065376 0000 064815 0000 065518
1517294791.064408:  0000 001743 0000 000267 0000 003267 0000 002477 0000 003614 0000 001940 0000 000000
1517294791.064483:  0000 001743 0000 000267 0000 003267 0000 002477 0000 003614 0000 001940 0000 000000
1517294791.166205:  1753 001753 0277 000277 3257 003257 2474 002474 3591 003591 1935 001935 0000 000000
1517294791.267041:  1753 001731 0277 000268 3257 003201 2474 002475 3591 003672 1935 001956 0000 000000
1517294791.267113:  1753 001731 0277 000268 3257 003201 2474 002475 3591 003672 1935 001956 0000 000000
1517294791.362890:  1753 065484 0277 000011 3257 065463 2474 065446 3591 065476 1935 064795 0000 065518
1517294791.463682:  1753 001724 0277 000272 3257 003152 2474 002477 3591 003719 1935 001977 0000 000000
1517294791.463774:  1753 001724 0277 000272 3257 003152 2474 002477 3591 003719 1935 001977 0000 000000
1517294791.565401:  1760 001760 0300 000300 3211 003211 2470 002470 3583 003583 1933 001933 0000 000000
1517294791.666193:  1760 001722 0300 000277 3211 003109 2470 002479 3583 003752 1933 001995 0000 000000
1517294791.666268:  1760 001722 0300 000277 3211 003109 2470 002479 3583 003752 1933 001995 0000 000000
1517294791.767932:  1760 065508 0300 000035 3211 065493 2470 065446 3583 000020 1933 064745 0000 065518
1517294791.862848:  1760 001724 0300 000283 3211 003073 2470 002470 3583 003774 1933 002011 0000 000000
1517294791.862920:  1760 001724 0300 000283 3211 003073 2470 002470 3583 003774 1933 002011 0000 000000
1517294791.964529:  1767 001767 0323 000323 3163 003163 2467 002467 3574 003574 1930 001930 0000 000000
1517294792.065359:  1767 001727 0323 000290 3163 003043 2467 002459 3574 003781 1930 002021 0000 000000
1517294792.065438:  1767 001727 0323 000290 3163 003043 2467 002459 3574 003781 1930 002021 0000 000000
1517294792.167292:  1767 065508 0323 000047 3163 065503 2467 065456 3574 000050 1930 064736 0000 065518
1517294792.267907:  1767 001732 0323 000299 3163 003014 2467 002450 3574 003782 1930 002026 0000 000000
1517294792.267995:  1767 001732 0323 000299 3163 003014 2467 002450 3574 003782 1930 002026 0000 000000
1517294792.362869:  1774 001774 0347 000347 3113 003113 2464 002464 3563 003563 1928 001928 0000 000000
1517294792.463769:  1774 001736 0347 000306 3113 002989 2464 002439 3563 003782 1928 002032 0000 000000
1517294792.463841:  1774 001736 0347 000306 3113 002989 2464 002439 3563 003782 1928 002032 0000 000000
1517294792.565415:  1774 065496 0347 000047 3113 065513 2464 065466 3563 000060 1928 064736 0000 065518
1517294792.666191:  1774 001740 0347 000316 3113 002965 2464 002433 3563 003777 1928 002026 0000 000000
1517294792.666258:  1774 001740 0347 000316 3113 002965 2464 002433 3563 003777 1928 002026 0000 000000
1517294792.767864:  1780 001780 0370 000370 3062 003062 2461 002461 3551 003551 1926 001926 0000 000000
1517294792.862896:  1780 001742 0370 000325 3062 002940 2461 002427 3551 003771 1926 002024 0000 000000
1517294792.862957:  1780 001742 0370 000325 3062 002940 2461 002427 3551 003771 1926 002024 0000 000000
1517294792.964772:  1780 065508 0370 000059 3062 065503 2461 065476 3551 000060 1926 064736 0000 065518
1517294793.065584:  1780 001745 0370 000336 3062 002913 2461 002420 3551 003765 1926 002021 0000 000000
1517294793.065638:  1780 001745 0370 000336 3062 002913 2461 002420 3551 003765 1926 002021 0000 000000
1517294793.167353:  1786 001786 0394 000394 3010 003010 2458 002458 3538 003538 1923 001923 0000 000000
1517294793.268201:  1786 001748 0394 000346 3010 002888 2458 002415 3538 003757 1923 002016 0000 000000
1517294793.268277:  1786 001748 0394 000346 3010 002888 2458 002415 3538 003757 1923 002016 0000 000000
1517294793.362889:  1786 065496 0394 000059 3010 065503 2458 065486 3538 000060 1923 064736 0000 065518
1517294793.463904:  1786 001752 0394 000357 3010 002861 2458 002412 3538 003753 1923 002019 0000 000000
1517294793.464012:  1786 001752 0394 000357 3010 002861 2458 002412 3538 003753 1923 002019 0000 000000
1517294793.565860:  1791 001791 0417 000417 2956 002956 2455 002455 3524 003524 1921 001921 0000 000000
1517294793.666645:  1791 001755 0417 000368 2956 002834 2455 002409 3524 003746 1921 002011 0000 000000
1517294793.666703:  1791 001755 0417 000368 2956 002834 2455 002409 3524 003746 1921 002011 0000 000000
1517294793.768449:  1791 065496 0417 000059 2956 065503 2455 065486 3524 000060 1921 064736 0000 065518
1517294793.862836:  1791 001759 0417 000379 2956 002807 2455 002406 3524 003740 1921 002008 0000 000000
1517294793.862890:  1791 001759 0417 000379 2956 002807 2455 002406 3524 003740 1921 002008 0000 000000
1517294793.964420:  1797 001797 0441 000441 2901 002901 2452 002452 3508 003508 1918 001918 0000 000000
1517294794.065249:  1797 001761 0441 000389 2901 002780 2452 002404 3508 003733 1918 002006 0000 000000
1517294794.065311:  1797 001761 0441 000389 2901 002780 2452 002404 3508 003733 1918 002006 0000 000000
1517294794.166838:  1797 065496 0441 000059 2901 065503 2452 065486 3508 000060 1918 064736 0000 065518
1517294794.267661:  1797 001765 0441 000401 2901 002753 2452 002402 3508 003722 1918 002001 0000 000000
1517294794.267754:  1797 001765 0441 000401 2901 002753 2452 002402 3508 003722 1918 002001 0000 000000
1517294794.362853:  1801 001801 0466 000466 2844 002844 2449 002449 3491 003491 1915 001915 0000 000000
1517294794.463661:  1801 001751 0466 000412 2844 002725 2449 002400 3491 003714 1915 001999 0000 000000
1517294794.463739:  1801 001751 0466 000412 2844 002725 2449 002400 3491 003714 1915 001999 0000 000000
1517294794.565362:  1801 065496 0466 000071 2844 065503 2449 065496 3491 000060 1915 064736 0000 065518
1517294794.666175:  1801 001773 0466 000425 2844 002695 2449 002397 3491 003705 1915 001993 0000 000000
1517294794.666244:  1801 001773 0466 000425 2844 002695 2449 002397 3491 003705 1915 001993 0000 000000
1517294794.767886:  1806 001806 0490 000490 2786 002786 2446 002446 3473 003473 1913 001913 0000 000000
1517294794.862873:  1806 001777 0490 000439 2786 002667 2446 002394 3473 003696 1913 001988 0000 000000
1517294794.862943:  1806 001777 0490 000439 2786 002667 2446 002394 3473 003696 1913 001988 0000 000000
1517294794.964607:  1806 065496 0490 000059 2786 065503 2446 065496 3473 000060 1913 064745 0000 065518
1517294795.065278:  1806 001778 0490 000452 2786 002638 2446 002391 3473 003670 1913 001986 0000 000000
1517294795.065349:  1806 001778 0490 000452 2786 002638 2446 002391 3473 003670 1913 001986 0000 000000
1517294795.167105:  1810 001810 0515 000515 2727 002727 2444 002444 3455 003455 1910 001910 0000 000000
1517294795.268049:  1810 001779 0515 000466 2727 002611 2444 002392 3455 003680 1910 001981 0000 000000
1517294795.268137:  1810 001779 0515 000466 2727 002611 2444 002392 3455 003680 1910 001981 0000 000000
1517294795.362924:  1810 065496 0515 000059 2727 065503 2444 065476 3455 000070 1910 064745 0000 065518
1517294795.463790:  1810 001779 0515 000477 2727 002581 2444 002389 3455 003669 1910 001977 0000 000000
1517294795.463871:  1810 001779 0515 000477 2727 002581 2444 002389 3455 003669 1910 001977 0000 000000
1517294795.565434:  1814 001814 0540 000540 2667 002667 2441 002441 3435 003435 1906 001906 0000 000000
1517294795.666250:  1814 001781 0540 000489 2667 002553 2441 002389 3435 003659 1906 001973 0000 000000
1517294795.666330:  1814 001781 0540 000489 2667 002553 2441 002389 3435 003659 1906 001973 0000 000000
1517294795.767950:  1814 065496 0540 000059 2667 065503 2441 065496 3435 000070 1906 064755 0000 065518
1517294795.862873:  1814 001781 0540 000501 2667 002522 2441 002381 3435 003647 1906 001967 0000 000000
1517294795.862927:  1814 001781 0540 000501 2667 002522 2441 002381 3435 003647 1906 001967 0000 000000
1517294795.964445:  1818 001818 0565 000565 2605 002605 2438 002438 3414 003414 1903 001903 0000 000000
1517294796.065194:  1818 001782 0565 000512 2605 002493 2438 002380 3414 003639 1903 001963 0000 000000
1517294796.065274:  1818 001782 0565 000512 2605 002493 2438 002380 3414 003639 1903 001963 0000 000000
1517294796.166788:  1818 065496 0565 000059 2605 065493 2438 065496 3414 000070 1903 064755 0000 065518
1517294796.267577:  1818 001784 0565 000526 2605 002461 2438 002385 3414 003628 1903 001959 0000 000000
1517294796.267644:  1818 001784 0565 000526 2605 002461 2438 002385 3414 003628 1903 001959 0000 000000
1517294796.362849:  1822 001822 0591 000591 2542 002542 2435 002435 3392 003392 1900 001900 0000 000000
1517294796.463732:  1822 001784 0591 000537 2542 002432 2435 002382 3392 003613 1900 001947 0000 000000
1517294796.463829:  1822 001784 0591 000537 2542 002432 2435 002382 3392 003613 1900 001947 0000 000000
1517294796.565609:  1822 065496 0591 000059 2542 065493 2435 065496 3392 000070 1900 064765 0000 065518
1517294796.666441:  1822 001786 0591 000553 2542 002400 2435 002381 3392 003606 1900 001946 0000 000000
1517294796.666531:  1822 001786 0591 000553 2542 002400 2435 002381 3392 003606 1900 001946 0000 000000
1517294796.768169:  1825 001825 0617 000617 2479 002479 2432 002432 3369 003369 1896 001896 0000 000000
1517294796.862865:  1825 001788 0617 000567 2479 002368 2432 002381 3369 003595 1896 001946 0000 000000
1517294796.862960:  1825 001788 0617 000567 2479 002368 2432 002381 3369 003595 1896 001946 0000 000000
1517294796.964725:  1825 065496 0617 000059 2479 065493 2432 065496 3369 000070 1896 064775 0000 065518
1517294797.065490:  1825 001789 0617 000580 2479 002336 2432 002376 3369 003581 1896 001934 0000 000000
1517294797.065579:  1825 001789 0617 000580 2479 002336 2432 002376 3369 003581 1896 001934 0000 000000
1517294797.167382:  1828 001828 0643 000643 2414 002414 2429 002429 3346 003346 1892 001892 0000 000000
1517294797.268232:  1828 001792 0643 000594 2414 002304 2429 002376 3346 003572 1892 001935 0000 000000
1517294797.268310:  1828 001792 0643 000594 2414 002304 2429 002376 3346 003572 1892 001935 0000 000000
1517294797.362852:  1828 065496 0643 000059 2414 065493 2429 065496 3346 000070 1892 064775 0000 065518
1517294797.463614:  1828 001793 0643 000606 2414 002274 2429 002375 3346 003561 1892 001925 0000 000000
1517294797.463709:  1828 001793 0643 000606 2414 002274 2429 002375 3346 003561 1892 001925 0000 000000
1517294797.565371:  1832 001832 0669 000669 2348 002348 2426 002426 3321 003321 1889 001889 0000 000000
1517294797.666037:  1832 001794 0669 000618 2348 002240 2426 002371 3321 003548 1889 001919 0000 000000
1517294797.666092:  1832 001794 0669 000618 2348 002240 2426 002371 3321 003548 1889 001919 0000 000000
1517294797.767672:  1832 065496 0669 000059 2348 065483 2426 065496 3321 000070 1889 064785 0000 065518
1517294797.862905:  1832 001796 0669 000631 2348 002209 2426 002373 3321 003537 1889 001920 0000 000000
1517294797.863001:  1832 001796 0669 000631 2348 002209 2426 002373 3321 003537 1889 001920 0000 000000
1517294797.964534:  1835 001835 0696 000696 2281 002281 2423 002423 3295 003295 1885 001885 0000 000000
1517294798.065351:  1835 001798 0696 000643 2281 002176 2423 002370 3295 003525 1885 001908 0000 000000
1517294798.065425:  1835 001798 0696 000643 2281 002176 2423 002370 3295 003525 1885 001908 0000 000000
1517294798.167083:  1835 065496 0696 000059 2281 065483 2423 065496 3295 000070 1885 064795 0000 065518
1517294798.267789:  1835 001801 0696 000658 2281 002142 2423 002370 3295 003514 1885 001910 0000 000000
1517294798.267866:  1835 001801 0696 000658 2281 002142 2423 002370 3295 003514 1885 001910 0000 000000
1517294798.362900:  1837 001837 0724 000724 2213 002213 2420 002420 3269 003269 1881 001881 0000 000000
1517294798.463671:  1837 001803 0724 000672 2213 002108 2420 002367 3269 003497 1881 001897 0000 000000
1517294798.463723:  1837 001803 0724 000672 2213 002108 2420 002367 3269 003497 1881 001897 0000 000000
1517294798.565531:  1837 065496 0724 000059 2213 065483 2420 065496 3269 000070 1881 064805 0000 065518
1517294798.666371:  1837 001806 0724 000686 2213 002075 2420 002365 3269 003484 1881 001891 0000 000000
1517294798.666460:  1837 001806 0724 000686 2213 002075 2420 002365 3269 003484 1881 001891 0000 000000
1517294798.768005:  1840 001840 0751 000751 2144 002144 2417 002417 3241 003241 1876 001876 0000 000000
1517294798.862903:  1840 001807 0751 000700 2144 002040 2417 002364 3241 003471 1876 001890 0000 000000
1517294798.863028:  1840 001807 0751 000700 2144 002040 2417 002364 3241 003471 1876 001890 0000 000000
1517294798.964618:  1840 065496 0751 000059 2144 065483 2417 065496 3241 000070 1876 064815 0000 065518
1517294799.065310:  1840 001808 0751 000714 2144 002006 2417 002363 3241 003459 1876 001879 0000 000000
1517294799.065359:  1840 001808 0751 000714 2144 002006 2417 002363 3241 003459 1876 001879 0000 000000
1517294799.166938:  1843 001843 0780 000780 2074 002074 2413 002413 3212 003212 1872 001872 0000 000000
1517294799.267706:  1843 001809 0780 000729 2074 001971 2413 002361 3212 003446 1872 001876 0000 000000
1517294799.267788:  1843 001809 0780 000729 2074 001971 2413 002361 3212 003446 1872 001876 0000 000000
1517294799.362871:  1843 065496 0780 000059 2074 065483 2413 065496 3212 000070 1872 064815 0000 065518
1517294799.463681:  1843 001808 0780 000742 2074 001939 2413 002360 3212 003428 1872 001861 0000 000000
1517294799.463752:  1843 001808 0780 000742 2074 001939 2413 002360 3212 003428 1872 001861 0000 000000
1517294799.565307:  1845 001845 0808 000808 2004 002004 2410 002410 3183 003183 1867 001867 0000 000000
1517294799.666065:  1845 001807 0808 000758 2004 001903 2410 002359 3183 003410 1867 001859 0000 000000
1517294799.666143:  1845 001807 0808 000758 2004 001903 2410 002359 3183 003410 1867 001859 0000 000000
1517294799.767881:  1845 065496 0808 000059 2004 065483 2410 065496 3183 000070 1867 064825 0000 065518
1517294799.862836:  1845 001807 0808 000772 2004 001866 2410 002356 3183 003397 1867 001853 0000 000000
1517294799.862903:  1845 001807 0808 000772 2004 001866 2410 002356 3183 003397 1867 001853 0000 000000
1517294799.964456:  1847 001847 0838 000838 1932 001932 2406 002406 3152 003152 1862 001862 0000 000000
1517294800.065230:  1847 001809 0838 000786 1932 001832 2406 002355 3152 003383 1862 001846 0000 000000
1517294800.065284:  1847 001809 0838 000786 1932 001832 2406 002355 3152 003383 1862 001846 0000 000000
1517294800.167120:  1847 065496 0838 000059 1932 065483 2406 065496 3152 000070 1862 064825 0000 065518
1517294800.267968:  1847 001811 0838 000800 1932 001796 2406 002353 3152 003367 1862 001838 0000 000000
1517294800.268087:  1847 001811 0838 000800 1932 001796 2406 002353 3152 003367 1862 001838 0000 000000
1517294800.362847:  1850 001850 0867 000867 1860 001860 2402 002402 3121 003121 1857 001857 0000 000000
1517294800.463596:  1850 001815 0867 000814 1860 001761 2402 002352 3121 003352 1857 001825 0000 000000
1517294800.463708:  1850 001815 0867 000814 1860 001761 2402 002352 3121 003352 1857 001825 0000 000000
1517294800.565237:  1850 065496 0867 000071 1860 065483 2402 065496 3121 000080 1857 064835 0000 065518
1517294800.666046:  1850 001813 0867 000829 1860 001724 2402 002350 3121 003339 1857 001825 0000 000000
1517294800.666117:  1850 001813 0867 000829 1860 001724 2402 002350 3121 003339 1857 001825 0000 000000
1517294800.767804:  1852 001852 0898 000898 1787 001787 2398 002398 3088 003088 1852 001852 0000 000000
1517294800.862863:  1852 001813 0898 000844 1787 001687 2398 002348 3088 003320 1852 001817 0000 000000
1517294800.862921:  1852 001813 0898 000844 1787 001687 2398 002348 3088 003320 1852 001817 0000 000000
