1517293551.425454:  0000 001740 0000 002291 0000 001225 0000 002132 0000 001740 0000 001023 0000 000000
1517293552.026187:  0000 065460 0000 065535 0000 065403 0000 065446 0000 065376 0000 064815 0000 065518
1517293552.127025:  0000 001737 0000 002286 0000 001210 0000 002138 0000 001761 0000 001033 0000 000000
1517293552.127117:  0000 001737 0000 002286 0000 001210 0000 002138 0000 001761 0000 001033 0000 000000
1517293552.228814:  1756 001756 2289 002289 1229 001229 2123 002123 1745 001745 1021 001021 0000 000000
1517293552.329605:  1756 001721 2289 002290 1229 001152 2123 002137 1745 001824 1021 001050 0000 000000
1517293552.329679:  1756 001721 2289 002290 1229 001152 2123 002137 1745 001824 1021 001050 0000 000000
1517293552.425435:  1756 065508 2289 065535 1229 065503 2123 065426 1745 065476 1021 064775 0000 065518
1517293552.526239:  1756 001719 2289 002296 1229 001114 2123 002135 1745 001874 1021 001074 0000 000000
1517293552.526313:  1756 001719 2289 002296 1229 001114 2123 002135 1745 001874 1021 001074 0000 000000
1517293552.627979:  1789 001789 2287 002287 1236 001236 2107 002107 1756 001756 1017 001017 0000 000000
1517293552.728756:  1789 001729 2287 002300 1236 001089 2107 002119 1756 001917 1017 001098 0000 000000
1517293552.728831:  1789 001729 2287 002300 1236 001089 2107 002119 1756 001917 1017 001098 0000 000000
1517293552.830580:  1789 065532 2287 065523 1236 000017 2107 065436 1756 000010 1017 064736 0000 065518
1517293552.925443:  1789 001742 2287 002304 1236 001074 2107 002100 1756 001947 1017 001114 0000 000000
1517293552.925535:  1789 001742 2287 002304 1236 001074 2107 002100 1756 001947 1017 001114 0000 000000
1517293553.027340:  1823 001823 2286 002286 1243 001243 2090 002090 1766 001766 1012 001012 0000 000000
1517293553.128210:  1823 001760 2286 002308 1243 001066 2090 002087 1766 001964 1012 001133 0000 000000
1517293553.128280:  1823 001760 2286 002308 1243 001066 2090 002087 1766 001964 1012 001133 0000 000000
1517293553.230054:  1823 065532 2286 065511 1243 000047 2090 065446 1766 000030 1012 064736 0000 065518
1517293553.330827:  1823 001783 2286 002309 1243 001061 2090 002071 1766 001973 1012 001134 0000 000000
1517293553.330946:  1823 001783 2286 002309 1243 001061 2090 002071 1766 001973 1012 001134 0000 000000
1517293553.425436:  1857 001857 2284 002284 1247 001247 2072 002072 1775 001775 1007 001007 0000 000000
1517293553.526216:  1857 001803 2284 002311 1247 001058 2072 002059 1775 001979 1007 001144 0000 000000
1517293553.526315:  1857 001803 2284 002311 1247 001058 2072 002059 1775 001979 1007 001144 0000 000000
1517293553.627786:  1857 065532 2284 065511 1247 000057 2072 065456 1775 000040 1007 064736 0000 065518
1517293553.728592:  1857 001818 2284 002314 1247 001054 2072 002045 1775 001989 1007 001149 0000 000000
1517293553.728661:  1857 001818 2284 002314 1247 001054 2072 002045 1775 001989 1007 001149 0000 000000
1517293553.830325:  1891 001891 2283 002283 1251 001251 2054 002054 1783 001783 1002 001002 0000 000000
1517293553.925455:  1891 001835 2283 002316 1251 001051 2054 002029 1783 001993 1002 001147 0000 000000
1517293553.925521:  1891 001835 2283 002316 1251 001051 2054 002029 1783 001993 1002 001147 0000 000000
1517293554.027145:  1891 065532 2283 065499 1251 000067 2054 065466 1783 000040 1002 064736 0000 065518
1517293554.127959:  1891 001852 2283 002317 1251 001049 2054 002020 1783 001995 1002 001154 0000 000000
1517293554.128036:  1891 001852 2283 002317 1251 001049 2054 002020 1783 001995 1002 001154 0000 000000
1517293554.229697:  1925 001925 2283 002283 1253 001253 2035 002035 1791 001791 0996 000996 0000 000000
1517293554.330620:  1925 001868 2283 002319 1253 001047 2035 002008 1791 001998 0996 001150 0000 000000
1517293554.330704:  1925 001868 2283 002319 1253 001047 2035 002008 1791 001998 0996 001150 0000 000000
1517293554.425463:  1925 065532 2283 065499 1253 000067 2035 065466 1791 000040 0996 064736 0000 065518
1517293554.526219:  1925 001885 2283 002320 1253 001045 2035 001998 1791 002001 0996 001157 0000 000000
1517293554.526295:  1925 001885 2283 002320 1253 001045 2035 001998 1791 002001 0996 001157 0000 000000
1517293554.627985:  1959 001959 2282 002282 1254 001254 2016 002016 1798 001798 0990 000990 0000 000000
1517293554.728818:  1959 001901 2282 002322 1254 001043 2016 001986 1798 002006 0990 001159 0000 000000
1517293554.728894:  1959 001901 2282 002322 1254 001043 2016 001986 1798 002006 0990 001159 0000 000000
1517293554.830497:  1959 065532 2282 065499 1254 000077 2016 065466 1798 000040 0990 064736 0000 065518
1517293554.925445:  1959 001919 2282 002322 1254 001042 2016 001974 1798 002010 0990 001155 0000 000000
1517293554.925510:  1959 001919 2282 002322 1254 001042 2016 001974 1798 002010 0990 001155 0000 000000
1517293555.027464:  1993 001993 2283 002283 1253 001253 1996 001996 1805 001805 0982 000982 0000 000000
1517293555.128241:  1993 001934 2283 002323 1253 001041 1996 001965 1805 002013 0982 001163 0000 000000
1517293555.128329:  1993 001934 2283 002323 1253 001041 1996 001965 1805 002013 0982 001163 0000 000000
1517293555.229887:  1993 065532 2283 065487 1253 000077 1996 065466 1805 000040 0982 064736 0000 065518
1517293555.330592:  1993 001951 2283 002325 1253 001040 1996 001956 1805 002018 0982 001158 0000 000000
1517293555.330670:  1993 001951 2283 002325 1253 001040 1996 001956 1805 002018 0982 001158 0000 000000
1517293555.425417:  2027 002027 2283 002283 1251 001251 1975 001975 1811 001811 0975 000975 0000 000000
1517293555.526038:  2027 001966 2283 002325 1251 001039 1975 001947 1811 002020 0975 001165 0000 000000
1517293555.526106:  2027 001966 2283 002325 1251 001039 1975 001947 1811 002020 0975 001165 0000 000000
1517293555.627847:  2027 065532 2283 065487 1251 000077 1975 065466 1811 000040 0975 064736 0000 065518
1517293555.728495:  2027 001983 2283 002326 1251 001038 1975 001934 1811 002023 0975 001166 0000 000000
1517293555.728554:  2027 001983 2283 002326 1251 001038 1975 001934 1811 002023 0975 001166 0000 000000
1517293555.830252:  2061 002061 2284 002284 1247 001247 1954 001954 1816 001816 0966 000966 0000 000000
1517293555.925417:  2061 002002 2284 002327 1247 001037 1954 001924 1816 002026 0966 001163 0000 000000
1517293555.925513:  2061 002002 2284 002327 1247 001037 1954 001924 1816 002026 0966 001163 0000 000000
1517293556.027438:  2061 065532 2284 065487 1247 000067 1954 065466 1816 000040 0966 064736 0000 065518
1517293556.128255:  2061 002020 2284 002327 1247 001036 1954 001915 1816 002028 0966 001169 0000 000000
1517293556.128334:  2061 002020 2284 002327 1247 001036 1954 001915 1816 002028 0966 001169 0000 000000
1517293556.230035:  2096 002096 2286 002286 1242 001242 1931 001931 1822 001822 0957 000957 0000 000000
1517293556.330767:  2096 002037 2286 002328 1242 001034 1931 001905 1822 002031 0957 001169 0000 000000
1517293556.330849:  2096 002037 2286 002328 1242 001034 1931 001905 1822 002031 0957 001169 0000 000000
1517293556.425453:  2096 065532 2286 065487 1242 000067 1931 065466 1822 000040 0957 064736 0000 065518
1517293556.526139:  2096 002054 2286 002329 1242 001033 1931 001895 1822 002034 0957 001174 0000 000000
1517293556.526221:  2096 002054 2286 002329 1242 001033 1931 001895 1822 002034 0957 001174 0000 000000
1517293556.627796:  2130 002130 2287 002287 1236 001236 1909 001909 1826 001826 0948 000948 0000 000000
1517293556.728477:  2130 002071 2287 002330 1236 001031 1909 001884 1826 002036 0948 001171 0000 000000
1517293556.728608:  2130 002071 2287 002330 1236 001031 1909 001884 1826 002036 0948 001171 0000 000000
1517293556.829934:  2130 065532 2287 065487 1236 000067 1909 065456 1826 000040 0948 064736 0000 065518
1517293556.925493:  2130 002088 2287 002331 1236 001030 1909 001873 1826 002038 0948 001172 0000 000000
1517293556.925552:  2130 002088 2287 002331 1236 001030 1909 001873 1826 002038 0948 001172 0000 000000
1517293557.027239:  2164 002164 2289 002289 1229 001229 1885 001885 1831 001831 0937 000937 0000 000000
1517293557.128062:  2164 002105 2289 002331 1229 001028 1885 001862 1831 002041 0937 001172 0000 000000
1517293557.128143:  2164 002105 2289 002331 1229 001028 1885 001862 1831 002041 0937 001172 0000 000000
1517293557.229708:  2164 065532 2289 065487 1229 000057 1885 065456 1831 000040 0937 064736 0000 065518
1517293557.330445:  2164 002122 2289 002332 1229 001026 1885 001851 1831 002042 0937 001172 0000 000000
1517293557.330507:  2164 002122 2289 002332 1229 001026 1885 001851 1831 002042 0937 001172 0000 000000
1517293557.425457:  2198 002198 2292 002292 1220 001220 1861 001861 1835 001835 0926 000926 0000 000000
1517293557.526404:  2198 002140 2292 002333 1220 001023 1861 001840 1835 002043 0926 001180 0000 000000
1517293557.526476:  2198 002140 2292 002333 1220 001023 1861 001840 1835 002043 0926 001180 0000 000000
1517293557.628074:  2198 065532 2292 065487 1220 000057 1861 065456 1835 000040 0926 064736 0000 065518
1517293557.728797:  2198 002157 2292 002335 1220 001022 1861 001829 1835 002045 0926 001174 0000 000000
1517293557.728869:  2198 002157 2292 002335 1220 001022 1861 001829 1835 002045 0926 001174 0000 000000
1517293557.830625:  2232 002232 2295 002295 1209 001209 1836 001836 1839 001839 0914 000914 0000 000000
1517293557.925443:  2232 002173 2295 002335 1209 001018 1836 001816 1839 002046 0914 001174 0000 000000
1517293557.925518:  2232 002173 2295 002335 1209 001018 1836 001816 1839 002046 0914 001174 0000 000000
1517293558.027178:  2232 065532 2295 065487 1209 000047 1836 065456 1839 000040 0914 064736 0000 065518
1517293558.128009:  2232 002191 2295 002336 1209 001015 1836 001807 1839 002049 0914 001175 0000 000000
1517293558.128100:  2232 002191 2295 002336 1209 001015 1836 001807 1839 002049 0914 001175 0000 000000
1517293558.229765:  2266 002266 2298 002298 1198 001198 1810 001810 1843 001843 0901 000901 0000 000000
1517293558.330625:  2266 002208 2298 002338 1198 001011 1810 001793 1843 002053 0901 001177 0000 000000
1517293558.330701:  2266 002208 2298 002338 1198 001011 1810 001793 1843 002053 0901 001177 0000 000000
1517293558.425415:  2266 065532 2298 065499 1198 000047 1810 065456 1843 000040 0901 064736 0000 065518
1517293558.526241:  2266 002224 2298 002339 1198 001008 1810 001780 1843 002054 0901 001183 0000 000000
1517293558.526298:  2266 002224 2298 002339 1198 001008 1810 001780 1843 002054 0901 001183 0000 000000
1517293558.628019:  2300 002300 2302 002302 1185 001185 1783 001783 1847 001847 0888 000888 0000 000000
1517293558.728799:  2300 002242 2302 002341 1185 001003 1783 001767 1847 002057 0888 001179 0000 000000
1517293558.728865:  2300 002242 2302 002341 1185 001003 1783 001767 1847 002057 0888 001179 0000 000000
1517293558.830604:  2300 065532 2302 065499 1185 000037 1783 065446 1847 000050 0888 064736 0000 065518
1517293558.925443:  2300 002261 2302 002342 1185 000998 1783 001756 1847 002058 0888 001179 0000 000000
1517293558.925498:  2300 002261 2302 002342 1185 000998 1783 001756 1847 002058 0888 001179 0000 000000
1517293559.027085:  2334 002334 2306 002306 1170 001170 1755 001755 1851 001851 0873 000873 0000 000000
1517293559.127875:  2334 002280 2306 002343 1170 000993 1755 001742 1851 002057 0873 001182 0000 000000
1517293559.127945:  2334 002280 2306 002343 1170 000993 1755 001742 1851 002057 0873 001182 0000 000000
1517293559.229588:  2334 065520 2306 065499 1170 000037 1755 065446 1851 000040 0873 064736 0000 065518
1517293559.330394:  2334 002301 2306 002344 1170 000987 1755 001729 1851 002062 0873 001181 0000 000000
1517293559.330469:  2334 002301 2306 002344 1170 000987 1755 001729 1851 002062 0873 001181 0000 000000
1517293559.425456:  2367 002367 2310 002310 1155 001155 1727 001727 1856 001856 0858 000858 0000 000000
1517293559.526312:  2367 002316 2310 002346 1155 000982 1727 001718 1856 002064 0858 001187 0000 000000
1517293559.526380:  2367 002316 2310 002346 1155 000982 1727 001718 1856 002064 0858 001187 0000 000000
1517293559.628083:  2367 065532 2310 065499 1155 000027 1727 065446 1856 000040 0858 064736 0000 065518
1517293559.728975:  2367 002330 2310 002347 1155 000976 1727 001707 1856 002066 0858 001182 0000 000000
1517293559.729046:  2367 002330 2310 002347 1155 000976 1727 001707 1856 002066 0858 001182 0000 000000
1517293559.830958:  2400 002400 2315 002315 1138 001138 1698 001698 1860 001860 0842 000842 0000 000000
1517293559.925447:  2400 002343 2315 002347 1138 000969 1698 001693 1860 002069 0842 001184 0000 000000
1517293559.925505:  2400 002343 2315 002347 1138 000969 1698 001693 1860 002069 0842 001184 0000 000000
1517293560.027089:  2400 065532 2315 065499 1138 000027 1698 065446 1860 000040 0842 064736 0000 065518
1517293560.127822:  2400 002357 2315 002348 1138 000963 1698 001680 1860 002072 0842 001189 0000 000000
1517293560.127888:  2400 002357 2315 002348 1138 000963 1698 001680 1860 002072 0842 001189 0000 000000
1517293560.229588:  2433 002433 2321 002321 1120 001120 1669 001669 1865 001865 0825 000825 0000 000000
1517293560.330325:  2433 002372 2321 002350 1120 000955 1669 001667 1865 002074 0825 001186 0000 000000
1517293560.330420:  2433 002372 2321 002350 1120 000955 1669 001667 1865 002074 0825 001186 0000 000000
1517293560.425448:  2433 065532 2321 065511 1120 000017 1669 065446 1865 000040 0825 064736 0000 065518
1517293560.526198:  2433 002389 2321 002352 1120 000947 1669 001654 1865 002075 0825 001189 0000 000000
1517293560.526255:  2433 002389 2321 002352 1120 000947 1669 001654 1865 002075 0825 001189 0000 000000
1517293560.627779:  2466 002466 2327 002327 1100 001100 1638 001638 1870 001870 0808 000808 0000 000000
1517293560.728543:  2466 002411 2327 002354 1100 000940 1638 001642 1870 002078 0808 001192 0000 000000
1517293560.728618:  2466 002411 2327 002354 1100 000940 1638 001642 1870 002078 0808 001192 0000 000000
1517293560.830250:  2466 065532 2327 065511 1100 000017 1638 065436 1870 000040 0808 064736 0000 065518
1517293560.925462:  2466 002426 2327 002356 1100 000930 1638 001627 1870 002077 0808 001188 0000 000000
1517293560.925557:  2466 002426 2327 002356 1100 000930 1638 001627 1870 002077 0808 001188 0000 000000
1517293561.027259:  2499 002499 2333 002333 1079 001079 1607 001607 1876 001876 0790 000790 0000 000000
1517293561.128075:  2499 002441 2333 002357 1079 000922 1607 001613 1876 002077 0790 001189 0000 000000
1517293561.128143:  2499 002441 2333 002357 1079 000922 1607 001613 1876 002077 0790 001189 0000 000000
1517293561.230042:  2499 065532 2333 065511 1079 000017 1607 065436 1876 000040 0790 064736 0000 065518
1517293561.330927:  2499 002457 2333 002359 1079 000912 1607 001599 1876 002083 0790 001190 0000 000000
1517293561.331019:  2499 002457 2333 002359 1079 000912 1607 001599 1876 002083 0790 001190 0000 000000
1517293561.425448:  2531 002531 2340 002340 1057 001057 1576 001576 1883 001883 0771 000771 0000 000000
1517293561.526347:  2531 002472 2340 002361 1057 000902 1576 001584 1883 002087 0771 001193 0000 000000
1517293561.526409:  2531 002472 2340 002361 1057 000902 1576 001584 1883 002087 0771 001193 0000 000000
1517293561.628094:  2531 065532 2340 065523 1057 000017 1576 065436 1883 000040 0771 064736 0000 065518
1517293561.728941:  2531 002488 2340 002295 1057 000891 1576 001569 1883 002090 0771 001194 0000 000000
1517293561.729017:  2531 002488 2340 002295 1057 000891 1576 001569 1883 002090 0771 001194 0000 000000
1517293561.830587:  2563 002563 2348 002348 1034 001034 1544 001544 1890 001890 0751 000751 0000 000000
1517293561.925449:  2563 002503 2348 002368 1034 000880 1544 001556 1890 002096 0751 001196 0000 000000
1517293561.925514:  2563 002503 2348 002368 1034 000880 1544 001556 1890 002096 0751 001196 0000 000000
