1517291270.206404:  0000 00001748 0000 00000179 0000 00003482 0000 00002512 0000 00003375 0000 00001827 0000 00000000
1517291270.907831:  0000 00001695 0000 00000169 0000 00003461 0000 00002513 0000 00003340 0000 00001832 0000 00000000
1517291271.110286:  1750 00001549 0201 00000168 3500 00003355 2513 00002471 3431 00003233 1831 00001804 0000 00000000
1517291271.307134:  1750 00001450 0201 00000170 3500 00003262 2513 00002423 3431 00003148 1831 00001762 0000 00000000
1517291271.509614:  1756 00001389 0250 00000173 3536 00003179 2514 00002367 3542 00003096 1839 00001729 0000 00000000
1517291271.706402:  1756 00001356 0250 00000183 3536 00003118 2514 00002317 3542 00003093 1839 00001710 0000 00000000
1517291271.908836:  1762 00001343 0302 00000193 3569 00003080 2515 00002269 3649 00003120 1848 00001704 0000 00000000
1517291272.111308:  1762 00001337 0302 00000213 3569 00003058 2515 00002223 3649 00003158 1848 00001720 0000 00000000
1517291272.307051:  1767 00001337 0359 00000234 3599 00003047 2516 00002178 3749 00003192 1856 00001727 0000 00000000
1517291272.509434:  1767 00001340 0359 00000259 3599 00003042 2516 00002140 3749 00003232 1856 00001746 0000 00000000
1517291272.706399:  1772 00001343 0420 00000287 3626 00003038 2516 00002109 3843 00003275 1864 00001770 0000 00000000
1517291272.908802:  1772 00001346 0420 00000315 3626 00003036 2516 00002081 3843 00003315 1864 00001785 0000 00000000
1517291273.111236:  1776 00001348 0485 00000346 3650 00003034 2515 00002059 3930 00003355 1872 00001808 0000 00000000
1517291273.307140:  1776 00001350 0485 00000377 3650 00003034 2515 00002037 3930 00003396 1872 00001824 0000 00000000
1517291273.509611:  1781 00001351 0554 00000409 3671 00003035 2515 00002023 4009 00003437 1880 00001845 0000 00000000
1517291273.706349:  1781 00001353 0554 00000443 3671 00003037 2515 00002010 4009 00003476 1880 00001868 0000 00000000
1517291273.908739:  1785 00001355 0625 00000477 3688 00003040 2513 00002001 4079 00003515 1887 00001883 0000 00000000
1517291274.111079:  1785 00001358 0625 00000512 3688 00003046 2513 00001992 4079 00003549 1887 00001905 0000 00000000
1517291274.307183:  1789 00001360 0699 00000547 3702 00003051 2511 00001986 4079 00003574 1895 00001917 0000 00000000
1517291274.509574:  1789 00001363 0699 00000584 3702 00003055 2511 00001980 4079 00003590 1895 00001929 0000 00000000
1517291274.706351:  1793 00001366 0775 00000621 3713 00003060 2509 00001976 4079 00003600 1902 00001940 0000 00000000
1517291274.908804:  1793 00001368 0775 00000657 3713 00003064 2509 00001972 4079 00003604 1902 00001942 0000 00000000
1517291275.111255:  1796 00001369 0852 00000695 3720 00003069 2507 00001969 4079 00003608 1910 00001945 0000 00000000
1517291275.307110:  1796 00001370 0852 00000767 3720 00003073 2507 00001967 4079 00003610 1910 00001941 0000 00000000
1517291275.509531:  1800 00001372 0930 00000772 3723 00003077 2504 00001965 4079 00003610 1917 00001947 0000 00000000
1517291275.706374:  1800 00001373 0930 00000811 3723 00003081 2504 00001962 4079 00003609 1917 00001950 0000 00000000
1517291275.908752:  1803 00001375 1008 00000851 3724 00003085 2501 00001960 4079 00003609 1923 00001948 0000 00000000
1517291276.111475:  1803 00001369 1008 00000888 3724 00003088 2501 00001958 4079 00003609 1923 00001948 0000 00000000
1517291276.307205:  1806 00001378 1085 00000927 3720 00003090 2498 00001956 4079 00003609 1930 00001942 0000 00000000
1517291276.509745:  1806 00001381 1085 00000966 3720 00003091 2498 00001955 4079 00003609 1930 00001948 0000 00000000
1517291276.706385:  1810 00001383 1162 00001004 3713 00003093 2495 00001952 4079 00003609 1936 00001947 0000 00000000
1517291276.908832:  1810 00001385 1162 00001043 3713 00003093 2495 00001950 4079 00003609 1936 00001948 0000 00000000
1517291277.111244:  1813 00001386 1237 00001150 3703 00003095 2492 00001949 4079 00003610 1941 00001948 0000 00000000
1517291277.307130:  1813 00001387 1237 00001120 3703 00003094 2492 00001947 4079 00003610 1941 00001943 0000 00000000
1517291277.509753:  1815 00001389 1310 00001159 3689 00003094 2489 00001945 4079 00003609 1946 00001948 0000 00000000
1517291277.706382:  1815 00001391 1310 00001197 3689 00003094 2489 00001943 4079 00003609 1946 00001948 0000 00000000
1517291277.908906:  1818 00001393 1381 00001234 3672 00003093 2486 00001940 4079 00003609 1951 00001948 0000 00000000
1517291278.111491:  1818 00001360 1381 00001270 3672 00003091 2486 00001939 4079 00003610 1951 00001949 0000 00000000
1517291278.307019:  1821 00001401 1450 00001305 3652 00003088 2483 00001937 4079 00003610 1955 00001944 0000 00000000
1517291278.509553:  1821 00001404 1450 00001342 3652 00003086 2483 00001936 4079 00003609 1955 00001948 0000 00000000
1517291278.706387:  1823 00001404 1517 00001375 3628 00003081 2480 00001936 4079 00003611 1959 00001950 0000 00000000
1517291278.908854:  1823 00001405 1517 00001408 3628 00003075 2480 00001934 4079 00003610 1959 00001944 0000 00000000
1517291279.111361:  1826 00001405 1582 00001444 3601 00003067 2478 00001932 4079 00003610 1962 00001950 0000 00000000
1517291279.307255:  1826 00001406 1582 00001476 3601 00003061 2478 00001932 4079 00003609 1962 00001942 0000 00000000
1517291279.509905:  1828 00001406 1644 00001509 3572 00003048 2475 00001931 4079 00003610 1965 00001949 0000 00000000
1517291279.706380:  1828 00001407 1644 00001542 3572 00003037 2475 00001930 4079 00003609 1965 00001948 0000 00000000
1517291279.908933:  1830 00001408 1705 00001572 3539 00003022 2473 00001928 4079 00003609 1967 00001943 0000 00000000
1517291280.111344:  1830 00001410 1705 00001604 3539 00003010 2473 00001930 4079 00003609 1967 00001947 0000 00000000
1517291280.307137:  1833 00001410 1764 00001633 3504 00002992 2472 00001925 4079 00003607 1969 00001940 0000 00000000
1517291280.509497:  1833 00001412 1764 00001663 3504 00002978 2472 00001927 4079 00003610 1969 00001943 0000 00000000
1517291280.706382:  1835 00001409 1821 00001694 3465 00002960 2470 00001926 4079 00003609 1971 00001948 0000 00000000
