1517294948.830261:  0000 001750 0000 000288 0000 003280 0000 002474 0000 003584 0000 001930 0000 000000
1517294949.430869:  1750 001750 0287 000287 3279 003279 2474 002474 3584 003584 1929 001929 0000 000000
1517294949.531764:  1750 001744 0287 000276 3279 003265 2474 002475 3584 003606 1929 001932 0000 000000
1517294949.531880:  1750 001744 0287 000276 3279 003265 2474 002475 3584 003606 1929 001932 0000 000000
1517294949.633803:  1750 065472 0287 000023 3279 065423 2474 065446 3584 065426 1929 064805 0000 065518
1517294949.734609:  1750 001734 0287 000281 3279 003200 2474 002476 3584 003666 1929 001950 0000 000000
1517294949.734680:  1750 001734 0287 000281 3279 003200 2474 002476 3584 003666 1929 001950 0000 000000
1517294949.830245:  1757 001757 0310 000310 3233 003233 2470 002470 3575 003575 1927 001927 0000 000000
1517294949.931113:  1757 001726 0310 000287 3233 003150 2470 002475 3575 003712 1927 001974 0000 000000
1517294949.931193:  1757 001726 0310 000287 3233 003150 2470 002475 3575 003712 1927 001974 0000 000000
1517294950.032808:  1757 065496 0310 000035 3233 065483 2470 065446 3575 065526 1927 064765 0000 065518
1517294950.133612:  1757 001726 0310 000293 3233 003105 2470 002473 3575 003743 1927 001990 0000 000000
1517294950.133705:  1757 001726 0310 000293 3233 003105 2470 002473 3575 003743 1927 001990 0000 000000
1517294950.235295:  1765 001765 0334 000334 3185 003185 2467 002467 3565 003565 1925 001925 0000 000000
1517294950.330201:  1765 001726 0334 000302 3185 003069 2467 002466 3565 003761 1925 002005 0000 000000
1517294950.330290:  1765 001726 0334 000302 3185 003069 2467 002466 3565 003761 1925 002005 0000 000000
1517294950.431883:  1765 065508 0334 000047 3185 065503 2467 065446 3565 000040 1925 064736 0000 065518
1517294950.532693:  1765 001730 0334 000309 3185 003039 2467 002455 3565 003767 1925 002014 0000 000000
1517294950.532765:  1765 001730 0334 000309 3185 003039 2467 002455 3565 003767 1925 002014 0000 000000
1517294950.634609:  1771 001771 0357 000357 3135 003135 2463 002463 3553 003553 1923 001923 0000 000000
1517294950.735375:  1771 001735 0357 000319 3135 003012 2463 002376 3553 003767 1923 002017 0000 000000
1517294950.735450:  1771 001735 0357 000319 3135 003012 2463 002376 3553 003767 1923 002017 0000 000000
1517294950.830237:  1771 065496 0357 000047 3135 065513 2463 065466 3553 000060 1923 064736 0000 065518
1517294950.930965:  1771 001739 0357 000328 3135 002987 2463 002436 3553 003765 1923 002019 0000 000000
1517294950.931043:  1771 001739 0357 000328 3135 002987 2463 002436 3553 003765 1923 002019 0000 000000
1517294951.032667:  1778 001778 0380 000380 3084 003084 2460 002460 3540 003540 1921 001921 0000 000000
1517294951.133416:  1778 001743 0380 000338 3084 002961 2460 002430 3540 003758 1921 002018 0000 000000
1517294951.133503:  1778 001743 0380 000338 3084 002961 2460 002430 3540 003758 1921 002018 0000 000000
1517294951.234946:  1778 065496 0380 000047 3084 065513 2460 065476 3540 000060 1921 064736 0000 065518
1517294951.330244:  1778 001746 0380 000347 3084 002935 2460 002425 3540 003752 1921 002015 0000 000000
1517294951.330282:  1778 001746 0380 000347 3084 002935 2460 002425 3540 003752 1921 002015 0000 000000
1517294951.431821:  1784 001784 0404 000404 3031 003031 2457 002457 3526 003526 1918 001918 0000 000000
1517294951.532657:  1784 001750 0404 000357 3031 002899 2457 002417 3526 003743 1918 002010 0000 000000
1517294951.532754:  1784 001750 0404 000357 3031 002899 2457 002417 3526 003743 1918 002010 0000 000000
1517294951.634373:  1784 065496 0404 000059 3031 065503 2457 065486 3526 000060 1918 064736 0000 065518
1517294951.735118:  1784 001754 0404 000369 3031 002881 2457 002414 3526 003739 1918 002010 0000 000000
1517294951.735206:  1784 001754 0404 000369 3031 002881 2457 002414 3526 003739 1918 002010 0000 000000
1517294951.830200:  1789 001789 0427 000427 2977 002977 2454 002454 3511 003511 1915 001915 0000 000000
1517294951.930966:  1789 001757 0427 000381 2977 002854 2454 002409 3511 003731 1915 002004 0000 000000
1517294951.931035:  1789 001757 0427 000381 2977 002854 2454 002409 3511 003731 1915 002004 0000 000000
1517294952.032724:  1789 065496 0427 000059 2977 065503 2454 065486 3511 000060 1915 064736 0000 065518
1517294952.133513:  1789 001762 0427 000393 2977 002829 2454 002408 3511 003725 1915 002002 0000 000000
1517294952.133588:  1789 001762 0427 000393 2977 002829 2454 002408 3511 003725 1915 002002 0000 000000
1517294952.235196:  1794 001794 0451 000451 2922 002922 2451 002451 3494 003494 1913 001913 0000 000000
1517294952.330246:  1794 001765 0451 000404 2922 002799 2451 002405 3494 003716 1913 002002 0000 000000
1517294952.330351:  1794 001765 0451 000404 2922 002799 2451 002405 3494 003716 1913 002002 0000 000000
1517294952.431998:  1794 065496 0451 000059 2922 065503 2451 065486 3494 000060 1913 064736 0000 065518
1517294952.532785:  1794 001768 0451 000416 2922 002774 2451 002404 3494 003706 1913 001994 0000 000000
1517294952.532854:  1794 001768 0451 000416 2922 002774 2451 002404 3494 003706 1913 001994 0000 000000
1517294952.634439:  1799 001799 0475 000475 2865 002865 2448 002448 3477 003477 1910 001910 0000 000000
1517294952.735246:  1799 001770 0475 000428 2865 002744 2448 002403 3477 003696 1910 001993 0000 000000
1517294952.735321:  1799 001770 0475 000428 2865 002744 2448 002403 3477 003696 1910 001993 0000 000000
1517294952.830199:  1799 065496 0475 000059 2865 065503 2448 065486 3477 000060 1910 064736 0000 065518
1517294952.931029:  1799 001772 0475 000440 2865 002716 2448 002400 3477 003688 1910 001984 0000 000000
1517294952.931103:  1799 001772 0475 000440 2865 002716 2448 002400 3477 003688 1910 001984 0000 000000
1517294953.032652:  1804 001804 0500 000500 2807 002807 2445 002445 3458 003458 1907 001907 0000 000000
1517294953.133396:  1804 001772 0500 000452 2807 002685 2445 002395 3458 003682 1907 001983 0000 000000
1517294953.133485:  1804 001772 0500 000452 2807 002685 2445 002395 3458 003682 1907 001983 0000 000000
1517294953.234981:  1804 065496 0500 000059 2807 065503 2445 065486 3458 000060 1907 064736 0000 065518
1517294953.330201:  1804 001775 0500 000464 2807 002661 2445 002395 3458 003673 1907 001983 0000 000000
1517294953.330292:  1804 001775 0500 000464 2807 002661 2445 002395 3458 003673 1907 001983 0000 000000
1517294953.431853:  1808 001808 0524 000524 2747 002747 2442 002442 3439 003439 1904 001904 0000 000000
1517294953.532629:  1808 001776 0524 000476 2747 002628 2442 002392 3439 003663 1904 001974 0000 000000
1517294953.532706:  1808 001776 0524 000476 2747 002628 2442 002392 3439 003663 1904 001974 0000 000000
1517294953.634342:  1808 065496 0524 000059 2747 065503 2442 065486 3439 000060 1904 064745 0000 065518
1517294953.735140:  1808 001778 0524 000489 2747 002599 2442 002391 3439 003652 1904 001975 0000 000000
1517294953.735209:  1808 001778 0524 000489 2747 002599 2442 002391 3439 003652 1904 001975 0000 000000
1517294953.830199:  1812 001812 0549 000549 2687 002687 2439 002439 3418 003418 1901 001901 0000 000000
1517294953.931062:  1812 001780 0549 000501 2687 002573 2439 002389 3418 003640 1901 001962 0000 000000
1517294953.931140:  1812 001780 0549 000501 2687 002573 2439 002389 3418 003640 1901 001962 0000 000000
1517294954.032926:  1812 065496 0549 000059 2687 065493 2439 065486 3418 000060 1901 064755 0000 065518
1517294954.133653:  1812 001782 0549 000513 2687 002542 2439 002388 3418 003632 1901 001961 0000 000000
1517294954.133756:  1812 001782 0549 000513 2687 002542 2439 002388 3418 003632 1901 001961 0000 000000
1517294954.235443:  1816 001816 0574 000574 2625 002625 2437 002437 3397 003397 1897 001897 0000 000000
1517294954.330237:  1816 001783 0574 000526 2625 002509 2437 002383 3397 003619 1897 001961 0000 000000
1517294954.330283:  1816 001783 0574 000526 2625 002509 2437 002383 3397 003619 1897 001961 0000 000000
1517294954.431888:  1816 065496 0574 000059 2625 065493 2437 065496 3397 000060 1897 064765 0000 065518
1517294954.532598:  1816 001786 0574 000539 2625 002483 2437 002384 3397 003610 1897 001951 0000 000000
1517294954.532652:  1816 001786 0574 000539 2625 002483 2437 002384 3397 003610 1897 001951 0000 000000
1517294954.634237:  1820 001820 0600 000600 2562 002562 2434 002434 3374 003374 1894 001894 0000 000000
1517294954.735011:  1820 001787 0600 000551 2562 002451 2434 002380 3374 003596 1894 001945 0000 000000
1517294954.735077:  1820 001787 0600 000551 2562 002451 2434 002380 3374 003596 1894 001945 0000 000000
1517294954.830234:  1820 065496 0600 000059 2562 065493 2434 065496 3374 000060 1894 064765 0000 065518
1517294954.931023:  1820 001789 0600 000563 2562 002420 2434 002379 3374 003586 1894 001941 0000 000000
1517294954.931061:  1820 001789 0600 000563 2562 002420 2434 002379 3374 003586 1894 001941 0000 000000
1517294955.032735:  1823 001823 0625 000625 2498 002498 2431 002431 3351 003351 1890 001890 0000 000000
1517294955.133477:  1823 001789 0625 000576 2498 002386 2431 002376 3351 003574 1890 001935 0000 000000
1517294955.133551:  1823 001789 0625 000576 2498 002386 2431 002376 3351 003574 1890 001935 0000 000000
1517294955.235140:  1823 065496 0625 000059 2498 065493 2431 065496 3351 000060 1890 064775 0000 065518
1517294955.330237:  1823 001789 0625 000589 2498 002353 2431 002373 3351 003564 1890 001934 0000 000000
1517294955.330329:  1823 001789 0625 000589 2498 002353 2431 002373 3351 003564 1890 001934 0000 000000
1517294955.432115:  1826 001826 0652 000652 2433 002433 2428 002428 3327 003327 1886 001886 0000 000000
1517294955.532927:  1826 001789 0652 000601 2433 002324 2428 002372 3327 003551 1886 001926 0000 000000
1517294955.533006:  1826 001789 0652 000601 2433 002324 2428 002372 3327 003551 1886 001926 0000 000000
1517294955.636328:  1826 065508 0652 000059 2433 065493 2428 065496 3327 000070 1886 064775 0000 065518
1517294955.737140:  1826 001789 0652 000615 2433 002291 2428 002370 3327 003538 1886 001920 0000 000000
1517294955.737206:  1826 001789 0652 000615 2433 002291 2428 002370 3327 003538 1886 001920 0000 000000
1517294955.830199:  1830 001830 0678 000678 2367 002367 2424 002424 3301 003301 1882 001882 0000 000000
1517294955.931005:  1830 001793 0678 000627 2367 002262 2424 002370 3301 003528 1882 001911 0000 000000
1517294955.931061:  1830 001793 0678 000627 2367 002262 2424 002370 3301 003528 1882 001911 0000 000000
1517294956.032564:  1830 065496 0678 000059 2367 065483 2424 065496 3301 000070 1882 064785 0000 065518
1517294956.133326:  1830 001796 0678 000640 2367 002226 2424 002367 3301 003514 1882 001909 0000 000000
1517294956.133394:  1830 001796 0678 000640 2367 002226 2424 002367 3301 003514 1882 001909 0000 000000
1517294956.235035:  1833 001833 0705 000705 2300 002300 2421 002421 3275 003275 1878 001878 0000 000000
1517294956.330249:  1833 001804 0705 000686 2300 002194 2421 002365 3275 003499 1878 001901 0000 000000
1517294956.330341:  1833 001804 0705 000686 2300 002194 2421 002365 3275 003499 1878 001901 0000 000000
1517294956.432080:  1833 065484 0705 000059 2300 065493 2421 065496 3275 000070 1878 064795 0000 065518
1517294956.532913:  1833 001806 0705 000665 2300 002161 2421 002364 3275 003487 1878 001897 0000 000000
1517294956.532969:  1833 001806 0705 000665 2300 002161 2421 002364 3275 003487 1878 001897 0000 000000
1517294956.634788:  1836 001836 0732 000732 2232 002232 2418 002418 3248 003248 1874 001874 0000 000000
1517294956.735596:  1836 001807 0732 000680 2232 002128 2418 002363 3248 003474 1874 001889 0000 000000
1517294956.735686:  1836 001807 0732 000680 2232 002128 2418 002363 3248 003474 1874 001889 0000 000000
1517294956.830223:  1836 065496 0732 000059 2232 065483 2418 065496 3248 000070 1874 064805 0000 065518
1517294956.931028:  1836 001808 0732 000695 2232 002094 2418 002361 3248 003463 1874 001881 0000 000000
1517294956.931096:  1836 001808 0732 000695 2232 002094 2418 002361 3248 003463 1874 001881 0000 000000
1517294957.032707:  1838 001838 0760 000760 2163 002163 2414 002414 3220 003220 1870 001870 0000 000000
1517294957.133486:  1838 001808 0760 000710 2163 002059 2414 002360 3220 003450 1870 001878 0000 000000
1517294957.133559:  1838 001808 0760 000710 2163 002059 2414 002360 3220 003450 1870 001878 0000 000000
1517294957.235151:  1838 065496 0760 000059 2163 065483 2414 065496 3220 000070 1870 064815 0000 065518
1517294957.330248:  1838 001809 0760 000724 2163 002025 2414 002359 3220 003436 1870 001872 0000 000000
1517294957.330282:  1838 001809 0760 000724 2163 002025 2414 002359 3220 003436 1870 001872 0000 000000
1517294957.432019:  1841 001841 0788 000788 2093 002093 2411 002411 3191 003191 1865 001865 0000 000000
1517294957.532919:  1841 001810 0788 000739 2093 001990 2411 002358 3191 003422 1865 001865 0000 000000
1517294957.532989:  1841 001810 0788 000739 2093 001990 2411 002358 3191 003422 1865 001865 0000 000000
1517294957.634628:  1841 065496 0788 000059 2093 065483 2411 065496 3191 000070 1865 064815 0000 065518
1517294957.735466:  1841 001810 0788 000751 2093 001954 2411 002357 3191 003403 1865 001857 0000 000000
1517294957.735519:  1841 001810 0788 000751 2093 001954 2411 002357 3191 003403 1865 001857 0000 000000
1517294957.830256:  1843 001843 0816 000816 2022 002022 2407 002407 3161 003161 1860 001860 0000 000000
1517294957.931073:  1843 001811 0816 000764 2022 001921 2407 002356 3161 003390 1860 001849 0000 000000
1517294957.931165:  1843 001811 0816 000764 2022 001921 2407 002356 3161 003390 1860 001849 0000 000000
1517294958.032971:  1843 065496 0816 000059 2022 065483 2407 065496 3161 000070 1860 064825 0000 065518
1517294958.133741:  1843 001812 0816 000778 2022 001884 2407 002353 3161 003375 1860 001841 0000 000000
1517294958.133817:  1843 001812 0816 000778 2022 001884 2407 002353 3161 003375 1860 001841 0000 000000
1517294958.235544:  1846 001846 0845 000845 1950 001950 2403 002403 3130 003130 1855 001855 0000 000000
1517294958.330246:  1846 001813 0845 000793 1950 001848 2403 002351 3130 003362 1855 001834 0000 000000
1517294958.330354:  1846 001813 0845 000793 1950 001848 2403 002351 3130 003362 1855 001834 0000 000000
1517294958.432066:  1846 065496 0845 000071 1950 065483 2403 065496 3130 000080 1855 064835 0000 065518
1517294958.532863:  1846 001814 0845 000808 1950 001815 2403 002351 3130 003346 1855 001828 0000 000000
1517294958.532939:  1846 001814 0845 000808 1950 001815 2403 002351 3130 003346 1855 001828 0000 000000
1517294958.634562:  1848 001848 0875 000875 1878 001878 2399 002399 3098 003098 1850 001850 0000 000000
1517294958.735411:  1848 001814 0875 000823 1878 001777 2399 002349 3098 003327 1850 001817 0000 000000
1517294958.735466:  1848 001814 0875 000823 1878 001777 2399 002349 3098 003327 1850 001817 0000 000000
1517294958.830252:  1848 065496 0875 000071 1878 065483 2399 065486 3098 000070 1850 064845 0000 065518
1517294958.930966:  1848 001815 0875 000838 1878 001742 2399 002347 3098 003313 1850 001813 0000 000000
1517294958.931035:  1848 001815 0875 000838 1878 001742 2399 002347 3098 003313 1850 001813 0000 000000
1517294959.032710:  1850 001850 0905 000905 1805 001805 2395 002395 3065 003065 1844 001844 0000 000000
1517294959.133581:  1850 001816 0905 000854 1805 001704 2395 002346 3065 003294 1844 001800 0000 000000
1517294959.133647:  1850 001816 0905 000854 1805 001704 2395 002346 3065 003294 1844 001800 0000 000000
1517294959.235130:  1850 065496 0905 000059 1805 065483 2395 065486 3065 000070 1844 064855 0000 065518
1517294959.330248:  1850 001817 0905 000868 1805 001669 2395 002343 3065 003279 1844 001791 0000 000000
1517294959.330339:  1850 001817 0905 000868 1805 001669 2395 002343 3065 003279 1844 001791 0000 000000
1517294959.332297:  1850 001817 0905 000868 1805 001669 2395 002343 3065 003279 1844 001791 0000 000000
1517294959.930918:  1816 001816 0868 000868 1669 001669 2343 002343 3279 003279 1791 001791 0000 000000
1517294960.031668:  1816 001816 0868 000903 1669 001579 2343 002335 3279 003275 1791 001780 0000 000000
1517294960.031794:  1816 001816 0868 000903 1669 001579 2343 002335 3279 003275 1791 001780 0000 000000
1517294960.133330:  1816 065460 0868 065511 1669 065533 2343 065456 3279 065376 1791 064825 0000 065518
1517294960.234192:  1816 001802 0868 000903 1669 001552 2343 002323 3279 003341 1791 001789 0000 000000
1517294960.234246:  1816 001802 0868 000903 1669 001552 2343 002323 3279 003341 1791 001789 0000 000000
1517294960.330223:  1816 001816 0887 000887 1713 001713 2348 002348 3336 003336 1801 001801 0000 000000
1517294960.431033:  1816 001789 0887 000905 1713 001541 2348 002319 3336 003406 1801 001825 0000 000000
1517294960.431087:  1816 001789 0887 000905 1713 001541 2348 002319 3336 003406 1801 001825 0000 000000
1517294960.532706:  1816 065496 0887 065523 1713 000057 2348 065476 3336 065446 1801 064795 0000 065518
1517294960.633514:  1816 001785 0887 000908 1713 001537 2348 002314 3336 003463 1801 001846 0000 000000
1517294960.633608:  1816 001785 0887 000908 1713 001537 2348 002314 3336 003463 1801 001846 0000 000000
1517294960.735201:  1816 001816 0907 000907 1757 001757 2353 002353 3393 003393 1810 001810 0000 000000
1517294960.830199:  1816 001785 0907 000911 1757 001537 2353 002312 3393 003516 1810 001872 0000 000000
1517294960.830271:  1816 001785 0907 000911 1757 001537 2353 002312 3393 003516 1810 001872 0000 000000
1517294960.931994:  1816 065496 0907 065535 1757 000107 2353 065486 3393 065486 1810 064745 0000 065518
1517294961.032824:  1816 001784 0907 000913 1757 001537 2353 002308 3393 003561 1810 001897 0000 000000
1517294961.032894:  1816 001784 0907 000913 1757 001537 2353 002308 3393 003561 1810 001897 0000 000000
1517294961.134498:  1816 001816 0929 000929 1800 001800 2358 002358 3448 003448 1820 001820 0000 000000
1517294961.235224:  1816 001783 0929 000917 1800 001537 2358 002306 3448 003601 1820 001919 0000 000000
1517294961.235352:  1816 001783 0929 000917 1800 001537 2358 002306 3448 003601 1820 001919 0000 000000
1517294961.330245:  1816 065496 0929 000023 1800 000147 2358 065496 3448 065516 1820 064736 0000 065518
1517294961.431123:  1816 001785 0929 000921 1800 001539 2358 002303 3448 003637 1820 001944 0000 000000
1517294961.431211:  1816 001785 0929 000921 1800 001539 2358 002303 3448 003637 1820 001944 0000 000000
1517294961.533083:  1816 001816 0952 000952 1841 001841 2362 002362 3503 003503 1829 001829 0000 000000
1517294961.633986:  1816 001789 0952 000928 1841 001552 2362 002303 3503 003669 1829 001955 0000 000000
1517294961.634038:  1816 001789 0952 000928 1841 001552 2362 002303 3503 003669 1829 001955 0000 000000
1517294961.735663:  1816 065484 0952 000035 1841 000167 2362 065506 3503 065526 1829 064736 0000 065518
1517294961.830204:  1816 001791 0952 000935 1841 001565 2362 002302 3503 003700 1829 001972 0000 000000
1517294961.830274:  1816 001791 0952 000935 1841 001565 2362 002302 3503 003700 1829 001972 0000 000000
1517294961.931906:  1816 001816 0976 000976 1880 001880 2365 002365 3556 003556 1838 001838 0000 000000
1517294962.032758:  1816 001792 0976 000942 1880 001582 2365 002302 3556 003728 1838 001990 0000 000000
1517294962.032831:  1816 001792 0976 000942 1880 001582 2365 002302 3556 003728 1838 001990 0000 000000
1517294962.134469:  1816 065484 0976 000047 1880 000167 2365 065506 3556 000000 1838 064736 0000 065518
1517294962.235221:  1816 001793 0976 000952 1880 001600 2365 002302 3556 003755 1838 001999 0000 000000
1517294962.235277:  1816 001793 0976 000952 1880 001600 2365 002302 3556 003755 1838 001999 0000 000000
1517294962.330237:  1816 001816 1002 001002 1919 001919 2369 002369 3608 003608 1847 001847 0000 000000
1517294962.430988:  1816 001794 1002 000962 1919 001621 2369 002301 3608 003780 1847 002017 0000 000000
1517294962.431048:  1816 001794 1002 000962 1919 001621 2369 002301 3608 003780 1847 002017 0000 000000
1517294962.532821:  1816 065484 1002 000047 1919 000177 2369 065506 3608 000000 1847 064736 0000 065518
1517294962.633545:  1816 001794 1002 000971 1919 001636 2369 002301 3608 003806 1847 002029 0000 000000
1517294962.633636:  1816 001794 1002 000971 1919 001636 2369 002301 3608 003806 1847 002029 0000 000000
1517294962.735329:  1816 001816 1028 001028 1955 001955 2372 002372 3658 003658 1855 001855 0000 000000
1517294962.830204:  1816 001795 1028 000983 1955 001656 2372 002301 3658 003832 1855 002038 0000 000000
1517294962.830293:  1816 001795 1028 000983 1955 001656 2372 002301 3658 003832 1855 002038 0000 000000
1517294962.932143:  1816 065484 1028 000059 1955 000167 2372 065516 3658 000000 1855 064736 0000 065518
1517294963.033001:  1816 001795 1028 000995 1955 001674 2372 002301 3658 003856 1855 002052 0000 000000
1517294963.033075:  1816 001795 1028 000995 1955 001674 2372 002301 3658 003856 1855 002052 0000 000000
1517294963.134786:  1816 001816 1056 001056 1991 001991 2374 002374 3708 003708 1863 001863 0000 000000
1517294963.235642:  1816 001795 1056 001007 1991 001692 2374 002301 3708 003880 1863 002062 0000 000000
1517294963.235719:  1816 001795 1056 001007 1991 001692 2374 002301 3708 003880 1863 002062 0000 000000
1517294963.330251:  1816 065484 1056 000059 1991 000167 2374 065516 3708 000000 1863 064736 0000 065518
1517294963.431127:  1816 001795 1056 001018 1991 001708 2374 002301 3708 003903 1863 002074 0000 000000
1517294963.431211:  1816 001795 1056 001018 1991 001708 2374 002301 3708 003903 1863 002074 0000 000000
1517294963.532996:  1816 001816 1085 001085 2025 002025 2377 002377 3755 003755 1871 001871 0000 000000
1517294963.633844:  1816 001795 1085 001032 2025 001725 2377 002301 3755 003926 1871 002085 0000 000000
1517294963.633912:  1816 001795 1085 001032 2025 001725 2377 002301 3755 003926 1871 002085 0000 000000
1517294963.735757:  1816 065484 1085 000071 2025 000167 2377 065516 3755 000000 1871 064736 0000 065518
1517294963.830260:  1816 001796 1085 001048 2025 001743 2377 002302 3755 003943 1871 002096 0000 000000
1517294963.830316:  1816 001796 1085 001048 2025 001743 2377 002302 3755 003943 1871 002096 0000 000000
1517294963.931989:  1816 001816 1116 001116 2057 002057 2379 002379 3801 003801 1879 001879 0000 000000
1517294964.032840:  1816 001796 1116 001065 2057 001759 2379 002302 3801 003944 1879 002101 0000 000000
1517294964.032907:  1816 001796 1116 001065 2057 001759 2379 002302 3801 003944 1879 002101 0000 000000
1517294964.134542:  1816 065484 1116 000059 2057 000167 2379 065516 3801 065496 1879 064736 0000 065518
1517294964.235367:  1816 001796 1116 001082 2057 001777 2379 002302 3801 003944 1879 002104 0000 000000
1517294964.235423:  1816 001796 1116 001082 2057 001777 2379 002302 3801 003944 1879 002104 0000 000000
1517294964.330240:  1816 001816 1147 001147 2088 002088 2380 002380 3846 003846 1887 001887 0000 000000
1517294964.431208:  1816 001796 1147 001097 2088 001793 2380 002301 3846 003944 1887 002104 0000 000000
1517294964.431298:  1816 001796 1147 001097 2088 001793 2380 002301 3846 003944 1887 002104 0000 000000
1517294964.532945:  1816 065484 1147 000059 2088 000167 2380 065526 3846 065446 1887 064736 0000 065518
1517294964.633765:  1816 001796 1147 001113 2088 001809 2380 002301 3846 003944 1887 002104 0000 000000
1517294964.633853:  1816 001796 1147 001113 2088 001809 2380 002301 3846 003944 1887 002104 0000 000000
1517294964.735653:  1816 001816 1180 001180 2117 002117 2382 002382 3889 003889 1895 001895 0000 000000
1517294964.830240:  1816 001796 1180 001130 2117 001826 2382 002302 3889 003944 1895 002107 0000 000000
1517294964.830338:  1816 001796 1180 001130 2117 001826 2382 002302 3889 003944 1895 002107 0000 000000
1517294964.932233:  1816 065484 1180 000059 2117 000157 2382 065526 3889 065406 1895 064736 0000 065518
1517294965.033132:  1816 001796 1180 001145 2117 001842 2382 002301 3889 003944 1895 002105 0000 000000
1517294965.033201:  1816 001796 1180 001145 2117 001842 2382 002301 3889 003944 1895 002105 0000 000000
1517294965.135058:  1816 001816 1213 001213 2145 002145 2383 002383 3930 003930 1902 001902 0000 000000
1517294965.235795:  1816 001796 1213 001163 2145 001856 2383 002302 3930 003945 1902 002108 0000 000000
1517294965.235863:  1816 001796 1213 001163 2145 001856 2383 002302 3930 003945 1902 002108 0000 000000
1517294965.330230:  1816 065484 1213 000071 2145 000157 2383 065526 3930 065376 1902 064736 0000 065518
1517294965.431088:  1816 001796 1213 001178 2145 001869 2383 002302 3930 003944 1902 002105 0000 000000
1517294965.431152:  1816 001796 1213 001178 2145 001869 2383 002302 3930 003944 1902 002105 0000 000000
1517294965.532995:  1816 001816 1248 001248 2171 002171 2384 002384 3969 003969 1910 001910 0000 000000
1517294965.633768:  1816 001796 1248 001196 2171 001882 2384 002302 3969 003945 1910 002104 0000 000000
1517294965.633842:  1816 001796 1248 001196 2171 001882 2384 002302 3969 003945 1910 002104 0000 000000
1517294965.737164:  1816 065484 1248 000071 2171 000157 2384 065526 3969 065336 1910 064736 0000 065518
1517294965.830224:  1816 001796 1248 001213 2171 001895 2384 002302 3969 003945 1910 002110 0000 000000
1517294965.830298:  1816 001796 1248 001213 2171 001895 2384 002302 3969 003945 1910 002110 0000 000000
1517294965.931856:  1816 001816 1284 001284 2195 002195 2384 002384 4006 004006 1917 001917 0000 000000
1517294966.032683:  1816 001795 1284 001231 2195 001907 2384 002302 4006 003946 1917 002105 0000 000000
1517294966.032755:  1816 001795 1284 001231 2195 001907 2384 002302 4006 003946 1917 002105 0000 000000
1517294966.134400:  1816 065484 1284 000059 2195 000157 2384 065526 4006 065306 1917 064736 0000 065518
1517294966.235185:  1816 001794 1284 001248 2195 001920 2384 002302 4006 003945 1917 002105 0000 000000
1517294966.235258:  1816 001794 1284 001248 2195 001920 2384 002302 4006 003945 1917 002105 0000 000000
1517294966.330249:  1816 001816 1322 001322 2218 002218 2385 002385 4042 004042 1924 001924 0000 000000
1517294966.431101:  1816 001793 1322 001265 2218 001932 2385 002302 4042 003944 1924 002105 0000 000000
1517294966.431155:  1816 001793 1322 001265 2218 001932 2385 002302 4042 003944 1924 002105 0000 000000
1517294966.532974:  1816 065484 1322 000071 2218 000157 2385 065526 4042 065266 1924 064736 0000 065518
1517294966.633774:  1816 001792 1322 001284 2218 001944 2385 002303 4042 003945 1924 002106 0000 000000
1517294966.633842:  1816 001792 1322 001284 2218 001944 2385 002303 4042 003945 1924 002106 0000 000000
1517294966.735308:  1816 001816 1360 001360 2239 002239 2385 002385 4075 004075 1931 001931 0000 000000
1517294966.830223:  1816 001792 1360 001302 2239 001956 2385 002302 4075 003945 1931 002107 0000 000000
1517294966.830292:  1816 001792 1360 001302 2239 001956 2385 002302 4075 003945 1931 002107 0000 000000
1517294966.931902:  1816 065484 1360 000071 2239 000147 2385 065526 4075 065246 1931 064736 0000 065518
1517294967.032781:  1816 001791 1360 001321 2239 001966 2385 002302 4075 003945 1931 002107 0000 000000
1517294967.032858:  1816 001791 1360 001321 2239 001966 2385 002302 4075 003945 1931 002107 0000 000000
1517294967.134704:  1816 001816 1399 001399 2259 002259 2385 002385 4079 004079 1938 001938 0000 000000
1517294967.235469:  1816 001790 1399 001341 2259 001976 2385 002303 4079 003945 1938 002108 0000 000000
1517294967.235562:  1816 001790 1399 001341 2259 001976 2385 002303 4079 003945 1938 002108 0000 000000
1517294967.330249:  1816 065484 1399 000071 2259 000147 2385 065526 4079 065246 1938 064736 0000 065518
1517294967.431016:  1816 001789 1399 001358 2259 001985 2385 002302 4079 003945 1938 002105 0000 000000
1517294967.431105:  1816 001789 1399 001358 2259 001985 2385 002302 4079 003945 1938 002105 0000 000000
1517294967.532736:  1816 001816 1439 001439 2276 002276 2384 002384 4079 004079 1945 001945 0000 000000
1517294967.633549:  1816 001788 1439 001380 2276 001996 2384 002302 4079 003945 1945 002109 0000 000000
1517294967.633603:  1816 001788 1439 001380 2276 001996 2384 002302 4079 003945 1945 002109 0000 000000
1517294967.735088:  1816 065484 1439 000083 2276 000147 2384 065526 4079 065246 1945 064736 0000 065518
1517294967.830199:  1816 001788 1439 001401 2276 002005 2384 002303 4079 003945 1945 002110 0000 000000
1517294967.830260:  1816 001788 1439 001401 2276 002005 2384 002303 4079 003945 1945 002110 0000 000000
1517294967.931951:  1816 001816 1480 001480 2292 002292 2384 002384 4079 004079 1951 001951 0000 000000
1517294968.032713:  1816 001785 1480 001421 2292 002014 2384 002304 4079 003945 1951 002105 0000 000000
1517294968.032806:  1816 001785 1480 001421 2292 002014 2384 002304 4079 003945 1951 002105 0000 000000
1517294968.134433:  1816 065496 1480 000071 2292 000147 2384 065516 4079 065246 1951 064736 0000 065518
1517294968.235218:  1816 001785 1480 001442 2292 002022 2384 002305 4079 003946 1951 002111 0000 000000
1517294968.235272:  1816 001785 1480 001442 2292 002022 2384 002305 4079 003946 1951 002111 0000 000000
1517294968.330239:  1816 001816 1522 001522 2306 002306 2383 002383 4079 004079 1958 001958 0000 000000
1517294968.431032:  1816 001785 1522 001462 2306 002031 2383 002306 4079 003945 1958 002106 0000 000000
1517294968.431108:  1816 001785 1522 001462 2306 002031 2383 002306 4079 003945 1958 002106 0000 000000
1517294968.532697:  1816 065496 1522 000083 2306 000137 2383 065516 4079 065236 1958 064736 0000 065518
1517294968.633458:  1816 001786 1522 001484 2306 002037 2383 002306 4079 003945 1958 002113 0000 000000
1517294968.633545:  1816 001786 1522 001484 2306 002037 2383 002306 4079 003945 1958 002113 0000 000000
1517294968.735089:  1816 001816 1565 001565 2319 002319 2382 002382 4079 004079 1964 001964 0000 000000
1517294968.830226:  1816 001785 1565 001505 2319 002044 2382 002308 4079 003945 1964 002113 0000 000000
1517294968.830298:  1816 001785 1565 001505 2319 002044 2382 002308 4079 003945 1964 002113 0000 000000
1517294968.932093:  1816 065496 1565 000083 2319 000137 2382 065516 4079 065246 1964 064745 0000 065518
1517294969.032892:  1816 001786 1565 001525 2319 002050 2382 002308 4079 003946 1964 002107 0000 000000
1517294969.032982:  1816 001786 1565 001525 2319 002050 2382 002308 4079 003946 1964 002107 0000 000000
1517294969.134620:  1816 001816 1609 001609 2329 002329 2381 002381 4079 004079 1971 001971 0000 000000
1517294969.235360:  1816 001786 1609 001549 2329 002058 2381 002309 4079 003945 1971 002114 0000 000000
1517294969.235434:  1816 001786 1609 001549 2329 002058 2381 002309 4079 003945 1971 002114 0000 000000
1517294969.330248:  1816 065496 1609 000083 2329 000137 2381 065516 4079 065246 1971 064736 0000 065518
1517294969.430968:  1816 001786 1609 001570 2329 002064 2381 002310 4079 003945 1971 002108 0000 000000
1517294969.431021:  1816 001786 1609 001570 2329 002064 2381 002310 4079 003945 1971 002108 0000 000000
1517294969.532514:  1816 001816 1653 001653 2338 002338 2380 002380 4079 004079 1977 001977 0000 000000
1517294969.633185:  1816 001786 1653 001591 2338 002071 2380 002310 4079 003945 1977 002109 0000 000000
1517294969.633247:  1816 001786 1653 001591 2338 002071 2380 002310 4079 003945 1977 002109 0000 000000
1517294969.734896:  1816 065484 1653 000083 2338 000127 2380 065506 4079 065246 1977 064736 0000 065518
1517294969.830250:  1816 001787 1653 001614 2338 002076 2380 002310 4079 003945 1977 002046 0000 000000
1517294969.830332:  1816 001787 1653 001614 2338 002076 2380 002310 4079 003945 1977 002046 0000 000000
