1517293152.120660:  0000 001749 0000 000257 0000 003282 0000 002453 0000 003600 0000 001937 0000 000000
1517293152.721374:  0000 065460 0000 065535 0000 065403 0000 065446 0000 065376 0000 064815 0000 065518
1517293152.822156:  0000 001743 0000 000257 0000 003267 0000 002452 0000 003617 0000 001940 0000 000000
1517293152.822233:  0000 001743 0000 000257 0000 003267 0000 002452 0000 003617 0000 001940 0000 000000
1517293152.923872:  1753 001753 0268 000268 3259 003259 2451 002451 3597 003597 1936 001936 0000 000000
1517293153.024665:  1753 001728 0268 000258 3259 003206 2451 002451 3597 003672 1936 001954 0000 000000
1517293153.024741:  1753 001728 0268 000258 3259 003206 2451 002451 3597 003672 1936 001954 0000 000000
1517293153.120619:  1753 065496 0268 000023 3259 065453 2451 065446 3597 065476 1936 064795 0000 065518
1517293153.221445:  1753 001719 0268 000262 3259 003155 2451 002450 3597 003720 1936 001979 0000 000000
1517293153.221520:  1753 001719 0268 000262 3259 003155 2451 002450 3597 003720 1936 001979 0000 000000
1517293153.323114:  1760 001760 0291 000291 3213 003213 2447 002447 3590 003590 1933 001933 0000 000000
1517293153.423927:  1760 001719 0291 000265 3213 003116 2447 002435 3590 003754 1933 001996 0000 000000
1517293153.424007:  1760 001719 0291 000265 3213 003116 2447 002435 3590 003754 1933 001996 0000 000000
1517293153.525672:  1760 065508 0291 000035 3213 065493 2447 065456 3590 000020 1933 064745 0000 065518
1517293153.620666:  1760 001720 0291 000271 3213 003083 2447 002424 3590 003780 1933 002013 0000 000000
1517293153.620765:  1760 001720 0291 000271 3213 003083 2447 002424 3590 003780 1933 002013 0000 000000
1517293153.722351:  1768 001768 0314 000314 3166 003166 2444 002444 3581 003581 1931 001931 0000 000000
1517293153.823175:  1768 001721 0314 000278 3166 003050 2444 002410 3581 003791 1931 002024 0000 000000
1517293153.823304:  1768 001721 0314 000278 3166 003050 2444 002410 3581 003791 1931 002024 0000 000000
1517293153.924831:  1768 065508 0314 000047 3166 065503 2444 065476 3581 000050 1931 064736 0000 065518
1517293154.025649:  1768 001724 0314 000285 3166 003022 2444 002403 3581 003794 1931 002030 0000 000000
1517293154.025721:  1768 001724 0314 000285 3166 003022 2444 002403 3581 003794 1931 002030 0000 000000
1517293154.120654:  1774 001774 0337 000337 3117 003117 2441 002441 3571 003571 1929 001929 0000 000000
1517293154.221577:  1774 001727 0337 000293 3117 002996 2441 002394 3571 003794 1929 002031 0000 000000
1517293154.221666:  1774 001727 0337 000293 3117 002996 2441 002394 3571 003794 1929 002031 0000 000000
1517293154.323238:  1774 065508 0337 000059 3117 065503 2441 065486 3571 000060 1929 064736 0000 065518
1517293154.424069:  1774 001731 0337 000301 3117 002968 2441 002384 3571 003792 1929 002032 0000 000000
1517293154.424211:  1774 001731 0337 000301 3117 002968 2441 002384 3571 003792 1929 002032 0000 000000
1517293154.525811:  1781 001781 0361 000361 3066 003066 2438 002438 3560 003560 1927 001927 0000 000000
1517293154.620653:  1781 001736 0361 000310 3066 002944 2438 002380 3560 003788 1927 002033 0000 000000
1517293154.620729:  1781 001736 0361 000310 3066 002944 2438 002380 3560 003788 1927 002033 0000 000000
1517293154.722427:  1781 065508 0361 000059 3066 065503 2438 065506 3560 000070 1927 064736 0000 065518
1517293154.823297:  1781 001739 0361 000321 3066 002920 2438 002374 3560 003782 1927 002029 0000 000000
1517293154.823371:  1781 001739 0361 000321 3066 002920 2438 002374 3560 003782 1927 002029 0000 000000
1517293154.925024:  1786 001786 0385 000385 3014 003014 2435 002435 3547 003547 1924 001924 0000 000000
1517293155.025797:  1786 001743 0385 000330 3014 002897 2435 002373 3547 003776 1924 002026 0000 000000
1517293155.025873:  1786 001743 0385 000330 3014 002897 2435 002373 3547 003776 1924 002026 0000 000000
1517293155.120681:  1786 065508 0385 000071 3014 065503 2435 065506 3547 000070 1924 064736 0000 065518
1517293155.221441:  1786 001743 0385 000341 3014 002867 2435 002364 3547 003767 1924 002025 0000 000000
1517293155.221557:  1786 001743 0385 000341 3014 002867 2435 002364 3547 003767 1924 002025 0000 000000
1517293155.323215:  1792 001792 0408 000408 2961 002961 2432 002432 3534 003534 1921 001921 0000 000000
1517293155.424067:  1792 001746 0408 000353 2961 002845 2432 002364 3534 003761 1921 002019 0000 000000
1517293155.424198:  1792 001746 0408 000353 2961 002845 2432 002364 3534 003761 1921 002019 0000 000000
1517293155.525891:  1792 065508 0408 000071 2961 065503 2432 065516 3534 000070 1921 064736 0000 065518
1517293155.620648:  1792 001749 0408 000364 2961 002816 2432 002361 3534 003753 1921 002019 0000 000000
1517293155.620709:  1792 001749 0408 000364 2961 002816 2432 002361 3534 003753 1921 002019 0000 000000
1517293155.722292:  1797 001797 0432 000432 2906 002906 2429 002429 3519 003519 1919 001919 0000 000000
1517293155.823161:  1797 001751 0432 000377 2906 002791 2429 002358 3519 003745 1919 002012 0000 000000
1517293155.823240:  1797 001751 0432 000377 2906 002791 2429 002358 3519 003745 1919 002012 0000 000000
1517293155.924896:  1797 065508 0432 000071 2906 065503 2429 065506 3519 000070 1919 064736 0000 065518
1517293156.025794:  1797 001753 0432 000388 2906 002762 2429 002356 3519 003740 1919 002011 0000 000000
1517293156.025864:  1797 001753 0432 000388 2906 002762 2429 002356 3519 003740 1919 002011 0000 000000
1517293156.120651:  1802 001802 0457 000457 2850 002850 2426 002426 3503 003503 1916 001916 0000 000000
1517293156.221505:  1802 001756 0457 000400 2850 002735 2426 002353 3503 003715 1916 002008 0000 000000
1517293156.221577:  1802 001756 0457 000400 2850 002735 2426 002353 3503 003715 1916 002008 0000 000000
1517293156.323340:  1802 065508 0457 000071 2850 065503 2426 065516 3503 000070 1916 064736 0000 065518
1517293156.424154:  1802 001760 0457 000412 2850 002708 2426 002353 3503 003723 1916 002001 0000 000000
1517293156.424223:  1802 001760 0457 000412 2850 002708 2426 002353 3503 003723 1916 002001 0000 000000
1517293156.525927:  1806 001806 0481 000481 2792 002792 2423 002423 3486 003486 1913 001913 0000 000000
1517293156.620619:  1806 001761 0481 000424 2792 002676 2423 002346 3486 003715 1913 001998 0000 000000
1517293156.620687:  1806 001761 0481 000424 2792 002676 2423 002346 3486 003715 1913 001998 0000 000000
1517293156.722272:  1806 065508 0481 000071 2792 065493 2423 065516 3486 000070 1913 064736 0000 065518
1517293156.823120:  1806 001765 0481 000436 2792 002649 2423 002345 3486 003707 1913 001994 0000 000000
1517293156.823225:  1806 001765 0481 000436 2792 002649 2423 002345 3486 003707 1913 001994 0000 000000
1517293156.926360:  1811 001811 0506 000506 2733 002733 2420 002420 3468 003468 1909 001909 0000 000000
1517293157.027136:  1811 001770 0506 000449 2733 002624 2420 002346 3468 003701 1909 001991 0000 000000
1517293157.027206:  1811 001770 0506 000449 2733 002624 2420 002346 3468 003701 1909 001991 0000 000000
1517293157.120655:  1811 065508 0506 000071 2733 065493 2420 065516 3468 000070 1909 064736 0000 065518
1517293157.221457:  1811 001772 0506 000460 2733 002594 2420 002342 3468 003691 1909 001987 0000 000000
1517293157.221554:  1811 001772 0506 000460 2733 002594 2420 002342 3468 003691 1909 001987 0000 000000
1517293157.323200:  1815 001815 0531 000531 2673 002673 2417 002417 3449 003449 1906 001906 0000 000000
1517293157.423999:  1815 001775 0531 000472 2673 002563 2417 002341 3449 003684 1906 001983 0000 000000
1517293157.424080:  1815 001775 0531 000472 2673 002563 2417 002341 3449 003684 1906 001983 0000 000000
1517293157.525669:  1815 065508 0531 000071 2673 065493 2417 065516 3449 000070 1906 064745 0000 065518
1517293157.620672:  1815 001777 0531 000483 2673 002532 2417 002337 3449 003669 1906 001977 0000 000000
1517293157.620754:  1815 001777 0531 000483 2673 002532 2417 002337 3449 003669 1906 001977 0000 000000
1517293157.722277:  1818 001818 0556 000556 2612 002612 2414 002414 3428 003428 1903 001903 0000 000000
1517293157.823093:  1818 001780 0556 000496 2612 002504 2414 002337 3428 003660 1903 001972 0000 000000
1517293157.823155:  1818 001780 0556 000496 2612 002504 2414 002337 3428 003660 1903 001972 0000 000000
1517293157.924806:  1818 065496 0556 000071 2612 065493 2414 065516 3428 000070 1903 064745 0000 065518
1517293158.025600:  1818 001784 0556 000508 2612 002472 2414 002336 3428 003651 1903 001969 0000 000000
1517293158.025671:  1818 001784 0556 000508 2612 002472 2414 002336 3428 003651 1903 001969 0000 000000
1517293158.120649:  1822 001822 0582 000582 2550 002550 2412 002412 3407 003407 1899 001899 0000 000000
1517293158.221492:  1822 001787 0582 000520 2550 002442 2412 002333 3407 003640 1899 001962 0000 000000
1517293158.221606:  1822 001787 0582 000520 2550 002442 2412 002333 3407 003640 1899 001962 0000 000000
1517293158.323548:  1822 065496 0582 000071 2550 065493 2412 065516 3407 000070 1899 064755 0000 065518
1517293158.424365:  1822 001789 0582 000533 2550 002410 2412 002331 3407 003629 1899 001960 0000 000000
1517293158.424448:  1822 001789 0582 000533 2550 002410 2412 002331 3407 003629 1899 001960 0000 000000
1517293158.525955:  1826 001826 0607 000607 2486 002486 2409 002409 3385 003385 1895 001895 0000 000000
1517293158.620672:  1826 001793 0607 000545 2486 002380 2409 002330 3385 003615 1895 001953 0000 000000
1517293158.620777:  1826 001793 0607 000545 2486 002380 2409 002330 3385 003615 1895 001953 0000 000000
1517293158.722498:  1826 065496 0607 000083 2486 065483 2409 065516 3385 000070 1895 064765 0000 065518
1517293158.823263:  1826 001795 0607 000558 2486 002349 2409 002330 3385 003605 1895 001946 0000 000000
1517293158.823316:  1826 001795 0607 000558 2486 002349 2409 002330 3385 003605 1895 001946 0000 000000
1517293158.924916:  1829 001829 0634 000634 2422 002422 2406 002406 3362 003362 1891 001891 0000 000000
1517293159.025655:  1829 001797 0634 000574 2422 002314 2406 002326 3362 003596 1891 001945 0000 000000
1517293159.025727:  1829 001797 0634 000574 2422 002314 2406 002326 3362 003596 1891 001945 0000 000000
1517293159.120669:  1829 065496 0634 000071 2422 065483 2406 065516 3362 000070 1891 064765 0000 065518
1517293159.221489:  1829 001802 0634 000588 2422 002286 2406 002326 3362 003581 1891 001932 0000 000000
1517293159.221586:  1829 001802 0634 000588 2422 002286 2406 002326 3362 003581 1891 001932 0000 000000
1517293159.323371:  1832 001832 0660 000660 2356 002356 2402 002402 3338 003338 1887 001887 0000 000000
1517293159.424053:  1832 001802 0660 000601 2356 002252 2402 002325 3338 003570 1887 001929 0000 000000
1517293159.424121:  1832 001802 0660 000601 2356 002252 2402 002325 3338 003570 1887 001929 0000 000000
1517293159.525862:  1832 065496 0660 000071 2356 065483 2402 065516 3338 000070 1887 064775 0000 065518
1517293159.620618:  1832 001802 0660 000615 2356 002219 2402 002325 3338 003557 1887 001927 0000 000000
1517293159.620673:  1832 001802 0660 000615 2356 002219 2402 002325 3338 003557 1887 001927 0000 000000
1517293159.722357:  1835 001835 0687 000687 2289 002289 2399 002399 3313 003313 1883 001883 0000 000000
1517293159.823176:  1835 001801 0687 000628 2289 002187 2399 002322 3313 003546 1883 001916 0000 000000
1517293159.823253:  1835 001801 0687 000628 2289 002187 2399 002322 3313 003546 1883 001916 0000 000000
1517293159.925253:  1835 065496 0687 000071 2289 065483 2399 065516 3313 000070 1883 064785 0000 065518
1517293160.026050:  1835 001801 0687 000641 2289 002154 2399 002323 3313 003535 1883 001916 0000 000000
1517293160.026122:  1835 001801 0687 000641 2289 002154 2399 002323 3313 003535 1883 001916 0000 000000
1517293160.120619:  1838 001838 0714 000714 2222 002222 2396 002396 3287 003287 1879 001879 0000 000000
1517293160.221398:  1838 001801 0714 000654 2222 002121 2396 002321 3287 003521 1879 001906 0000 000000
1517293160.221452:  1838 001801 0714 000654 2222 002121 2396 002321 3287 003521 1879 001906 0000 000000
1517293160.323185:  1838 065496 0714 000071 2222 065483 2396 065516 3287 000080 1879 064795 0000 065518
1517293160.423992:  1838 001801 0714 000667 2222 002088 2396 002321 3287 003508 1879 001899 0000 000000
1517293160.424085:  1838 001801 0714 000667 2222 002088 2396 002321 3287 003508 1879 001899 0000 000000
1517293160.525702:  1841 001841 0742 000742 2153 002153 2393 002393 3261 003261 1874 001874 0000 000000
1517293160.620653:  1841 001801 0742 000681 2153 002053 2393 002320 3261 003493 1874 001898 0000 000000
1517293160.620706:  1841 001801 0742 000681 2153 002053 2393 002320 3261 003493 1874 001898 0000 000000
1517293160.722323:  1841 065508 0742 000071 2153 065483 2393 065516 3261 000080 1874 064805 0000 065518
1517293160.823048:  1841 001802 0742 000694 2153 002020 2393 002318 3261 003480 1874 001886 0000 000000
1517293160.823115:  1841 001802 0742 000694 2153 002020 2393 002318 3261 003480 1874 001886 0000 000000
1517293160.924870:  1843 001843 0770 000770 2083 002083 2389 002389 3233 003233 1869 001869 0000 000000
1517293161.025741:  1843 001805 0770 000710 2083 001984 2389 002317 3233 003466 1869 001885 0000 000000
1517293161.025825:  1843 001805 0770 000710 2083 001984 2389 002317 3233 003466 1869 001885 0000 000000
1517293161.120654:  1843 065496 0770 000071 2083 065483 2389 065516 3233 000080 1869 064805 0000 065518
1517293161.221535:  1843 001806 0770 000725 2083 001950 2389 002315 3233 003453 1869 001873 0000 000000
1517293161.221609:  1843 001806 0770 000725 2083 001950 2389 002315 3233 003453 1869 001873 0000 000000
1517293161.323115:  1846 001846 0799 000799 2013 002013 2385 002385 3204 003204 1864 001864 0000 000000
1517293161.423906:  1846 001807 0799 000740 2013 001917 2385 002314 3204 003438 1864 001866 0000 000000
1517293161.423963:  1846 001807 0799 000740 2013 001917 2385 002314 3204 003438 1864 001866 0000 000000
1517293161.525719:  1846 065496 0799 000071 2013 065483 2385 065516 3204 000080 1864 064815 0000 065518
1517293161.620657:  1846 001808 0799 000754 2013 001880 2385 002312 3204 003424 1864 001865 0000 000000
1517293161.620703:  1846 001808 0799 000754 2013 001880 2385 002312 3204 003424 1864 001865 0000 000000
1517293161.722586:  1848 001848 0828 000828 1942 001942 2381 002381 3174 003174 1859 001859 0000 000000
1517293161.823407:  1848 001808 0828 000769 1942 001846 2381 002310 3174 003409 1859 001853 0000 000000
1517293161.823521:  1848 001808 0828 000769 1942 001846 2381 002310 3174 003409 1859 001853 0000 000000
1517293161.925218:  1848 065508 0828 000071 1942 065473 2381 065516 3174 000080 1859 064815 0000 065518
1517293162.026029:  1848 001809 0828 000783 1942 001809 2381 002308 3174 003394 1859 001851 0000 000000
1517293162.026090:  1848 001809 0828 000783 1942 001809 2381 002308 3174 003394 1859 001851 0000 000000
1517293162.120651:  1850 001850 0858 000858 1870 001870 2377 002377 3144 003144 1854 001854 0000 000000
1517293162.221423:  1850 001810 0858 000797 1870 001773 2377 002306 3144 003380 1854 001838 0000 000000
1517293162.221488:  1850 001810 0858 000797 1870 001773 2377 002306 3144 003380 1854 001838 0000 000000
1517293162.323198:  1850 065508 0858 000071 1870 065473 2377 065516 3144 000080 1854 064825 0000 065518
1517293162.424039:  1850 001812 0858 000812 1870 001737 2377 002304 3144 003365 1854 001831 0000 000000
1517293162.424127:  1850 001812 0858 000812 1870 001737 2377 002304 3144 003365 1854 001831 0000 000000
1517293162.525773:  1852 001852 0888 000888 1797 001797 2373 002373 3112 003112 1848 001848 0000 000000
1517293162.620620:  1852 001815 0888 000826 1797 001701 2373 002303 3112 003350 1848 001830 0000 000000
1517293162.620695:  1852 001815 0888 000826 1797 001701 2373 002303 3112 003350 1848 001830 0000 000000
