1517554787.104600:  0000 001319 0000 000261 0000 002908 0000 001959 0000 002894 0000 001595 0000 000000
1517554787.665292:  1318 001318 0261 000261 2907 002907 1959 001959 2894 002894 1594 001594 0000 000000
1517554787.726106:  1318 001288 0261 000259 2907 002891 1959 001962 2894 002871 1594 001594 0000 000000
1517554787.726199:  1318 001288 0261 000259 2907 002891 1959 001962 2894 002871 1594 001594 0000 000000
1517554787.787853:  1318 065144 0261 065535 2907 065076 1959 065036 2894 000440 1594 064736 0000 065518
1517554787.848744:  1318 001203 0261 000258 2907 002840 1959 001956 2894 002810 1594 001581 0000 000000
1517554787.848798:  1318 001203 0261 000258 2907 002840 1959 001956 2894 002810 1594 001581 0000 000000
1517554787.910386:  1358 001358 0256 000256 2916 002916 1941 001941 2913 002913 1588 001588 0000 000000
1517554787.971137:  1358 001118 0256 000259 2916 002780 1941 001927 2913 002747 1588 001560 0000 000000
1517554787.971270:  1358 001118 0256 000259 2916 002780 1941 001927 2913 002747 1588 001560 0000 000000
1517554788.032867:  1358 065384 0256 065535 2916 065206 1941 065046 2913 000300 1588 064766 0000 065518
1517554788.093512:  1358 001057 0256 000258 2916 002720 1941 001899 2913 002689 1588 001535 0000 000000
1517554788.093582:  1358 001057 0256 000258 2916 002720 1941 001899 2913 002689 1588 001535 0000 000000
1517554788.155126:  1398 001398 0252 000252 2924 002924 1923 001923 2933 002933 1582 001582 0000 000000
1517554788.215915:  1398 001018 0252 000259 2924 002666 1923 001867 2933 002638 1582 001506 0000 000000
1517554788.216015:  1398 001018 0252 000259 2924 002666 1923 001867 2933 002638 1582 001506 0000 000000
1517554788.277923:  1398 065528 0252 065535 2924 065326 1923 065096 2933 000170 1582 064816 0000 065518
1517554788.338716:  1398 000996 0252 000259 2924 002614 1923 001836 2933 002589 1582 001483 0000 000000
1517554788.338792:  1398 000996 0252 000259 2924 002614 1923 001836 2933 002589 1582 001483 0000 000000
1517554788.400631:  1439 001439 0249 000249 2931 002931 1905 001905 2953 002953 1576 001576 0000 000000
1517554788.461357:  1439 000988 0249 000259 2931 002570 1905 001807 2953 002551 1576 001462 0000 000000
1517554788.461410:  1439 000988 0249 000259 2931 002570 1905 001807 2953 002551 1576 001462 0000 000000
1517554788.523162:  1439 000064 0249 065523 2931 065416 1905 065136 2953 000070 1576 064856 0000 065518
1517554788.583958:  1439 000988 0249 000259 2931 002532 1905 001775 2953 002522 1576 001440 0000 000000
1517554788.584025:  1439 000988 0249 000259 2931 002532 1905 001775 2953 002522 1576 001440 0000 000000
1517554788.644966:  1481 001481 0245 000245 2938 002938 1887 001887 2974 002974 1571 001571 0000 000000
1517554788.705780:  1481 000995 0245 000259 2938 002501 1887 001746 2974 002505 1571 001425 0000 000000
1517554788.705879:  1481 000995 0245 000259 2938 002501 1887 001746 2974 002505 1571 001425 0000 000000
1517554788.767803:  1481 000100 0245 065523 2938 065486 1887 065176 2974 000020 1571 064876 0000 065518
1517554788.828625:  1481 001005 0245 000259 2938 002477 1887 001715 2974 002496 1571 001414 0000 000000
1517554788.828684:  1481 001005 0245 000259 2938 002477 1887 001715 2974 002496 1571 001414 0000 000000
1517554788.890221:  1524 001524 0242 000242 2944 002944 1869 001869 2995 002995 1565 001565 0000 000000
1517554788.950945:  1524 001020 0242 000260 2944 002453 1869 001687 2995 002494 1565 001398 0000 000000
1517554788.951004:  1524 001020 0242 000260 2944 002453 1869 001687 2995 002494 1565 001398 0000 000000
1517554789.012894:  1524 000112 0242 065523 2944 000000 1869 065226 2995 065526 1565 064886 0000 065518
1517554789.073688:  1524 001038 0242 000259 2944 002435 1869 001656 2995 002494 1565 001404 0000 000000
1517554789.073774:  1524 001038 0242 000259 2944 002435 1869 001656 2995 002494 1565 001404 0000 000000
1517554789.134901:  1567 001567 0240 000240 2950 002950 1852 001852 3016 003016 1560 001560 0000 000000
1517554789.195747:  1567 001054 0240 000260 2950 002428 1852 001630 3016 002500 1560 001402 0000 000000
1517554789.195803:  1567 001054 0240 000260 2950 002428 1852 001630 3016 002500 1560 001402 0000 000000
1517554789.257648:  1567 000124 0240 065511 2950 000020 1852 065256 3016 065516 1560 064886 0000 065518
1517554789.318459:  1567 001075 0240 000260 2950 002421 1852 001603 3016 002508 1560 001403 0000 000000
1517554789.318526:  1567 001075 0240 000260 2950 002421 1852 001603 3016 002508 1560 001403 0000 000000
1517554789.380474:  1611 001611 0237 000237 2955 002955 1834 001834 3038 003038 1554 001554 0000 000000
1517554789.441254:  1611 001094 0237 000260 2955 002416 1834 001575 3038 002517 1554 001406 0000 000000
1517554789.441316:  1611 001094 0237 000260 2955 002416 1834 001575 3038 002517 1554 001406 0000 000000
1517554789.502937:  1611 000136 0237 065511 2955 000040 1834 065296 3038 065516 1554 064876 0000 065518
1517554789.563774:  1611 001116 0237 000260 2955 002413 1834 001549 3038 002525 1554 001408 0000 000000
1517554789.563849:  1611 001116 0237 000260 2955 002413 1834 001549 3038 002525 1554 001408 0000 000000
1517554789.624755:  1656 001656 0235 000235 2959 002959 1816 001816 3060 003060 1549 001549 0000 000000
1517554789.685593:  1656 001137 0235 000260 2959 002411 1816 001523 3060 002535 1549 001410 0000 000000
1517554789.685662:  1656 001137 0235 000260 2959 002411 1816 001523 3060 002535 1549 001410 0000 000000
1517554789.747238:  1656 000136 0235 065511 2959 000040 1816 065326 3060 065506 1549 064866 0000 065518
1517554789.807876:  1656 001158 0235 000260 2959 002409 1816 001500 3060 002547 1549 001417 0000 000000
1517554789.807931:  1656 001158 0235 000260 2959 002409 1816 001500 3060 002547 1549 001417 0000 000000
1517554789.869514:  1701 001701 0233 000233 2963 002963 1799 001799 3082 003082 1544 001544 0000 000000
1517554789.930266:  1701 001181 0233 000260 2963 002406 1799 001473 3082 002559 1544 001422 0000 000000
1517554789.930339:  1701 001181 0233 000260 2963 002406 1799 001473 3082 002559 1544 001422 0000 000000
1517554789.991985:  1701 000136 0233 065511 2963 000050 1799 065356 3082 065516 1544 064846 0000 065518
1517554790.052778:  1701 001213 0233 000261 2963 002404 1799 001449 3082 002571 1544 001427 0000 000000
1517554790.052837:  1701 001213 0233 000261 2963 002404 1799 001449 3082 002571 1544 001427 0000 000000
1517554790.104585:  1747 001747 0232 000232 2966 002966 1781 001781 3105 003105 1539 001539 0000 000000
1517554790.165405:  1747 001225 0232 000261 2966 002404 1781 001428 3105 002515 1539 001433 0000 000000
1517554790.165499:  1747 001225 0232 000261 2966 002404 1781 001428 3105 002515 1539 001433 0000 000000
1517554790.227073:  1747 000136 0232 065499 2966 000060 1781 065386 3105 065516 1539 064836 0000 065518
1517554790.287938:  1747 001247 0232 000261 2966 002402 1781 001405 3105 002598 1539 001439 0000 000000
1517554790.288014:  1747 001247 0232 000261 2966 002402 1781 001405 3105 002598 1539 001439 0000 000000
1517554790.349614:  1793 001793 0230 000230 2968 002968 1764 001764 3128 003128 1535 001535 0000 000000
1517554790.410416:  1793 001269 0230 000261 2968 002401 1764 001395 3128 002610 1535 001445 0000 000000
1517554790.410499:  1793 001269 0230 000261 2968 002401 1764 001395 3128 002610 1535 001445 0000 000000
1517554790.472406:  1793 000136 0230 065499 2968 000060 1764 065396 3128 065516 1535 064816 0000 065518
1517554790.533199:  1793 001293 0230 000261 2968 002400 1764 001394 3128 002621 1535 001452 0000 000000
1517554790.533261:  1793 001293 0230 000261 2968 002400 1764 001394 3128 002621 1535 001452 0000 000000
1517554790.594742:  1840 001840 0229 000229 2970 002970 1747 001747 3151 003151 1531 001531 0000 000000
1517554790.655211:  1840 001318 0229 000278 2970 002401 1747 001394 3151 002631 1531 001456 0000 000000
1517554790.655307:  1840 001318 0229 000278 2970 002401 1747 001394 3151 002631 1531 001456 0000 000000
1517554790.717064:  1840 000136 0229 065499 2970 000070 1747 065376 3151 065516 1531 064796 0000 065518
1517554790.777861:  1840 001341 0229 000261 2970 002398 1747 001394 3151 002643 1531 001463 0000 000000
1517554790.777929:  1840 001341 0229 000261 2970 002398 1747 001394 3151 002643 1531 001463 0000 000000
1517554790.839968:  1887 001887 0229 000229 2971 002971 1730 001730 3174 003174 1526 001526 0000 000000
1517554790.900654:  1887 001362 0229 000261 2971 002398 1730 001394 3174 002689 1526 001469 0000 000000
1517554790.900750:  1887 001362 0229 000261 2971 002398 1730 001394 3174 002689 1526 001469 0000 000000
1517554790.962252:  1887 000136 0229 065499 2971 000070 1730 065356 3174 065516 1526 064786 0000 065518
1517554791.023092:  1887 001385 0229 000261 2971 002398 1730 001394 3174 002666 1526 001473 0000 000000
1517554791.023160:  1887 001385 0229 000261 2971 002398 1730 001394 3174 002666 1526 001473 0000 000000
1517554791.085058:  1934 001934 0228 000228 2972 002972 1713 001713 3197 003197 1523 001523 0000 000000
1517554791.144987:  1934 001408 0228 000260 2972 002395 1713 001392 3197 002676 1523 001478 0000 000000
1517554791.145075:  1934 001408 0228 000260 2972 002395 1713 001392 3197 002676 1523 001478 0000 000000
1517554791.206654:  1934 000136 0228 065499 2972 000070 1713 065346 3197 065516 1523 064766 0000 065518
1517554791.267368:  1934 001430 0228 000261 2972 002392 1713 001391 3197 002690 1523 001487 0000 000000
1517554791.267422:  1934 001430 0228 000261 2972 002392 1713 001391 3197 002690 1523 001487 0000 000000
1517554791.328998:  1981 001981 0228 000228 2972 002972 1696 001696 3220 003220 1519 001519 0000 000000
1517554791.389746:  1981 001453 0228 000261 2972 002395 1696 001393 3220 002702 1519 001492 0000 000000
1517554791.389823:  1981 001453 0228 000261 2972 002395 1696 001393 3220 002702 1519 001492 0000 000000
1517554791.451362:  1981 000148 0228 065499 2972 000070 1696 065326 3220 065516 1519 064756 0000 065518
1517554791.512119:  1981 001478 0228 000261 2972 002395 1696 001394 3220 002713 1519 001496 0000 000000
1517554791.512193:  1981 001478 0228 000261 2972 002395 1696 001394 3220 002713 1519 001496 0000 000000
1517554791.573772:  2029 002029 0229 000229 2971 002971 1679 001679 3244 003244 1515 001515 0000 000000
1517554791.624785:  2029 001501 0229 000261 2971 002392 1679 001393 3244 002725 1515 001504 0000 000000
1517554791.624840:  2029 001501 0229 000261 2971 002392 1679 001393 3244 002725 1515 001504 0000 000000
1517554791.686489:  2029 000148 0229 065499 2971 000070 1679 065306 3244 065516 1515 064736 0000 065518
1517554791.747292:  2029 001525 0229 000261 2971 002393 1679 001392 3244 002735 1515 001508 0000 000000
1517554791.747372:  2029 001525 0229 000261 2971 002393 1679 001392 3244 002735 1515 001508 0000 000000
1517554791.808901:  2076 002076 0229 000229 2970 002970 1663 001663 3267 003267 1512 001512 0000 000000
1517554791.869772:  2076 001550 0229 000261 2970 002392 1663 001393 3267 002747 1512 001514 0000 000000
1517554791.869851:  2076 001550 0229 000261 2970 002392 1663 001393 3267 002747 1512 001514 0000 000000
1517554791.931218:  2076 000136 0229 065499 2970 000070 1663 065296 3267 065516 1512 064736 0000 065518
1517554791.991936:  2076 001575 0229 000261 2970 002391 1663 001393 3267 002759 1512 001520 0000 000000
1517554791.991995:  2076 001575 0229 000261 2970 002391 1663 001393 3267 002759 1512 001520 0000 000000
1517554792.053621:  2124 002124 0230 000230 2968 002968 1647 001647 3290 003290 1509 001509 0000 000000
1517554792.104644:  2124 001597 0230 000261 2968 002391 1647 001385 3290 002770 1509 001525 0000 000000
1517554792.104740:  2124 001597 0230 000261 2968 002391 1647 001385 3290 002770 1509 001525 0000 000000
1517554792.167940:  2124 000148 0230 065499 2968 000070 1647 065206 3290 065516 1509 064736 0000 065518
1517554792.228569:  2124 001621 0230 000261 2968 002390 1647 001393 3290 002781 1509 001531 0000 000000
1517554792.228635:  2124 001621 0230 000261 2968 002390 1647 001393 3290 002781 1509 001531 0000 000000
1517554792.290303:  2171 002171 0232 000232 2966 002966 1631 001631 3314 003314 1506 001506 0000 000000
1517554792.350855:  2171 001643 0232 000262 2966 002390 1631 001394 3314 002793 1506 001537 0000 000000
1517554792.350908:  2171 001643 0232 000262 2966 002390 1631 001394 3314 002793 1506 001537 0000 000000
1517554792.412691:  2171 000136 0232 065499 2966 000070 1631 065266 3314 065516 1506 064736 0000 065518
1517554792.473349:  2171 001670 0232 000261 2966 002388 1631 001393 3314 002805 1506 001543 0000 000000
1517554792.473404:  2171 001670 0232 000261 2966 002388 1631 001393 3314 002805 1506 001543 0000 000000
1517554792.535120:  2219 002219 0233 000233 2963 002963 1615 001615 3337 003337 1503 001503 0000 000000
1517554792.595801:  2219 001695 0233 000262 2963 002388 1615 001393 3337 002818 1503 001548 0000 000000
1517554792.595853:  2219 001695 0233 000262 2963 002388 1615 001393 3337 002818 1503 001548 0000 000000
1517554792.655168:  2219 000136 0233 065511 2963 000070 1615 065246 3337 065516 1503 064736 0000 065518
1517554792.715827:  2219 001718 0233 000261 2963 002387 1615 001393 3337 002830 1503 001554 0000 000000
1517554792.715881:  2219 001718 0233 000261 2963 002387 1615 001393 3337 002830 1503 001554 0000 000000
1517554792.777587:  2266 002266 0235 000235 2959 002959 1599 001599 3360 003360 1501 001501 0000 000000
1517554792.838202:  2266 001742 0235 000261 2959 002386 1599 001393 3360 002840 1501 001560 0000 000000
1517554792.838260:  2266 001742 0235 000261 2959 002386 1599 001393 3360 002840 1501 001560 0000 000000
1517554792.899993:  2266 000136 0235 065511 2959 000070 1599 065226 3360 065516 1501 064736 0000 065518
1517554792.960794:  2266 001767 0235 000262 2959 002385 1599 001393 3360 002852 1501 001566 0000 000000
1517554792.960866:  2266 001767 0235 000262 2959 002385 1599 001393 3360 002852 1501 001566 0000 000000
1517554793.022684:  2313 002313 0237 000237 2955 002955 1584 001584 3382 003382 1498 001498 0000 000000
1517554793.083395:  2313 001791 0237 000262 2955 002384 1584 001393 3382 002864 1498 001571 0000 000000
1517554793.083488:  2313 001791 0237 000262 2955 002384 1584 001393 3382 002864 1498 001571 0000 000000
1517554793.144990:  2313 000136 0237 065511 2955 000060 1584 065216 3382 065516 1498 064736 0000 065518
1517554793.205801:  2313 001815 0237 000261 2955 002384 1584 001393 3382 002875 1498 001577 0000 000000
1517554793.205858:  2313 001815 0237 000261 2955 002384 1584 001393 3382 002875 1498 001577 0000 000000
1517554793.267461:  2359 002359 0240 000240 2950 002950 1569 001569 3405 003405 1496 001496 0000 000000
1517554793.328255:  2359 001837 0240 000262 2950 002374 1569 001393 3405 002886 1496 001583 0000 000000
1517554793.328344:  2359 001837 0240 000262 2950 002374 1569 001393 3405 002886 1496 001583 0000 000000
1517554793.390211:  2359 000136 0240 065511 2950 000060 1569 065196 3405 065516 1496 064736 0000 065518
1517554793.451016:  2359 001860 0240 000262 2950 002382 1569 001393 3405 002897 1496 001588 0000 000000
1517554793.451110:  2359 001860 0240 000262 2950 002382 1569 001393 3405 002897 1496 001588 0000 000000
1517554793.512992:  2405 002405 0242 000242 2944 002944 1554 001554 3427 003427 1494 001494 0000 000000
1517554793.573769:  2405 001885 0242 000262 2944 002381 1554 001393 3427 002907 1494 001594 0000 000000
1517554793.573870:  2405 001885 0242 000262 2944 002381 1554 001393 3427 002907 1494 001594 0000 000000
1517554793.634882:  2405 000136 0242 065523 2944 000060 1554 065186 3427 065516 1494 064736 0000 065518
1517554793.695637:  2405 001906 0242 000262 2944 002380 1554 001393 3427 002919 1494 001599 0000 000000
1517554793.695729:  2405 001906 0242 000262 2944 002380 1554 001393 3427 002919 1494 001599 0000 000000
