1517553517.037420:  0000 001324 0000 000100 0000 002899 0000 001926 0000 002905 0000 000510 0000 000000
1517553517.598195:  1324 001324 0179 000179 2899 002899 1926 001926 2905 002905 0510 000510 0000 000000
1517553517.659053:  1324 001298 0179 000100 2899 002883 1926 001919 2905 002887 0510 000509 0000 000000
1517553517.659126:  1324 001298 0179 000100 2899 002883 1926 001919 2905 002887 0510 000509 0000 000000
1517553517.720695:  1324 065120 0179 065132 2899 065056 1926 065046 2905 000450 0510 064746 0000 065518
1517553517.781393:  1324 001211 0179 000100 2899 002837 1926 001895 2905 002826 0510 000483 0000 000000
1517553517.781477:  1324 001211 0179 000100 2899 002837 1926 001895 2905 002826 0510 000483 0000 000000
1517553517.843218:  1337 001337 0192 000192 2873 002873 1920 001920 2911 002911 0507 000507 0000 000000
1517553517.904022:  1337 001129 0192 000100 2873 002784 1920 001870 2911 002768 0507 000455 0000 000000
1517553517.904057:  1337 001129 0192 000100 2873 002784 1920 001870 2911 002768 0507 000455 0000 000000
1517553517.965880:  1337 065324 0192 065144 2873 065136 1920 065096 2911 000330 0507 064796 0000 065518
1517553518.026725:  1337 001064 0192 000100 2873 002728 1920 001842 2911 002710 0507 000425 0000 000000
1517553518.026801:  1337 001064 0192 000100 2873 002728 1920 001842 2911 002710 0507 000425 0000 000000
1517553518.087926:  1349 001349 0205 000205 2847 002847 1914 001914 2918 002918 0505 000505 0000 000000
1517553518.148665:  1349 001013 0205 000100 2847 002676 1914 001817 2918 002657 0505 000394 0000 000000
1517553518.148733:  1349 001013 0205 000100 2847 002676 1914 001817 2918 002657 0505 000394 0000 000000
1517553518.210419:  1349 065468 0205 065168 2847 065216 1914 065136 2918 000210 0505 064856 0000 065518
1517553518.271213:  1349 000974 0205 000100 2847 002623 1914 001790 2918 002607 0505 000362 0000 000000
1517553518.271281:  1349 000974 0205 000100 2847 002623 1914 001790 2918 002607 0505 000362 0000 000000
1517553518.333167:  1362 001362 0218 000218 2821 002821 1908 001908 2923 002923 0502 000502 0000 000000
1517553518.393942:  1362 000949 0218 000099 2821 002572 1908 001764 2923 002561 0502 000330 0000 000000
1517553518.394009:  1362 000949 0218 000099 2821 002572 1908 001764 2923 002561 0502 000330 0000 000000
1517553518.455738:  1362 000016 0218 065180 2821 065296 1908 065186 2923 000120 0502 064916 0000 065518
1517553518.516584:  1362 000929 0218 000100 2821 002524 1908 001738 2923 002522 0502 000298 0000 000000
1517553518.516672:  1362 000929 0218 000100 2821 002524 1908 001738 2923 002522 0502 000298 0000 000000
1517553518.577802:  1373 001373 0232 000232 2794 002794 1902 001902 2929 002929 0500 000500 0000 000000
1517553518.638656:  1373 000922 0232 000100 2794 002479 1902 001713 2929 002421 0500 000269 0000 000000
1517553518.638725:  1373 000922 0232 000100 2794 002479 1902 001713 2929 002421 0500 000269 0000 000000
1517553518.700396:  1373 000052 0232 065192 2794 065356 1902 065226 2929 000050 0500 064736 0000 065518
1517553518.761212:  1373 000915 0232 000100 2794 002436 1902 001690 2929 002471 0500 000235 0000 000000
1517553518.761302:  1373 000915 0232 000100 2794 002436 1902 001690 2929 002471 0500 000235 0000 000000
1517553518.823242:  1385 001385 0245 000245 2767 002767 1896 001896 2933 002933 0500 000500 0000 000000
1517553518.884065:  1385 000913 0245 000100 2767 002397 1896 001663 2933 002455 0500 000204 0000 000000
1517553518.884133:  1385 000913 0245 000100 2767 002397 1896 001663 2933 002455 0500 000204 0000 000000
1517553518.945745:  1385 000064 0245 065216 2767 065406 1896 065276 2933 000020 0500 064736 0000 065518
1517553519.006587:  1385 000912 0245 000100 2767 002360 1896 001639 2933 002441 0500 000172 0000 000000
1517553519.006668:  1385 000912 0245 000100 2767 002360 1896 001639 2933 002441 0500 000172 0000 000000
1517553519.067644:  1396 001396 0259 000259 2739 002739 1891 001891 2937 002937 0500 000500 0000 000000
1517553519.128501:  1396 000912 0259 000100 2739 002330 1891 001614 2937 002431 0500 000140 0000 000000
1517553519.128554:  1396 000912 0259 000100 2739 002330 1891 001614 2937 002431 0500 000140 0000 000000
1517553519.190130:  1396 000076 0259 065228 2739 065446 1891 065316 2937 065526 0500 064736 0000 065518
1517553519.251039:  1396 000914 0259 000100 2739 002301 1891 001590 2937 002425 0500 000107 0000 000000
1517553519.251111:  1396 000914 0259 000100 2739 002301 1891 001590 2937 002425 0500 000107 0000 000000
1517553519.312950:  1406 001406 0273 000273 2710 002710 1885 001885 2941 002941 0500 000500 0000 000000
1517553519.373840:  1406 000914 0273 000099 2710 002274 1885 001566 2941 002425 0500 000074 0000 000000
1517553519.373893:  1406 000914 0273 000099 2710 002274 1885 001566 2941 002425 0500 000074 0000 000000
1517553519.435700:  1406 000076 0273 065252 2710 065466 1885 065356 2941 065526 0500 064736 0000 065518
1517553519.496508:  1406 000924 0273 000100 2710 002251 1885 001546 2941 002427 0500 000042 0000 000000
1517553519.496575:  1406 000924 0273 000100 2710 002251 1885 001546 2941 002427 0500 000042 0000 000000
1517553519.557600:  1416 001416 0287 000287 2681 002681 1880 001880 2944 002944 0500 000500 0000 000000
1517553519.618468:  1416 000929 0287 000100 2681 002227 1880 001525 2944 002429 0500 000007 0000 000000
1517553519.618537:  1416 000929 0287 000100 2681 002227 1880 001525 2944 002429 0500 000007 0000 000000
1517553519.680415:  1416 000076 0287 065264 2681 065486 1880 065396 2944 065526 0500 064736 0000 065518
1517553519.741322:  1416 000934 0287 000100 2681 002206 1880 001504 2944 002432 0500 000002 0000 000000
1517553519.741412:  1416 000934 0287 000100 2681 002206 1880 001504 2944 002432 0500 000002 0000 000000
1517553519.803367:  1426 001426 0301 000301 2651 002651 1874 001874 2947 002947 0500 000500 0000 000000
1517553519.864163:  1426 000940 0301 000100 2651 002186 1874 001484 2947 002435 0500 000339 0000 000000
1517553519.864231:  1426 000940 0301 000100 2651 002186 1874 001484 2947 002435 0500 000339 0000 000000
1517553519.925859:  1426 000076 0301 065276 2651 065496 1874 065426 2947 065526 0500 064736 0000 065518
1517553519.986699:  1426 000946 0301 000100 2651 002165 1874 001466 2947 002438 0500 000829 0000 000000
1517553519.986751:  1426 000946 0301 000100 2651 002165 1874 001466 2947 002438 0500 000829 0000 000000
1517553520.047486:  1436 001436 0315 000315 2621 002621 1869 001869 2949 002949 0480 000480 0000 000000
1517553520.108159:  1436 000954 0315 000099 2621 002145 1869 001447 2949 002441 0480 004092 0000 000000
1517553520.108275:  1436 000954 0315 000099 2621 002145 1869 001447 2949 002441 0480 004092 0000 000000
1517553520.170177:  1436 000076 0315 065300 2621 065506 1869 065456 2949 000000 0480 064736 0000 065518
1517553520.231036:  1436 000960 0315 000100 2621 002127 1869 001427 2949 002445 0480 004093 0000 000000
1517553520.231149:  1436 000960 0315 000100 2621 002127 1869 001427 2949 002445 0480 004093 0000 000000
1517553520.292611:  1445 001445 0330 000330 2591 002591 1864 001864 2951 002951 0480 000480 0000 000000
1517553520.353455:  1445 000966 0330 000099 2591 002110 1864 001411 2951 002449 0480 004065 0000 000000
1517553520.353526:  1445 000966 0330 000099 2591 002110 1864 001411 2951 002449 0480 004065 0000 000000
1517553520.415390:  1445 000076 0330 065312 2591 065506 1864 065486 2951 000000 0480 064736 0000 065518
1517553520.476207:  1445 000971 0330 000100 2591 002098 1864 001399 2951 002450 0480 004030 0000 000000
1517553520.476292:  1445 000971 0330 000100 2591 002098 1864 001399 2951 002450 0480 004030 0000 000000
1517553520.537380:  1454 001454 0344 000344 2559 002559 1858 001858 2952 002952 0480 000480 0000 000000
1517553520.598168:  1454 000977 0344 000100 2559 002082 1858 001394 2952 002453 0480 003994 0000 000000
1517553520.598244:  1454 000977 0344 000100 2559 002082 1858 001394 2952 002453 0480 003994 0000 000000
1517553520.659890:  1454 000064 0344 065336 2559 065496 1858 065496 2952 000000 0480 064736 0000 065518
1517553520.720706:  1454 000983 0344 000100 2559 002068 1858 001391 2952 002455 0480 003959 0000 000000
1517553520.720796:  1454 000983 0344 000100 2559 002068 1858 001391 2952 002455 0480 003959 0000 000000
1517553520.782414:  1462 001462 0359 000359 2528 002528 1853 001853 2953 002953 0480 000480 0000 000000
1517553520.843232:  1462 000988 0359 000100 2528 002053 1853 001392 2953 002457 0480 003914 0000 000000
1517553520.843318:  1462 000988 0359 000100 2528 002053 1853 001392 2953 002457 0480 003914 0000 000000
1517553520.905346:  1462 000064 0359 065348 2528 065496 1853 065486 2953 000010 0480 064736 0000 065518
1517553520.966139:  1462 000992 0359 000100 2528 002039 1853 001390 2953 002457 0480 003887 0000 000000
1517553520.966207:  1462 000992 0359 000100 2528 002039 1853 001390 2953 002457 0480 003887 0000 000000
1517553521.027738:  1471 001471 0373 000373 2496 002496 1847 001847 2954 002954 0465 000465 0000 000000
1517553521.087948:  1471 000996 0373 000100 2496 002023 1847 001391 2954 002459 0465 003850 0000 000000
1517553521.088025:  1471 000996 0373 000100 2496 002023 1847 001391 2954 002459 0465 003850 0000 000000
1517553521.149715:  1471 000064 0373 065372 2496 065496 1847 065486 2954 000010 0465 064736 0000 065518
1517553521.210567:  1471 001001 0373 000100 2496 002008 1847 001391 2954 002460 0465 003813 0000 000000
1517553521.210636:  1471 001001 0373 000100 2496 002008 1847 001391 2954 002460 0465 003813 0000 000000
1517553521.272347:  1479 001479 0388 000388 2463 002463 1842 001842 2954 002954 0460 000460 0000 000000
1517553521.333157:  1479 001006 0388 000100 2463 001993 1842 001391 2954 002460 0460 003778 0000 000000
1517553521.333225:  1479 001006 0388 000100 2463 001993 1842 001391 2954 002460 0460 003778 0000 000000
1517553521.395300:  1479 000064 0388 065384 2463 065496 1842 065476 2954 000010 0460 064736 0000 065518
1517553521.456088:  1479 001011 0388 000100 2463 001975 1842 001392 2954 002461 0460 003742 0000 000000
1517553521.456161:  1479 001011 0388 000100 2463 001975 1842 001392 2954 002461 0460 003742 0000 000000
1517553521.517805:  1486 001486 0403 000403 2430 002430 1837 001837 2955 002955 0456 000456 0000 000000
1517553521.577726:  1486 001016 0403 000100 2430 001960 1837 001392 2955 002460 0456 003707 0000 000000
1517553521.577828:  1486 001016 0403 000100 2430 001960 1837 001392 2955 002460 0456 003707 0000 000000
1517553521.639600:  1486 000064 0403 065408 2430 065496 1837 065476 2955 000010 0456 064736 0000 065518
1517553521.700340:  1486 001020 0403 000100 2430 001944 1837 001392 2955 002461 0456 003671 0000 000000
1517553521.700407:  1486 001020 0403 000100 2430 001944 1837 001392 2955 002461 0456 003671 0000 000000
1517553521.762071:  1494 001494 0418 000418 2397 002397 1831 001831 2954 002954 0452 000452 0000 000000
1517553521.822825:  1494 001024 0418 000100 2397 001928 1831 001392 2954 002460 0452 003637 0000 000000
1517553521.822893:  1494 001024 0418 000100 2397 001928 1831 001392 2954 002460 0452 003637 0000 000000
1517553521.884564:  1494 000064 0418 065420 2397 065496 1831 065466 2954 000010 0452 064736 0000 065518
1517553521.945367:  1494 001024 0418 000100 2397 001911 1831 001391 2954 002460 0452 003601 0000 000000
1517553521.945462:  1494 001024 0418 000100 2397 001911 1831 001391 2954 002460 0452 003601 0000 000000
1517553522.007007:  1501 001501 0434 000434 2363 002363 1826 001826 2954 002954 0447 000447 0000 000000
1517553522.067643:  1501 001023 0434 000100 2363 001894 1826 001390 2954 002460 0447 003564 0000 000000
1517553522.067681:  1501 001023 0434 000100 2363 001894 1826 001390 2954 002460 0447 003564 0000 000000
1517553522.129150:  1501 000076 0434 065444 2363 065496 1826 065466 2954 000010 0447 064736 0000 065518
1517553522.189982:  1501 001025 0434 000100 2363 001876 1826 001390 2954 002460 0447 003526 0000 000000
1517553522.190059:  1501 001025 0434 000100 2363 001876 1826 001390 2954 002460 0447 003526 0000 000000
1517553522.251804:  1508 001508 0449 000449 2329 002329 1820 001820 2953 002953 0442 000442 0000 000000
1517553522.312536:  1508 001028 0449 000100 2329 001858 1820 001391 2953 002460 0442 003489 0000 000000
1517553522.312614:  1508 001028 0449 000100 2329 001858 1820 001391 2953 002460 0442 003489 0000 000000
1517553522.374206:  1508 000076 0449 065456 2329 065496 1820 065456 2953 000010 0442 064736 0000 065518
1517553522.435104:  1508 001031 0449 000100 2329 001842 1820 001391 2953 002460 0442 003452 0000 000000
1517553522.435211:  1508 001031 0449 000100 2329 001842 1820 001391 2953 002460 0442 003452 0000 000000
1517553522.496808:  1515 001515 0465 000465 2294 002294 1815 001815 2952 002952 0437 000437 0000 000000
1517553522.557571:  1515 001034 0465 000100 2294 001826 1815 001391 2952 002460 0437 003413 0000 000000
1517553522.557639:  1515 001034 0465 000100 2294 001826 1815 001391 2952 002460 0437 003413 0000 000000
1517553522.619233:  1515 000076 0465 065480 2294 065486 1815 065436 2952 000010 0437 064736 0000 065518
1517553522.680039:  1515 001037 0465 000100 2294 001808 1815 001391 2952 002461 0437 003374 0000 000000
1517553522.680112:  1515 001037 0465 000100 2294 001808 1815 001391 2952 002461 0437 003374 0000 000000
1517553522.742027:  1522 001522 0480 000480 2259 002259 1809 001809 2951 002951 0432 000432 0000 000000
1517553522.802871:  1522 001040 0480 000100 2259 001790 1809 001390 2951 002460 0432 003334 0000 000000
1517553522.802925:  1522 001040 0480 000100 2259 001790 1809 001390 2951 002460 0432 003334 0000 000000
1517553522.864883:  1522 000076 0480 065492 2259 065496 1809 065446 2951 000010 0432 064736 0000 065518
1517553522.925721:  1522 001041 0480 000100 2259 001771 1809 001391 2951 002460 0432 003293 0000 000000
1517553522.925800:  1522 001041 0480 000100 2259 001771 1809 001391 2951 002460 0432 003293 0000 000000
1517553522.987307:  1528 001528 0496 000496 2223 002223 1803 001803 2949 002949 0427 000427 0000 000000
1517553523.047511:  1528 001043 0496 000100 2223 001754 1803 001390 2949 002459 0427 003251 0000 000000
1517553523.047548:  1528 001043 0496 000100 2223 001754 1803 001390 2949 002459 0427 003251 0000 000000
1517553523.109222:  1528 000076 0496 065516 2223 065496 1803 065446 2949 000010 0427 064736 0000 065518
1517553523.170057:  1528 001046 0496 000100 2223 001736 1803 001391 2949 002459 0427 003210 0000 000000
1517553523.170123:  1528 001046 0496 000100 2223 001736 1803 001391 2949 002459 0427 003210 0000 000000
1517553523.231996:  1534 001534 0512 000512 2187 002187 1798 001798 2948 002948 0421 000421 0000 000000
1517553523.292870:  1534 001050 0512 000100 2187 001718 1798 001391 2948 002458 0421 003170 0000 000000
1517553523.292935:  1534 001050 0512 000100 2187 001718 1798 001391 2948 002458 0421 003170 0000 000000
1517553523.354951:  1534 000124 0512 000004 2187 065486 1798 065436 2948 000010 0421 064736 0000 065518
1517553523.415792:  1534 001054 0512 000100 2187 001701 1798 001391 2948 002457 0421 003130 0000 000000
1517553523.415867:  1534 001054 0512 000100 2187 001701 1798 001391 2948 002457 0421 003130 0000 000000
1517553523.477706:  1541 001541 0528 000528 2151 002151 1792 001792 2946 002946 0416 000416 0000 000000
1517553523.537417:  1541 001062 0528 000100 2151 001683 1792 001390 2946 002457 0416 003092 0000 000000
1517553523.537468:  1541 001062 0528 000100 2151 001683 1792 001390 2946 002457 0416 003092 0000 000000
1517553523.599334:  1541 000064 0528 000016 2151 065486 1792 065426 2946 000020 0416 064736 0000 065518
1517553523.660132:  1541 001068 0528 000100 2151 001665 1792 001391 2946 002455 0416 003054 0000 000000
1517553523.660206:  1541 001068 0528 000100 2151 001665 1792 001391 2946 002455 0416 003054 0000 000000
