1517293046.451800:  0000 001748 0000 000257 0000 003273 0000 002452 0000 003600 0000 001938 0000 000000
1517293047.052518:  1747 001747 0257 000257 3273 003273 2452 002452 3600 003600 1938 001938 0000 000000
1517293047.153459:  1747 001745 0257 000258 3273 003262 2452 002453 3600 003618 1938 001947 0000 000000
1517293047.153559:  1747 001745 0257 000258 3273 003262 2452 002453 3600 003618 1938 001947 0000 000000
1517293047.255371:  1747 065472 0257 000011 3273 065423 2452 065446 3600 065416 1938 064805 0000 065518
1517293047.356245:  1747 001733 0257 000259 3273 003199 2452 002452 3600 003673 1938 001960 0000 000000
1517293047.356302:  1747 001733 0257 000259 3273 003199 2452 002452 3600 003673 1938 001960 0000 000000
1517293047.451812:  1756 001756 0279 000279 3227 003227 2448 002448 3593 003593 1936 001936 0000 000000
1517293047.552591:  1756 001724 0279 000262 3227 003148 2448 002452 3593 003720 1936 001984 0000 000000
1517293047.552695:  1756 001724 0279 000262 3227 003148 2448 002452 3593 003720 1936 001984 0000 000000
1517293047.654334:  1756 065496 0279 000023 3227 065473 2448 065446 3593 065516 1936 064765 0000 065518
1517293047.755126:  1756 001720 0279 000266 3227 003105 2448 002438 3593 003755 1936 001999 0000 000000
1517293047.755192:  1756 001720 0279 000266 3227 003105 2448 002438 3593 003755 1936 001999 0000 000000
1517293047.856905:  1763 001763 0303 000303 3181 003181 2445 002445 3586 003586 1933 001933 0000 000000
1517293047.951814:  1763 001720 0303 000272 3181 003068 2445 002426 3586 003778 1933 002014 0000 000000
1517293047.951921:  1763 001720 0303 000272 3181 003068 2445 002426 3586 003778 1933 002014 0000 000000
1517293048.053506:  1763 065508 0303 000047 3181 065503 2445 065466 3586 000040 1933 064736 0000 065518
1517293048.154317:  1763 001717 0303 000278 3181 003038 2445 002414 3586 003789 1933 002028 0000 000000
1517293048.154371:  1763 001717 0303 000278 3181 003038 2445 002414 3586 003789 1933 002028 0000 000000
1517293048.256111:  1770 001770 0326 000326 3132 003132 2441 002441 3576 003576 1931 001931 0000 000000
1517293048.356937:  1770 001724 0326 000285 3132 003005 2441 002400 3576 003791 1931 002031 0000 000000
1517293048.357003:  1770 001724 0326 000285 3132 003005 2441 002400 3576 003791 1931 002031 0000 000000
1517293048.451811:  1770 065508 0326 000047 3132 065513 2441 065486 3576 000060 1931 064736 0000 065518
1517293048.552625:  1770 001728 0326 000294 3132 002979 2441 002394 3576 003793 1931 002039 0000 000000
1517293048.552677:  1770 001728 0326 000294 3132 002979 2441 002394 3576 003793 1931 002039 0000 000000
1517293048.654391:  1776 001776 0349 000349 3082 003082 2438 002438 3566 003566 1929 001929 0000 000000
1517293048.755231:  1776 001735 0349 000303 3082 002953 2438 002384 3566 003790 1929 002033 0000 000000
1517293048.755285:  1776 001735 0349 000303 3082 002953 2438 002384 3566 003790 1929 002033 0000 000000
1517293048.856881:  1776 065508 0349 000059 3082 065513 2438 065496 3566 000060 1929 064736 0000 065518
1517293048.951814:  1776 001742 0349 000311 3082 002926 2438 002378 3566 003785 1929 002033 0000 000000
1517293048.951887:  1776 001742 0349 000311 3082 002926 2438 002378 3566 003785 1929 002033 0000 000000
1517293049.053456:  1783 001783 0373 000373 3031 003031 2435 002435 3554 003554 1926 001926 0000 000000
1517293049.154321:  1783 001748 0373 000320 3031 002900 2435 002373 3554 003780 1926 002037 0000 000000
1517293049.154373:  1783 001748 0373 000320 3031 002900 2435 002373 3554 003780 1926 002037 0000 000000
1517293049.256131:  1783 065496 0373 000071 3031 065513 2435 065506 3554 000060 1926 064736 0000 065518
1517293049.356928:  1783 001754 0373 000330 3031 002876 2435 002370 3554 003773 1926 002027 0000 000000
1517293049.356981:  1783 001754 0373 000330 3031 002876 2435 002370 3554 003773 1926 002027 0000 000000
1517293049.451811:  1788 001788 0397 000397 2978 002978 2432 002432 3541 003541 1924 001924 0000 000000
1517293049.552546:  1788 001760 0397 000343 2978 002851 2432 002365 3541 003767 1924 002029 0000 000000
1517293049.552597:  1788 001760 0397 000343 2978 002851 2432 002365 3541 003767 1924 002029 0000 000000
1517293049.654169:  1788 065496 0397 000071 2978 065513 2432 065506 3541 000070 1924 064736 0000 065518
1517293049.755035:  1788 001761 0397 000355 2978 002828 2432 002363 3541 003763 1924 002029 0000 000000
1517293049.755102:  1788 001761 0397 000355 2978 002828 2432 002363 3541 003763 1924 002029 0000 000000
1517293049.856875:  1793 001793 0421 000421 2924 002924 2429 002429 3527 003527 1921 001921 0000 000000
1517293049.951819:  1793 001762 0421 000365 2924 002802 2429 002360 3527 003753 1921 002016 0000 000000
1517293049.951885:  1793 001762 0421 000365 2924 002802 2429 002360 3527 003753 1921 002016 0000 000000
1517293050.053554:  1793 065496 0421 000071 2924 065503 2429 065516 3527 000070 1921 064736 0000 065518
1517293050.154318:  1793 001762 0421 000377 2924 002775 2429 002357 3527 003746 1921 002019 0000 000000
1517293050.154392:  1793 001762 0421 000377 2924 002775 2429 002357 3527 003746 1921 002019 0000 000000
1517293050.256205:  1798 001798 0445 000445 2868 002868 2426 002426 3511 003511 1918 001918 0000 000000
1517293050.356945:  1798 001761 0445 000389 2868 002747 2426 002355 3511 003739 1918 002010 0000 000000
1517293050.357034:  1798 001761 0445 000389 2868 002747 2426 002355 3511 003739 1918 002010 0000 000000
1517293050.451848:  1798 065508 0445 000071 2868 065513 2426 065516 3511 000070 1918 064736 0000 065518
1517293050.552606:  1798 001760 0445 000401 2868 002719 2426 002353 3511 003731 1918 002011 0000 000000
1517293050.552682:  1798 001760 0445 000401 2868 002719 2426 002353 3511 003731 1918 002011 0000 000000
1517293050.654493:  1803 001803 0469 000469 2811 002811 2423 002423 3495 003495 1915 001915 0000 000000
1517293050.755249:  1803 001761 0469 000413 2811 002693 2423 002353 3495 003725 1915 002008 0000 000000
1517293050.755303:  1803 001761 0469 000413 2811 002693 2423 002353 3495 003725 1915 002008 0000 000000
1517293050.856914:  1803 065508 0469 000071 2811 065503 2423 065516 3495 000070 1915 064736 0000 065518
1517293050.951815:  1803 001762 0469 000425 2811 002662 2423 002350 3495 003717 1915 001999 0000 000000
1517293050.951865:  1803 001762 0469 000425 2811 002662 2423 002350 3495 003717 1915 001999 0000 000000
1517293051.053649:  1808 001808 0494 000494 2753 002753 2421 002421 3477 003477 1912 001912 0000 000000
1517293051.154449:  1808 001771 0494 000437 2753 002637 2421 002347 3477 003708 1912 001998 0000 000000
1517293051.154541:  1808 001771 0494 000437 2753 002637 2421 002347 3477 003708 1912 001998 0000 000000
1517293051.256179:  1808 065508 0494 000071 2753 065503 2421 065516 3477 000070 1912 064736 0000 065518
1517293051.356882:  1808 001764 0494 000450 2753 002607 2421 002344 3477 003701 1912 001991 0000 000000
1517293051.356954:  1808 001764 0494 000450 2753 002607 2421 002344 3477 003701 1912 001991 0000 000000
1517293051.451815:  1812 001812 0519 000519 2693 002693 2418 002418 3459 003459 1909 001909 0000 000000
1517293051.552658:  1812 001765 0519 000461 2693 002581 2418 002341 3459 003693 1909 001990 0000 000000
1517293051.552720:  1812 001765 0519 000461 2693 002581 2418 002341 3459 003693 1909 001990 0000 000000
1517293051.654468:  1812 065508 0519 000071 2693 065493 2418 065516 3459 000080 1909 064736 0000 065518
1517293051.755211:  1812 001768 0519 000474 2693 002550 2418 002338 3459 003688 1909 001987 0000 000000
1517293051.755306:  1812 001768 0519 000474 2693 002550 2418 002338 3459 003688 1909 001987 0000 000000
1517293051.857025:  1816 001816 0544 000544 2633 002633 2415 002415 3439 003439 1905 001905 0000 000000
1517293051.951813:  1816 001770 0544 000486 2633 002519 2415 002337 3439 003671 1905 001979 0000 000000
1517293051.951880:  1816 001770 0544 000486 2633 002519 2415 002337 3439 003671 1905 001979 0000 000000
1517293052.053587:  1816 065508 0544 000071 2633 065493 2415 065516 3439 000070 1905 064745 0000 065518
1517293052.154290:  1816 001771 0544 000497 2633 002489 2415 002335 3439 003657 1905 001974 0000 000000
1517293052.154364:  1816 001771 0544 000497 2633 002489 2415 002335 3439 003657 1905 001974 0000 000000
1517293052.256139:  1819 001819 0569 000569 2571 002571 2412 002412 3419 003419 1902 001902 0000 000000
1517293052.356915:  1819 001772 0569 000510 2571 002458 2412 002334 3419 003649 1902 001970 0000 000000
1517293052.356982:  1819 001772 0569 000510 2571 002458 2412 002334 3419 003649 1902 001970 0000 000000
1517293052.451786:  1819 065508 0569 000071 2571 065493 2412 065516 3419 000070 1902 064755 0000 065518
1517293052.552715:  1819 001775 0569 000522 2571 002428 2412 002331 3419 003638 1902 001969 0000 000000
1517293052.552783:  1819 001775 0569 000522 2571 002428 2412 002331 3419 003638 1902 001969 0000 000000
1517293052.654348:  1823 001823 0595 000595 2508 002508 2409 002409 3397 003397 1898 001898 0000 000000
1517293052.755103:  1823 001776 0595 000535 2508 002394 2409 002330 3397 003629 1898 001958 0000 000000
1517293052.755155:  1823 001776 0595 000535 2508 002394 2409 002330 3397 003629 1898 001958 0000 000000
1517293052.856990:  1823 065508 0595 000071 2508 065493 2409 065516 3397 000080 1898 064755 0000 065518
1517293052.951811:  1823 001780 0595 000548 2508 002366 2409 002333 3397 003620 1898 001953 0000 000000
1517293052.951888:  1823 001780 0595 000548 2508 002366 2409 002333 3397 003620 1898 001953 0000 000000
1517293053.055055:  1826 001826 0621 000621 2444 002444 2406 002406 3375 003375 1894 001894 0000 000000
1517293053.155888:  1826 001782 0621 000559 2444 002326 2406 002331 3375 003607 1894 001947 0000 000000
1517293053.155986:  1826 001782 0621 000559 2444 002326 2406 002331 3375 003607 1894 001947 0000 000000
1517293053.257649:  1826 065508 0621 000071 2444 065493 2406 065516 3375 000070 1894 064765 0000 065518
1517293053.358421:  1826 001784 0621 000572 2444 002300 2406 002326 3375 003595 1894 001940 0000 000000
1517293053.358475:  1826 001784 0621 000572 2444 002300 2406 002326 3375 003595 1894 001940 0000 000000
1517293053.451815:  1830 001830 0648 000648 2379 002379 2403 002403 3351 003351 1890 001890 0000 000000
1517293053.552547:  1830 001785 0648 000584 2379 002270 2403 002324 3351 003583 1890 001942 0000 000000
1517293053.552642:  1830 001785 0648 000584 2379 002270 2403 002324 3351 003583 1890 001942 0000 000000
1517293053.654325:  1830 065508 0648 000071 2379 065493 2403 065516 3351 000070 1890 064775 0000 065518
1517293053.755136:  1830 001788 0648 000601 2379 002239 2403 002322 3351 003568 1890 001928 0000 000000
1517293053.755190:  1830 001788 0648 000601 2379 002239 2403 002322 3351 003568 1890 001928 0000 000000
1517293053.856708:  1833 001833 0674 000674 2312 002312 2400 002400 3327 003327 1886 001886 0000 000000
1517293053.951778:  1833 001790 0674 000617 2312 002207 2400 002322 3327 003558 1886 001923 0000 000000
1517293053.951855:  1833 001790 0674 000617 2312 002207 2400 002322 3327 003558 1886 001923 0000 000000
1517293054.053442:  1833 065508 0674 000071 2312 065483 2400 065516 3327 000070 1886 064785 0000 065518
1517293054.154176:  1833 001792 0674 000629 2312 002173 2400 002320 3327 003548 1886 001917 0000 000000
1517293054.154231:  1833 001792 0674 000629 2312 002173 2400 002320 3327 003548 1886 001917 0000 000000
1517293054.255810:  1836 001836 0701 000701 2245 002245 2397 002397 3302 003302 1882 001882 0000 000000
1517293054.356610:  1836 001794 0701 000642 2245 002140 2397 002318 3302 003535 1882 001912 0000 000000
1517293054.356677:  1836 001794 0701 000642 2245 002140 2397 002318 3302 003535 1882 001912 0000 000000
1517293054.451798:  1836 065508 0701 000071 2245 065483 2397 065516 3302 000080 1882 064785 0000 065518
1517293054.552576:  1836 001796 0701 000655 2245 002107 2397 002316 3302 003521 1882 001909 0000 000000
1517293054.552650:  1836 001796 0701 000655 2245 002107 2397 002316 3302 003521 1882 001909 0000 000000
1517293054.654304:  1838 001838 0729 000729 2177 002177 2393 002393 3275 003275 1877 001877 0000 000000
1517293054.755171:  1838 001799 0729 000669 2177 002073 2393 002315 3275 003507 1877 001898 0000 000000
1517293054.755259:  1838 001799 0729 000669 2177 002073 2393 002315 3275 003507 1877 001898 0000 000000
1517293054.856964:  1838 065496 0729 000071 2177 065483 2393 065516 3275 000070 1877 064795 0000 065518
1517293054.951839:  1838 001802 0729 000682 2177 002038 2393 002312 3275 003493 1877 001891 0000 000000
1517293054.951906:  1838 001802 0729 000682 2177 002038 2393 002312 3275 003493 1877 001891 0000 000000
1517293055.053474:  1841 001841 0757 000757 2108 002108 2390 002390 3248 003248 1873 001873 0000 000000
1517293055.154242:  1841 001805 0757 000695 2108 002004 2390 002311 3248 003480 1873 001887 0000 000000
1517293055.154296:  1841 001805 0757 000695 2108 002004 2390 002311 3248 003480 1873 001887 0000 000000
1517293055.255927:  1841 065496 0757 000071 2108 065483 2390 065516 3248 000070 1873 064805 0000 065518
1517293055.356729:  1841 001807 0757 000710 2108 001970 2390 002311 3248 003469 1873 001880 0000 000000
1517293055.356800:  1841 001807 0757 000710 2108 001970 2390 002311 3248 003469 1873 001880 0000 000000
1517293055.451816:  1844 001844 0786 000786 2038 002038 2386 002386 3220 003220 1868 001868 0000 000000
1517293055.552570:  1844 001808 0786 000723 2038 001936 2386 002308 3220 003457 1868 001876 0000 000000
1517293055.552673:  1844 001808 0786 000723 2038 001936 2386 002308 3220 003457 1868 001876 0000 000000
1517293055.654281:  1844 065496 0786 000071 2038 065483 2386 065516 3220 000080 1868 064815 0000 065518
1517293055.755108:  1844 001810 0786 000740 2038 001900 2386 002306 3220 003441 1868 001867 0000 000000
1517293055.755210:  1844 001810 0786 000740 2038 001900 2386 002306 3220 003441 1868 001867 0000 000000
1517293055.856938:  1846 001846 0815 000815 1967 001967 2382 002382 3191 003191 1862 001862 0000 000000
1517293055.951813:  1846 001812 0815 000756 1967 001863 2382 002304 3191 003427 1862 001860 0000 000000
1517293055.951886:  1846 001812 0815 000756 1967 001863 2382 002304 3191 003427 1862 001860 0000 000000
1517293056.053468:  1846 065496 0815 000071 1967 065483 2382 065516 3191 000080 1862 064815 0000 065518
1517293056.154217:  1846 001814 0815 000770 1967 001829 2382 002303 3191 003412 1862 001854 0000 000000
1517293056.154297:  1846 001814 0815 000770 1967 001829 2382 002303 3191 003412 1862 001854 0000 000000
1517293056.255902:  1848 001848 0844 000844 1896 001896 2378 002378 3160 003160 1857 001857 0000 000000
1517293056.356607:  1848 001816 0844 000784 1896 001792 2378 002301 3160 003398 1857 001846 0000 000000
1517293056.356678:  1848 001816 0844 000784 1896 001792 2378 002301 3160 003398 1857 001846 0000 000000
1517293056.451815:  1848 065496 0844 000071 1896 065413 2378 065516 3160 000080 1857 064825 0000 065518
1517293056.552620:  1848 001818 0844 000798 1896 001755 2378 002298 3160 003383 1857 001840 0000 000000
1517293056.552694:  1848 001818 0844 000798 1896 001755 2378 002298 3160 003383 1857 001840 0000 000000
1517293056.654309:  1851 001851 0874 000874 1823 001823 2374 002374 3129 003129 1852 001852 0000 000000
1517293056.755145:  1851 001820 0874 000812 1823 001720 2374 002297 3129 003369 1852 001832 0000 000000
1517293056.755219:  1851 001820 0874 000812 1823 001720 2374 002297 3129 003369 1852 001832 0000 000000
1517293056.857003:  1851 065496 0874 000083 1823 065483 2374 065516 3129 000080 1852 064835 0000 065518
1517293056.951829:  1851 001821 0874 000829 1823 001683 2374 002296 3129 003354 1852 001825 0000 000000
1517293056.951929:  1851 001821 0874 000829 1823 001683 2374 002296 3129 003354 1852 001825 0000 000000
