1517295285.052134:  0000 001636 0000 000318 0000 002989 0000 002283 0000 003419 0000 001848 0000 000000
1517295285.652789:  1636 001636 0317 000317 2989 002989 2283 002283 3419 003419 1848 001848 0000 000000
1517295285.753671:  1636 001611 0317 000321 2989 002944 2283 002273 3419 003419 1848 001857 0000 000000
1517295285.753759:  1636 001611 0317 000321 2989 002944 2283 002273 3419 003419 1848 001857 0000 000000
1517295285.855632:  1636 065400 0317 000047 2989 065223 2283 065296 3419 000030 1848 064736 0000 065518
1517295285.956398:  1636 001549 0317 000337 2989 002816 2283 002230 3419 003430 1848 001859 0000 000000
1517295285.956467:  1636 001549 0317 000337 2989 002816 2283 002230 3419 003430 1848 001859 0000 000000
1517295286.052082:  1646 001646 0341 000341 2938 002938 2277 002277 3411 003411 1844 001844 0000 000000
1517295286.152887:  1646 001521 0341 000354 2938 002709 2277 002190 3411 003436 1844 001862 0000 000000
1517295286.152956:  1646 001521 0341 000354 2938 002709 2277 002190 3411 003436 1844 001862 0000 000000
1517295286.254607:  1646 065484 0341 000047 2938 065393 2277 065366 3411 000050 1844 064736 0000 065518
1517295286.355438:  1646 001511 0341 000369 2938 002620 2277 002157 3411 003439 1844 001864 0000 000000
1517295286.355516:  1646 001511 0341 000369 2938 002620 2277 002157 3411 003439 1844 001864 0000 000000
1517295286.457379:  1656 001656 0365 000365 2886 002886 2272 002272 3402 003402 1840 001840 0000 000000
1517295286.552120:  1656 001506 0365 000383 2886 002550 2272 002129 3402 003439 1840 001858 0000 000000
1517295286.552182:  1656 001506 0365 000383 2886 002550 2272 002129 3402 003439 1840 001858 0000 000000
1517295286.654015:  1656 065508 0365 000035 2886 065473 2272 065416 3402 000060 1840 064736 0000 065518
1517295286.754797:  1656 001510 0365 000396 2886 002496 2272 002106 3402 003437 1840 001865 0000 000000
1517295286.754878:  1656 001510 0365 000396 2886 002496 2272 002106 3402 003437 1840 001865 0000 000000
1517295286.856550:  1665 001665 0389 000389 2833 002833 2267 002267 3392 003392 1835 001835 0000 000000
1517295286.957312:  1665 001513 0389 000409 2833 002455 2267 002090 3392 003431 1835 001863 0000 000000
1517295286.957417:  1665 001513 0389 000409 2833 002455 2267 002090 3392 003431 1835 001863 0000 000000
1517295287.052101:  1665 065508 0389 000035 2833 065513 2267 065446 3392 000060 1835 064736 0000 065518
1517295287.152836:  1665 001519 0389 000436 2833 002418 2267 002072 3392 003426 1835 001864 0000 000000
1517295287.152951:  1665 001519 0389 000436 2833 002418 2267 002072 3392 003426 1835 001864 0000 000000
1517295287.254653:  1674 001674 0414 000414 2778 002778 2262 002262 3381 003381 1831 001831 0000 000000
1517295287.355482:  1674 001523 0414 000431 2778 002384 2262 002057 3381 003419 1831 001857 0000 000000
1517295287.355537:  1674 001523 0414 000431 2778 002384 2262 002057 3381 003419 1831 001857 0000 000000
1517295287.457121:  1674 065508 0414 000035 2778 065523 2262 065466 3381 000060 1831 064736 0000 065518
1517295287.552122:  1674 001528 0414 000442 2778 002353 2262 002049 3381 003413 1831 001848 0000 000000
1517295287.552176:  1674 001528 0414 000442 2778 002353 2262 002049 3381 003413 1831 001848 0000 000000
1517295287.653884:  1682 001682 0438 000438 2722 002722 2257 002257 3369 003369 1826 001826 0000 000000
1517295287.754696:  1682 001536 0438 000453 2722 002325 2257 002040 3369 003408 1826 001850 0000 000000
1517295287.754762:  1682 001536 0438 000453 2722 002325 2257 002040 3369 003408 1826 001850 0000 000000
1517295287.856376:  1682 065508 0438 000047 2722 065523 2257 065476 3369 000060 1826 064736 0000 065518
1517295287.957195:  1682 001537 0438 000467 2722 002299 2257 002033 3369 003401 1826 001844 0000 000000
1517295287.957272:  1682 001537 0438 000467 2722 002299 2257 002033 3369 003401 1826 001844 0000 000000
1517295288.052115:  1690 001690 0463 000463 2665 002665 2251 002251 3356 003356 1821 001821 0000 000000
1517295288.152955:  1690 001542 0463 000480 2665 002269 2251 002025 3356 003397 1821 001849 0000 000000
1517295288.153010:  1690 001542 0463 000480 2665 002269 2251 002025 3356 003397 1821 001849 0000 000000
1517295288.254621:  1690 065496 0463 000035 2665 065523 2251 065486 3356 000060 1821 064736 0000 065518
1517295288.355460:  1690 001549 0463 000493 2665 002240 2251 002019 3356 003391 1821 001840 0000 000000
1517295288.355514:  1690 001549 0463 000493 2665 002240 2251 002019 3356 003391 1821 001840 0000 000000
1517295288.457084:  1697 001697 0488 000488 2607 002607 2246 002246 3342 003342 1816 001816 0000 000000
1517295288.552121:  1697 001548 0488 000506 2607 002213 2246 002014 3342 003382 1816 001834 0000 000000
1517295288.552187:  1697 001548 0488 000506 2607 002213 2246 002014 3342 003382 1816 001834 0000 000000
1517295288.654115:  1697 065508 0488 000035 2607 065523 2246 065496 3342 000060 1816 064736 0000 065518
1517295288.754912:  1697 001553 0488 000519 2607 002183 2246 002010 3342 003376 1816 001833 0000 000000
1517295288.754986:  1697 001553 0488 000519 2607 002183 2246 002010 3342 003376 1816 001833 0000 000000
1517295288.856615:  1704 001704 0514 000514 2547 002547 2241 002241 3326 003326 1811 001811 0000 000000
1517295288.957573:  1704 001558 0514 000532 2547 002153 2241 002004 3326 003364 1811 001826 0000 000000
1517295288.957658:  1704 001558 0514 000532 2547 002153 2241 002004 3326 003364 1811 001826 0000 000000
1517295289.052121:  1704 065496 0514 000035 2547 065523 2241 065496 3326 000060 1811 064736 0000 065518
1517295289.152859:  1704 001564 0514 000545 2547 002126 2241 002003 3326 003359 1811 001830 0000 000000
1517295289.152938:  1704 001564 0514 000545 2547 002126 2241 002003 3326 003359 1811 001830 0000 000000
1517295289.254715:  1711 001711 0539 000539 2486 002486 2236 002236 3310 003310 1805 001805 0000 000000
1517295289.355547:  1711 001573 0539 000557 2486 002093 2236 001998 3310 003351 1805 001820 0000 000000
1517295289.355610:  1711 001573 0539 000557 2486 002093 2236 001998 3310 003351 1805 001820 0000 000000
1517295289.457309:  1711 065484 0539 000035 2486 065513 2236 065496 3310 000060 1805 064736 0000 065518
1517295289.552115:  1711 001576 0539 000570 2486 002064 2236 001995 3310 003343 1805 001814 0000 000000
1517295289.552186:  1711 001576 0539 000570 2486 002064 2236 001995 3310 003343 1805 001814 0000 000000
1517295289.653958:  1717 001717 0566 000566 2424 002424 2231 002231 3293 003293 1799 001799 0000 000000
1517295289.754798:  1717 001578 0566 000583 2424 002032 2231 001992 3293 003337 1799 001812 0000 000000
1517295289.754868:  1717 001578 0566 000583 2424 002032 2231 001992 3293 003337 1799 001812 0000 000000
1517295289.856681:  1717 065496 0566 000035 2424 065513 2231 065496 3293 000060 1799 064736 0000 065518
1517295289.957543:  1717 001582 0566 000596 2424 001999 2231 001989 3293 003330 1799 001809 0000 000000
1517295289.957621:  1717 001582 0566 000596 2424 001999 2231 001989 3293 003330 1799 001809 0000 000000
1517295290.052121:  1723 001723 0592 000592 2361 002361 2226 002226 3275 003275 1793 001793 0000 000000
1517295290.152959:  1723 001585 0592 000609 2361 001970 2226 001986 3275 003320 1793 001810 0000 000000
1517295290.153033:  1723 001585 0592 000609 2361 001970 2226 001986 3275 003320 1793 001810 0000 000000
1517295290.254620:  1723 065496 0592 000035 2361 065513 2226 065496 3275 000060 1793 064736 0000 065518
1517295290.355565:  1723 001587 0592 000622 2361 001939 2226 001983 3275 003308 1793 001799 0000 000000
1517295290.355647:  1723 001587 0592 000622 2361 001939 2226 001983 3275 003308 1793 001799 0000 000000
1517295290.457358:  1729 001729 0619 000619 2296 002296 2221 002221 3256 003256 1787 001787 0000 000000
1517295290.552121:  1729 001588 0619 000635 2296 001906 2221 001979 3256 003297 1787 001795 0000 000000
1517295290.552187:  1729 001588 0619 000635 2296 001906 2221 001979 3256 003297 1787 001795 0000 000000
1517295290.653894:  1729 065496 0619 000047 2296 065513 2221 065506 3256 000060 1787 064736 0000 065518
1517295290.754738:  1729 001589 0619 000648 2296 001875 2221 001976 3256 003287 1787 001791 0000 000000
1517295290.754843:  1729 001589 0619 000648 2296 001875 2221 001976 3256 003287 1787 001791 0000 000000
1517295290.858066:  1734 001734 0646 000646 2231 002231 2215 002215 3237 003237 1780 001780 0000 000000
1517295290.958851:  1734 001592 0646 000661 2231 001845 2215 001975 3237 003279 1780 001783 0000 000000
1517295290.958918:  1734 001592 0646 000661 2231 001845 2215 001975 3237 003279 1780 001783 0000 000000
1517295291.052118:  1734 065496 0646 000047 2231 065513 2215 065496 3237 000070 1780 064736 0000 065518
1517295291.152910:  1734 001596 0646 000673 2231 001814 2215 001963 3237 003271 1780 001781 0000 000000
1517295291.152977:  1734 001596 0646 000673 2231 001814 2215 001963 3237 003271 1780 001781 0000 000000
1517295291.254767:  1739 001739 0674 000674 2165 002165 2210 002210 3216 003216 1773 001773 0000 000000
1517295291.355590:  1739 001599 0674 000687 2165 001777 2210 001954 3216 003258 1773 001776 0000 000000
1517295291.355664:  1739 001599 0674 000687 2165 001777 2210 001954 3216 003258 1773 001776 0000 000000
1517295291.457233:  1739 065484 0674 000047 2165 065503 2210 065506 3216 000060 1773 064736 0000 065518
1517295291.552082:  1739 001604 0674 000701 2165 001745 2210 001957 3216 003248 1773 001770 0000 000000
1517295291.552182:  1739 001604 0674 000701 2165 001745 2210 001957 3216 003248 1773 001770 0000 000000
1517295291.653847:  1744 001744 0702 000702 2098 002098 2204 002204 3195 003195 1766 001766 0000 000000
1517295291.754709:  1744 001605 0702 000714 2098 001713 2204 001956 3195 003236 1766 001765 0000 000000
1517295291.754830:  1744 001605 0702 000714 2098 001713 2204 001956 3195 003236 1766 001765 0000 000000
1517295291.856537:  1744 065496 0702 000047 2098 065503 2204 065506 3195 000060 1766 064736 0000 065518
1517295291.957354:  1744 001607 0702 000727 2098 001679 2204 001954 3195 003225 1766 001759 0000 000000
1517295291.957425:  1744 001607 0702 000727 2098 001679 2204 001954 3195 003225 1766 001759 0000 000000
1517295292.052115:  1749 001749 0730 000730 2029 002029 2198 002198 3173 003173 1759 001759 0000 000000
1517295292.152963:  1749 001610 0730 000740 2029 001646 2198 001954 3173 003215 1759 001754 0000 000000
1517295292.153029:  1749 001610 0730 000740 2029 001646 2198 001954 3173 003215 1759 001754 0000 000000
1517295292.255013:  1749 065496 0730 000047 2029 065503 2198 065506 3173 000060 1759 064736 0000 065518
1517295292.355954:  1749 001612 0730 000754 2029 001611 2198 001948 3173 003205 1759 001749 0000 000000
1517295292.356006:  1749 001612 0730 000754 2029 001611 2198 001948 3173 003205 1759 001749 0000 000000
1517295292.457648:  1753 001753 0759 000759 1960 001960 2192 002192 3150 003150 1751 001751 0000 000000
1517295292.552114:  1753 001615 0759 000768 1960 001577 2192 001947 3150 003194 1751 001745 0000 000000
1517295292.552202:  1753 001615 0759 000768 1960 001577 2192 001947 3150 003194 1751 001745 0000 000000
1517295292.653796:  1753 065496 0759 000047 1960 065503 2192 065506 3150 000060 1751 064736 0000 065518
1517295292.754627:  1753 001617 0759 000781 1960 001543 2192 001955 3150 003181 1751 001738 0000 000000
1517295292.754680:  1753 001617 0759 000781 1960 001543 2192 001955 3150 003181 1751 001738 0000 000000
1517295292.856444:  1758 001758 0788 000788 1891 001891 2185 002185 3126 003126 1743 001743 0000 000000
1517295292.957186:  1758 001619 0788 000794 1891 001507 2185 001952 3126 003170 1743 001734 0000 000000
1517295292.957259:  1758 001619 0788 000794 1891 001507 2185 001952 3126 003170 1743 001734 0000 000000
1517295293.052105:  1758 065496 0788 000047 1891 065503 2185 065496 3126 000070 1743 064736 0000 065518
1517295293.152899:  1758 001621 0788 000809 1891 001474 2185 001950 3126 003157 1743 001727 0000 000000
1517295293.153008:  1758 001621 0788 000809 1891 001474 2185 001950 3126 003157 1743 001727 0000 000000
1517295293.254821:  1762 001762 0818 000818 1820 001820 2179 002179 3101 003101 1734 001734 0000 000000
1517295293.355624:  1762 001622 0818 000822 1820 001438 2179 001947 3101 003145 1734 001719 0000 000000
1517295293.355712:  1762 001622 0818 000822 1820 001438 2179 001947 3101 003145 1734 001719 0000 000000
1517295293.457369:  1762 065496 0818 000047 1820 065503 2179 065496 3101 000060 1734 064746 0000 065518
1517295293.552132:  1762 001624 0818 000837 1820 001402 2179 001944 3101 003131 1734 001717 0000 000000
1517295293.552204:  1762 001624 0818 000837 1820 001402 2179 001944 3101 003131 1734 001717 0000 000000
1517295293.653817:  1766 001766 0849 000849 1748 001748 2172 002172 3076 003076 1725 001725 0000 000000
1517295293.754516:  1766 001626 0849 000852 1748 001366 2172 001940 3076 003121 1725 001709 0000 000000
1517295293.754572:  1766 001626 0849 000852 1748 001366 2172 001940 3076 003121 1725 001709 0000 000000
1517295293.856162:  1766 065496 0849 000047 1748 065503 2172 065496 3076 000060 1725 064746 0000 065518
1517295293.956870:  1766 001627 0849 000866 1748 001330 2172 001932 3076 003107 1725 001702 0000 000000
1517295293.956932:  1766 001627 0849 000866 1748 001330 2172 001932 3076 003107 1725 001702 0000 000000
1517295294.052116:  1770 001770 0880 000880 1676 001676 2164 002164 3049 003049 1716 001716 0000 000000
1517295294.152932:  1770 001629 0880 000882 1676 001297 2164 001931 3049 003095 1716 001696 0000 000000
1517295294.152999:  1770 001629 0880 000882 1676 001297 2164 001931 3049 003095 1716 001696 0000 000000
1517295294.254559:  1770 065496 0880 000047 1676 065503 2164 065496 3049 000070 1716 064746 0000 065518
1517295294.355338:  1770 001631 0880 000895 1676 001263 2164 001926 3049 003080 1716 001688 0000 000000
1517295294.355393:  1770 001631 0880 000895 1676 001263 2164 001926 3049 003080 1716 001688 0000 000000
1517295294.456913:  1773 001773 0912 000912 1603 001603 2157 002157 3022 003022 1706 001706 0000 000000
1517295294.552126:  1773 001633 0912 000911 1603 001224 2157 001922 3022 003069 1706 001690 0000 000000
1517295294.552197:  1773 001633 0912 000911 1603 001224 2157 001922 3022 003069 1706 001690 0000 000000
1517295294.654020:  1773 065496 0912 000059 1603 065493 2157 065496 3022 000070 1706 064756 0000 065518
1517295294.754939:  1773 001636 0912 000927 1603 001191 2157 001920 3022 003057 1706 001677 0000 000000
1517295294.754995:  1773 001636 0912 000927 1603 001191 2157 001920 3022 003057 1706 001677 0000 000000
1517295294.856618:  1777 001777 0944 000944 1530 001530 2149 002149 2994 002994 1696 001696 0000 000000
1517295294.957405:  1777 001637 0944 000944 1530 001154 2149 001915 2994 003043 1696 001671 0000 000000
1517295294.957497:  1777 001637 0944 000944 1530 001154 2149 001915 2994 003043 1696 001671 0000 000000
1517295295.052119:  1777 065496 0944 000047 1530 065493 2149 065496 2994 000070 1696 064746 0000 065518
1517295295.152958:  1777 001638 0944 000960 1530 001119 2149 001912 2994 003031 1696 001665 0000 000000
1517295295.153053:  1777 001638 0944 000960 1530 001119 2149 001912 2994 003031 1696 001665 0000 000000
1517295295.254815:  1780 001780 0977 000977 1456 001456 2140 002140 2966 002966 1685 001685 0000 000000
1517295295.355560:  1780 001640 0977 000978 1456 001083 2140 001901 2966 003018 1685 001659 0000 000000
1517295295.355670:  1780 001640 0977 000978 1456 001083 2140 001901 2966 003018 1685 001659 0000 000000
1517295295.457213:  1780 065496 0977 000047 1456 065493 2140 065496 2966 000070 1685 064756 0000 065518
1517295295.552128:  1780 001642 0977 000994 1456 001046 2140 001904 2966 003001 1685 001654 0000 000000
1517295295.552195:  1780 001642 0977 000994 1456 001046 2140 001904 2966 003001 1685 001654 0000 000000
