1517295349.829087:  0000 001641 0000 000319 0000 003013 0000 002293 0000 003418 0000 001854 0000 000000
1517295350.429859:  0000 065328 0000 000047 0000 065143 0000 065266 0000 000020 0000 064736 0000 065518
1517295350.530667:  0000 001613 0000 000320 0000 002978 0000 002294 0000 003424 0000 001849 0000 000000
1517295350.530741:  0000 001613 0000 000320 0000 002978 0000 002294 0000 003424 0000 001849 0000 000000
1517295350.632309:  1646 001646 0330 000330 2988 002988 2290 002290 3414 003414 1852 001852 0000 000000
1517295350.733123:  1646 001553 0330 000334 2988 002845 2290 002268 3414 003436 1852 001853 0000 000000
1517295350.733210:  1646 001553 0330 000334 2988 002845 2290 002268 3414 003436 1852 001853 0000 000000
1517295350.829070:  1646 065460 0330 000047 2988 065313 2290 065306 3414 000050 1852 064736 0000 065518
1517295350.929974:  1646 001526 0330 000349 2988 002734 2290 002228 3414 003443 1852 001857 0000 000000
1517295350.930043:  1646 001526 0330 000349 2988 002734 2290 002228 3414 003443 1852 001857 0000 000000
1517295351.031677:  1656 001656 0354 000354 2937 002937 2285 002285 3405 003405 1848 001848 0000 000000
1517295351.132530:  1656 001516 0354 000363 2937 002645 2285 002190 3405 003444 1848 001860 0000 000000
1517295351.132607:  1656 001516 0354 000363 2937 002645 2285 002190 3405 003444 1848 001860 0000 000000
1517295351.234223:  1656 065496 0354 000047 2937 065443 2285 065366 3405 000060 1848 064736 0000 065518
1517295351.329088:  1656 001512 0354 000377 2937 002576 2285 002160 3405 003444 1848 001867 0000 000000
1517295351.329165:  1656 001512 0354 000377 2937 002576 2285 002160 3405 003444 1848 001867 0000 000000
1517295351.431031:  1665 001665 0378 000378 2884 002884 2279 002279 3396 003396 1844 001844 0000 000000
1517295351.531832:  1665 001517 0378 000388 2884 002524 2279 002134 3396 003442 1844 001861 0000 000000
1517295351.531910:  1665 001517 0378 000388 2884 002524 2279 002134 3396 003442 1844 001861 0000 000000
1517295351.633667:  1665 065508 0378 000047 2884 065493 2279 065416 3396 000070 1844 064736 0000 065518
1517295351.734371:  1665 001522 0378 000401 2884 002479 2279 002113 3396 003438 1844 001867 0000 000000
1517295351.734440:  1665 001522 0378 000401 2884 002479 2279 002113 3396 003438 1844 001867 0000 000000
1517295351.829081:  1674 001674 0402 000402 2830 002830 2274 002274 3385 003385 1839 001839 0000 000000
1517295351.929820:  1674 001526 0402 000412 2830 002445 2274 002095 3385 003431 1839 001857 0000 000000
1517295351.929887:  1674 001526 0402 000412 2830 002445 2274 002095 3385 003431 1839 001857 0000 000000
1517295352.031792:  1674 065508 0402 000047 2830 065513 2274 065446 3385 000060 1839 064736 0000 065518
1517295352.132444:  1674 001532 0402 000424 2830 002409 2274 002080 3385 003425 1839 001857 0000 000000
1517295352.132499:  1674 001532 0402 000424 2830 002409 2274 002080 3385 003425 1839 001857 0000 000000
1517295352.233984:  1683 001683 0426 000426 2775 002775 2269 002269 3373 003373 1835 001835 0000 000000
1517295352.329073:  1683 001538 0426 000436 2775 002379 2269 002068 3373 003418 1835 001860 0000 000000
1517295352.329138:  1683 001538 0426 000436 2775 002379 2269 002068 3373 003418 1835 001860 0000 000000
1517295352.430931:  1683 065496 0426 000047 2775 065523 2269 065466 3373 000060 1835 064736 0000 065518
1517295352.531781:  1683 001543 0426 000447 2775 002353 2269 002060 3373 003411 1835 001851 0000 000000
1517295352.531856:  1683 001543 0426 000447 2775 002353 2269 002060 3373 003411 1835 001851 0000 000000
1517295352.633488:  1691 001691 0451 000451 2719 002719 2264 002264 3360 003360 1830 001830 0000 000000
1517295352.734292:  1691 001549 0451 000459 2719 002325 2264 002049 3360 003406 1830 001849 0000 000000
1517295352.734348:  1691 001549 0451 000459 2719 002325 2264 002049 3360 003406 1830 001849 0000 000000
1517295352.829065:  1691 065496 0451 000047 2719 065523 2264 065476 3360 000060 1830 064736 0000 065518
1517295352.929859:  1691 001537 0451 000470 2719 002298 2264 002042 3360 003399 1830 001842 0000 000000
1517295352.929937:  1691 001537 0451 000470 2719 002298 2264 002042 3360 003399 1830 001842 0000 000000
1517295353.031559:  1698 001698 0476 000476 2661 002661 2259 002259 3346 003346 1825 001825 0000 000000
1517295353.132309:  1698 001558 0476 000482 2661 002268 2259 002035 3346 003393 1825 001844 0000 000000
1517295353.132370:  1698 001558 0476 000482 2661 002268 2259 002035 3346 003393 1825 001844 0000 000000
1517295353.234100:  1698 065496 0476 000047 2661 065513 2259 065486 3346 000070 1825 064736 0000 065518
1517295353.329037:  1698 001562 0476 000494 2661 002240 2259 002028 3346 003384 1825 001832 0000 000000
1517295353.329122:  1698 001562 0476 000494 2661 002240 2259 002028 3346 003384 1825 001832 0000 000000
1517295353.430692:  1705 001705 0501 000501 2602 002602 2254 002254 3330 003330 1820 001820 0000 000000
1517295353.531480:  1705 001567 0501 000506 2602 002211 2254 002024 3330 003377 1820 001838 0000 000000
1517295353.531541:  1705 001567 0501 000506 2602 002211 2254 002024 3330 003377 1820 001838 0000 000000
1517295353.633427:  1705 065496 0501 000047 2602 065513 2254 065486 3330 000070 1820 064736 0000 065518
1517295353.734240:  1705 001570 0501 000518 2602 002182 2254 002022 3330 003370 1820 001834 0000 000000
1517295353.734292:  1705 001570 0501 000518 2602 002182 2254 002022 3330 003370 1820 001834 0000 000000
1517295353.829039:  1712 001712 0527 000527 2541 002541 2249 002249 3314 003314 1815 001815 0000 000000
1517295353.929800:  1712 001571 0527 000529 2541 002155 2249 002018 3314 003362 1815 001825 0000 000000
1517295353.929872:  1712 001571 0527 000529 2541 002155 2249 002018 3314 003362 1815 001825 0000 000000
1517295354.031540:  1712 065496 0527 000047 2541 065513 2249 065496 3314 000070 1815 064736 0000 065518
1517295354.132388:  1712 001571 0527 000542 2541 002125 2249 002014 3314 003354 1815 001828 0000 000000
1517295354.132456:  1712 001571 0527 000542 2541 002125 2249 002014 3314 003354 1815 001828 0000 000000
1517295354.234075:  1718 001718 0553 000553 2480 002480 2244 002244 3297 003297 1809 001809 0000 000000
1517295354.329069:  1718 001571 0553 000554 2480 002095 2244 002012 3297 003346 1809 001825 0000 000000
1517295354.329122:  1718 001571 0553 000554 2480 002095 2244 002012 3297 003346 1809 001825 0000 000000
1517295354.430853:  1718 065508 0553 000047 2480 065503 2244 065496 3297 000070 1809 064736 0000 065518
1517295354.531762:  1718 001575 0553 000565 2480 002063 2244 002008 3297 003338 1809 001821 0000 000000
1517295354.531850:  1718 001575 0553 000565 2480 002063 2244 002008 3297 003338 1809 001821 0000 000000
1517295354.633492:  1724 001724 0579 000579 2417 002417 2239 002239 3280 003280 1803 001803 0000 000000
1517295354.734361:  1724 001585 0579 000578 2417 002033 2239 002004 3280 003329 1803 001817 0000 000000
1517295354.734435:  1724 001585 0579 000578 2417 002033 2239 002004 3280 003329 1803 001817 0000 000000
1517295354.829127:  1724 065496 0579 000047 2417 065503 2239 065496 3280 000070 1803 064736 0000 065518
1517295354.929926:  1724 001588 0579 000588 2417 002002 2239 002002 3280 003323 1803 001808 0000 000000
1517295354.930000:  1724 001588 0579 000588 2417 002002 2239 002002 3280 003323 1803 001808 0000 000000
1517295355.031651:  1730 001730 0605 000605 2354 002354 2234 002234 3261 003261 1797 001797 0000 000000
1517295355.132456:  1730 001590 0605 000604 2354 001970 2234 001998 3261 003314 1797 001810 0000 000000
1517295355.132522:  1730 001590 0605 000604 2354 001970 2234 001998 3261 003314 1797 001810 0000 000000
1517295355.234308:  1730 065496 0605 000023 2354 065503 2234 065496 3261 000070 1797 064736 0000 065518
1517295355.329069:  1730 001592 0605 000617 2354 001938 2234 001994 3261 003305 1797 001807 0000 000000
1517295355.329156:  1730 001592 0605 000617 2354 001938 2234 001994 3261 003305 1797 001807 0000 000000
1517295355.430770:  1735 001735 0632 000632 2289 002289 2228 002228 3241 003241 1791 001791 0000 000000
1517295355.531532:  1735 001595 0632 000629 2289 001907 2228 001993 3241 003293 1791 001797 0000 000000
1517295355.531602:  1735 001595 0632 000629 2289 001907 2228 001993 3241 003293 1791 001797 0000 000000
1517295355.633164:  1735 065496 0632 000059 2289 065503 2228 065496 3241 000070 1791 064736 0000 065518
1517295355.733855:  1735 001597 0632 000643 2289 001874 2228 001988 3241 003281 1791 001795 0000 000000
1517295355.733910:  1735 001597 0632 000643 2289 001874 2228 001988 3241 003281 1791 001795 0000 000000
1517295355.829043:  1741 001741 0659 000659 2223 002223 2223 002223 3221 003221 1784 001784 0000 000000
1517295355.929842:  1741 001600 0659 000657 2223 001843 2223 001983 3221 003271 1784 001787 0000 000000
1517295355.929942:  1741 001600 0659 000657 2223 001843 2223 001983 3221 003271 1784 001787 0000 000000
1517295356.031627:  1741 065496 0659 000059 2223 065503 2223 065496 3221 000070 1784 064736 0000 065518
1517295356.132286:  1741 001603 0659 000671 2223 001810 2223 001981 3221 003261 1784 001782 0000 000000
1517295356.132341:  1741 001603 0659 000671 2223 001810 2223 001981 3221 003261 1784 001782 0000 000000
1517295356.234073:  1746 001746 0687 000687 2157 002157 2217 002217 3199 003199 1777 001777 0000 000000
1517295356.329071:  1746 001604 0687 000685 2157 001776 2217 001978 3199 003250 1777 001779 0000 000000
1517295356.329125:  1746 001604 0687 000685 2157 001776 2217 001978 3199 003250 1777 001779 0000 000000
1517295356.430648:  1746 065496 0687 000047 2157 065503 2217 065496 3199 000070 1777 064736 0000 065518
1517295356.531505:  1746 001606 0687 000698 2157 001741 2217 001977 3199 003240 1777 001773 0000 000000
1517295356.531569:  1746 001606 0687 000698 2157 001741 2217 001977 3199 003240 1777 001773 0000 000000
1517295356.633386:  1750 001750 0715 000715 2089 002089 2211 002211 3177 003177 1770 001770 0000 000000
1517295356.734215:  1750 001608 0715 000714 2089 001709 2211 001975 3177 003229 1770 001769 0000 000000
1517295356.734305:  1750 001608 0715 000714 2089 001709 2211 001975 3177 003229 1770 001769 0000 000000
1517295356.829038:  1750 065496 0715 000047 2089 065503 2211 065496 3177 000070 1770 064736 0000 065518
1517295356.929875:  1750 001610 0715 000727 2089 001676 2211 001973 3177 003217 1770 001763 0000 000000
1517295356.929972:  1750 001610 0715 000727 2089 001676 2211 001973 3177 003217 1770 001763 0000 000000
1517295357.031502:  1755 001755 0744 000744 2020 002020 2205 002205 3154 003154 1762 001762 0000 000000
1517295357.132387:  1755 001613 0744 000776 2020 001643 2205 001966 3154 003206 1762 001758 0000 000000
1517295357.132440:  1755 001613 0744 000776 2020 001643 2205 001966 3154 003206 1762 001758 0000 000000
1517295357.234021:  1755 065496 0744 000059 2020 065503 2205 065496 3154 000070 1762 064736 0000 065518
1517295357.329037:  1755 001614 0744 000755 2020 001608 2205 001963 3154 003194 1762 001751 0000 000000
1517295357.329106:  1755 001614 0744 000755 2020 001608 2205 001963 3154 003194 1762 001751 0000 000000
1517295357.430871:  1759 001759 0773 000773 1951 001951 2199 002199 3131 003131 1754 001754 0000 000000
1517295357.531593:  1759 001618 0773 000769 1951 001574 2199 001960 3131 003184 1754 001748 0000 000000
1517295357.531693:  1759 001618 0773 000769 1951 001574 2199 001960 3131 003184 1754 001748 0000 000000
1517295357.633361:  1759 065496 0773 000059 1951 065493 2199 065496 3131 000080 1754 064736 0000 065518
1517295357.734147:  1759 001621 0773 000783 1951 001540 2199 001959 3131 003171 1754 001739 0000 000000
1517295357.734210:  1759 001621 0773 000783 1951 001540 2199 001959 3131 003171 1754 001739 0000 000000
1517295357.829038:  1763 001763 0802 000802 1881 001881 2193 002193 3106 003106 1746 001746 0000 000000
1517295357.929884:  1763 001624 0802 000798 1881 001506 2193 001957 3106 003157 1746 001736 0000 000000
1517295357.929952:  1763 001624 0802 000798 1881 001506 2193 001957 3106 003157 1746 001736 0000 000000
1517295358.031573:  1763 065496 0802 000059 1881 065493 2193 065496 3106 000070 1746 064736 0000 065518
1517295358.132406:  1763 001627 0802 000812 1881 001470 2193 001954 3106 003143 1746 001729 0000 000000
1517295358.132482:  1763 001627 0802 000812 1881 001470 2193 001954 3106 003143 1746 001729 0000 000000
1517295358.234268:  1767 001767 0832 000832 1810 001810 2186 002186 3081 003081 1738 001738 0000 000000
1517295358.329091:  1767 001629 0832 000827 1810 001434 2186 001956 3081 003131 1738 001718 0000 000000
1517295358.329161:  1767 001629 0832 000827 1810 001434 2186 001956 3081 003131 1738 001718 0000 000000
1517295358.430681:  1767 065496 0832 000059 1810 065493 2186 065496 3081 000070 1738 064746 0000 065518
1517295358.531404:  1767 001630 0832 000841 1810 001398 2186 001953 3081 003120 1738 001717 0000 000000
1517295358.531466:  1767 001630 0832 000841 1810 001398 2186 001953 3081 003120 1738 001717 0000 000000
1517295358.633119:  1771 001771 0863 000863 1738 001738 2179 002179 3054 003054 1729 001729 0000 000000
1517295358.733909:  1771 001632 0863 000857 1738 001362 2179 001948 3054 003109 1729 001705 0000 000000
1517295358.733984:  1771 001632 0863 000857 1738 001362 2179 001948 3054 003109 1729 001705 0000 000000
1517295358.829080:  1771 065496 0863 000059 1738 065493 2179 065486 3054 000080 1729 064756 0000 065518
1517295358.929885:  1771 001634 0863 000871 1738 001328 2179 001945 3054 003094 1729 001705 0000 000000
1517295358.929990:  1771 001634 0863 000871 1738 001328 2179 001945 3054 003094 1729 001705 0000 000000
1517295359.031846:  1775 001775 0894 000894 1665 001665 2172 002172 3027 003027 1719 001719 0000 000000
1517295359.132676:  1775 001635 0894 000887 1665 001290 2172 001941 3027 003082 1719 001701 0000 000000
1517295359.132752:  1775 001635 0894 000887 1665 001290 2172 001941 3027 003082 1719 001701 0000 000000
1517295359.234488:  1775 065496 0894 000059 1665 065493 2172 065486 3027 000080 1719 064756 0000 065518
1517295359.329075:  1775 001636 0894 000903 1665 001257 2172 001939 3027 003068 1719 001685 0000 000000
1517295359.329175:  1775 001636 0894 000903 1665 001257 2172 001939 3027 003068 1719 001685 0000 000000
1517295359.430676:  1778 001778 0926 000926 1592 001592 2164 002164 2999 002999 1709 001709 0000 000000
1517295359.531508:  1778 001637 0926 000917 1592 001221 2164 001934 2999 003053 1709 001684 0000 000000
1517295359.531562:  1778 001637 0926 000917 1592 001221 2164 001934 2999 003053 1709 001684 0000 000000
1517295359.633227:  1778 065496 0926 000059 1592 065483 2164 065486 2999 000080 1709 064756 0000 065518
1517295359.734043:  1778 001638 0926 000934 1592 001185 2164 001931 2999 003039 1709 001677 0000 000000
1517295359.734151:  1778 001638 0926 000934 1592 001185 2164 001931 2999 003039 1709 001677 0000 000000
1517295359.829083:  1782 001782 0958 000958 1518 001518 2156 002156 2971 002971 1699 001699 0000 000000
1517295359.929913:  1782 001640 0958 000949 1518 001149 2156 001927 2971 003024 1699 001669 0000 000000
1517295359.930003:  1782 001640 0958 000949 1518 001149 2156 001927 2971 003024 1699 001669 0000 000000
1517295360.031585:  1782 065496 0958 000059 1518 065493 2156 065486 2971 000080 1699 064756 0000 065518
1517295360.132389:  1782 001642 0958 000965 1518 001113 2156 001924 2971 003009 1699 001660 0000 000000
1517295360.132477:  1782 001642 0958 000965 1518 001113 2156 001924 2971 003009 1699 001660 0000 000000
1517295360.234080:  1785 001785 0992 000992 1444 001444 2147 002147 2941 002941 1688 001688 0000 000000
1517295360.329073:  1785 001646 0992 000982 1444 001076 2147 001921 2941 002995 1688 001647 0000 000000
1517295360.329139:  1785 001646 0992 000982 1444 001076 2147 001921 2941 002995 1688 001647 0000 000000
