1520321625.370804:  0000 001392 0000 000136 0000 001952 0000 001128 0000 001832 0000 003552 0000 000000
1520321625.931514:  0000 065036 0000 000500 0000 065036 0000 065036 0000 000500 0000 065455 0000 000069
1520321625.992329:  1393 001393 0181 000181 1947 001947 1408 001408 1833 001833 0000 000000 0000 000000
1520321626.053104:  1393 065036 0181 000500 1947 065036 1408 065036 1833 000500 0000 065455 0000 000069
1520321626.113800:  1393 001392 0181 000136 1947 001952 1408 001128 1833 001832 0000 003552 0000 000000
1520321626.113847:  1393 001392 0181 000136 1947 001952 1408 001128 1833 001832 0000 003552 0000 000000
1520321626.175548:  1393 065036 0181 000500 1947 065036 1408 065036 1833 000500 0000 065455 0000 000069
1520321626.236339:  1400 001400 0190 000190 1930 001930 1408 001408 1839 001839 0000 000000 0000 000000
1520321626.297116:  1400 065036 0190 000500 1930 065036 1408 065036 1839 000500 0000 065455 0000 000069
1520321626.357813:  1400 001392 0190 000136 1930 001952 1408 001128 1839 001832 0000 003552 0000 000000
1520321626.357885:  1400 001392 0190 000136 1930 001952 1408 001128 1839 001832 0000 003552 0000 000000
1520321626.411131:  1400 065036 0190 000500 1930 065036 1408 065036 1839 000500 0000 065455 0000 000069
1520321626.471886:  1407 001407 0199 000199 1912 001912 1408 001408 1845 001845 0000 000000 0000 000000
1520321626.532630:  1407 065036 0199 000500 1912 065036 1408 065036 1845 000500 0000 065455 0000 000069
1520321626.593373:  1407 001392 0199 000136 1912 001952 1408 001128 1845 001832 0000 003552 0000 000000
1520321626.593435:  1407 001392 0199 000136 1912 001952 1408 001128 1845 001832 0000 003552 0000 000000
1520321626.655001:  1407 065036 0199 000500 1912 065036 1408 065036 1845 000500 0000 065455 0000 000069
1520321626.715699:  1413 001413 0208 000208 1895 001895 1408 001408 1851 001851 0000 000000 0000 000000
1520321626.776465:  1413 065036 0208 000500 1895 065036 1408 065036 1851 000500 0000 065455 0000 000069
1520321626.837270:  1413 001392 0208 000136 1895 001952 1408 001128 1851 001832 0000 003552 0000 000000
1520321626.837317:  1413 001392 0208 000136 1895 001952 1408 001128 1851 001832 0000 003552 0000 000000
1520321626.890934:  1413 065036 0208 000500 1895 065036 1408 065036 1851 000500 0000 065455 0000 000069
1520321626.951701:  1419 001419 0217 000217 1877 001877 1408 001408 1857 001857 0000 000000 0000 000000
1520321627.012472:  1419 065036 0217 000500 1877 065036 1408 065036 1857 000500 0000 065455 0000 000069
1520321627.073294:  1419 001392 0217 000136 1877 001952 1408 001128 1857 001832 0000 003552 0000 000000
1520321627.073341:  1419 001392 0217 000136 1877 001952 1408 001128 1857 001832 0000 003552 0000 000000
1520321627.134996:  1419 065036 0217 000500 1877 065036 1408 065036 1857 000500 0000 065455 0000 000069
1520321627.195707:  1426 001426 0226 000226 1859 001859 1408 001408 1863 001863 0000 000000 0000 000000
1520321627.256507:  1426 065036 0226 000500 1859 065036 1408 065036 1863 000500 0000 065455 0000 000069
1520321627.317261:  1426 001392 0226 000136 1859 001952 1408 001128 1863 001832 0000 003552 0000 000000
1520321627.317323:  1426 001392 0226 000136 1859 001952 1408 001128 1863 001832 0000 003552 0000 000000
1520321627.370786:  1426 065036 0226 000500 1859 065036 1408 065036 1863 000500 0000 065455 0000 000069
1520321627.431575:  1432 001432 0235 000235 1840 001840 1408 001408 1868 001868 0000 000000 0000 000000
1520321627.492289:  1432 065036 0235 000500 1840 065036 1408 065036 1868 000500 0000 065455 0000 000069
1520321627.553069:  1432 001392 0235 000136 1840 001952 1408 001128 1868 001832 0000 003552 0000 000000
1520321627.553116:  1432 001392 0235 000136 1840 001952 1408 001128 1868 001832 0000 003552 0000 000000
1520321627.614780:  1432 065036 0235 000500 1840 065036 1408 065036 1868 000500 0000 065455 0000 000069
1520321627.675639:  1438 001438 0245 000245 1822 001822 1408 001408 1873 001873 0000 000000 0000 000000
1520321627.736297:  1438 065036 0245 000500 1822 065036 1408 065036 1873 000500 0000 065455 0000 000069
1520321627.797023:  1438 001392 0245 000136 1822 001952 1408 001128 1873 001832 0000 003552 0000 000000
1520321627.797127:  1438 001392 0245 000136 1822 001952 1408 001128 1873 001832 0000 003552 0000 000000
1520321627.858760:  1438 065036 0245 000500 1822 065036 1408 065036 1873 000500 0000 065455 0000 000069
1520321627.911050:  1443 001443 0254 000254 1803 001803 1408 001408 1879 001879 0000 000000 0000 000000
1520321627.971836:  1443 065036 0254 000500 1803 065036 1408 065036 1879 000500 0000 065455 0000 000069
1520321628.032639:  1443 001392 0254 000136 1803 001952 1408 001128 1879 001832 0000 003552 0000 000000
1520321628.032692:  1443 001392 0254 000136 1803 001952 1408 001128 1879 001832 0000 003552 0000 000000
1520321628.094398:  1443 065036 0254 000500 1803 065036 1408 065036 1879 000500 0000 065455 0000 000069
1520321628.155266:  1449 001449 0264 000264 1784 001784 1408 001408 1884 001884 0000 000000 0000 000000
1520321628.216106:  1449 065036 0264 000500 1784 065036 1408 065036 1884 000500 0000 065455 0000 000069
1520321628.276891:  1449 001392 0264 000136 1784 001952 1408 001128 1884 001832 0000 003552 0000 000000
1520321628.276939:  1449 001392 0264 000136 1784 001952 1408 001128 1884 001832 0000 003552 0000 000000
1520321628.338788:  1449 065036 0264 000500 1784 065036 1408 065036 1884 000500 0000 065455 0000 000069
1520321628.390967:  1455 001455 0273 000273 1765 001765 1408 001408 1889 001889 0000 000000 0000 000000
1520321628.451753:  1455 065036 0273 000500 1765 065036 1408 065036 1889 000500 0000 065455 0000 000069
1520321628.512501:  1455 001392 0273 000136 1765 001952 1408 001128 1889 001832 0000 003552 0000 000000
1520321628.512550:  1455 001392 0273 000136 1765 001952 1408 001128 1889 001832 0000 003552 0000 000000
1520321628.574108:  1455 065036 0273 000500 1765 065036 1408 065036 1889 000500 0000 065455 0000 000069
1520321628.634886:  1460 001460 0283 000283 1745 001745 1408 001408 1894 001894 0000 000000 0000 000000
1520321628.695650:  1460 065036 0283 000500 1745 065036 1408 065036 1894 000500 0000 065455 0000 000069
1520321628.756464:  1460 001392 0283 000136 1745 001952 1408 001128 1894 001832 0000 003552 0000 000000
1520321628.756509:  1460 001392 0283 000136 1745 001952 1408 001128 1894 001832 0000 003552 0000 000000
1520321628.818164:  1460 065036 0283 000500 1745 065036 1408 065036 1894 000500 0000 065455 0000 000069
1520321628.870788:  1465 001465 0293 000293 1726 001726 1408 001408 1899 001899 0000 000000 0000 000000
1520321628.931600:  1465 065036 0293 000500 1726 065036 1408 065036 1899 000500 0000 065455 0000 000069
1520321628.992400:  1465 001392 0293 000136 1726 001952 1408 001128 1899 001832 0000 003552 0000 000000
1520321628.992476:  1465 001392 0293 000136 1726 001952 1408 001128 1899 001832 0000 003552 0000 000000
1520321629.054249:  1465 065036 0293 000500 1726 065036 1408 065036 1899 000500 0000 065455 0000 000069
1520321629.115006:  1471 001471 0303 000303 1706 001706 1408 001408 1904 001904 0000 000000 0000 000000
1520321629.175808:  1471 065036 0303 000500 1706 065036 1408 065036 1904 000500 0000 065455 0000 000069
1520321629.236481:  1471 001392 0303 000136 1706 001952 1408 001128 1904 001832 0000 003552 0000 000000
1520321629.236548:  1471 001392 0303 000136 1706 001952 1408 001128 1904 001832 0000 003552 0000 000000
1520321629.298048:  1471 065036 0303 000500 1706 065036 1408 065036 1904 000500 0000 065455 0000 000069
1520321629.358805:  1476 001476 0313 000313 1686 001686 1408 001408 1909 001909 0000 000000 0000 000000
1520321629.411139:  1476 065036 0313 000500 1686 065036 1408 065036 1909 000500 0000 065455 0000 000069
1520321629.471939:  1476 001392 0313 000136 1686 001952 1408 001128 1909 001832 0000 003552 0000 000000
1520321629.471985:  1476 001392 0313 000136 1686 001952 1408 001128 1909 001832 0000 003552 0000 000000
1520321629.533468:  1476 065036 0313 000500 1686 065036 1408 065036 1909 000500 0000 065455 0000 000069
1520321629.594289:  1481 001481 0323 000323 1666 001666 1408 001408 1913 001913 0000 000000 0000 000000
1520321629.655005:  1481 065036 0323 000500 1666 065036 1408 065036 1913 000500 0000 065455 0000 000069
1520321629.715752:  1481 001392 0323 000136 1666 001952 1408 001128 1913 001832 0000 003552 0000 000000
1520321629.715833:  1481 001392 0323 000136 1666 001952 1408 001128 1913 001832 0000 003552 0000 000000
1520321629.777352:  1481 065036 0323 000500 1666 065036 1408 065036 1913 000500 0000 065455 0000 000069
1520321629.838096:  1486 001486 0334 000334 1646 001646 1408 001408 1918 001918 0000 000000 0000 000000
1520321629.890985:  1486 065036 0334 000500 1646 065036 1408 065036 1918 000500 0000 065455 0000 000069
1520321629.951755:  1486 001392 0334 000136 1646 001952 1408 001128 1918 001832 0000 003552 0000 000000
1520321629.951802:  1486 001392 0334 000136 1646 001952 1408 001128 1918 001832 0000 003552 0000 000000
1520321630.013504:  1486 065036 0334 000500 1646 065036 1408 065036 1918 000500 0000 065455 0000 000069
1520321630.074367:  1490 001490 0344 000344 1625 001625 1408 001408 1923 001923 0000 000000 0000 000000
1520321630.135279:  1490 065036 0344 000500 1625 065036 1408 065036 1923 000500 0000 065455 0000 000069
1520321630.196065:  1490 001392 0344 000136 1625 001952 1408 001128 1923 001832 0000 003552 0000 000000
1520321630.196119:  1490 001392 0344 000136 1625 001952 1408 001128 1923 001832 0000 003552 0000 000000
1520321630.257877:  1490 065036 0344 000500 1625 065036 1408 065036 1923 000500 0000 065455 0000 000069
1520321630.318653:  1495 001495 0355 000355 1605 001605 1408 001408 1927 001927 0000 000000 0000 000000
1520321630.370786:  1495 065036 0355 000500 1605 065036 1408 065036 1927 000500 0000 065455 0000 000069
1520321630.431549:  1495 001392 0355 000136 1605 001952 1408 001128 1927 001832 0000 003552 0000 000000
1520321630.431616:  1495 001392 0355 000136 1605 001952 1408 001128 1927 001832 0000 003552 0000 000000
1520321630.493208:  1495 065036 0355 000500 1605 065036 1408 065036 1927 000500 0000 065455 0000 000069
1520321630.553839:  1500 001500 0365 000365 1584 001584 1408 001408 1932 001932 0000 000000 0000 000000
1520321630.614605:  1500 065036 0365 000500 1584 065036 1408 065036 1932 000500 0000 065455 0000 000069
1520321630.675411:  1500 001392 0365 000136 1584 001952 1408 001128 1932 001832 0000 003552 0000 000000
1520321630.675457:  1500 001392 0365 000136 1584 001952 1408 001128 1932 001832 0000 003552 0000 000000
1520321630.737236:  1500 065036 0365 000500 1584 065036 1408 065036 1932 000500 0000 065455 0000 000069
1520321630.798046:  1504 001504 0376 000376 1563 001563 1408 001408 1936 001936 0000 000000 0000 000000
1520321630.858832:  1504 065036 0376 000500 1563 065036 1408 065036 1936 000500 0000 065455 0000 000069
1520321630.911173:  1504 001392 0376 000136 1563 001952 1408 001128 1936 001832 0000 003552 0000 000000
1520321630.911266:  1504 001392 0376 000136 1563 001952 1408 001128 1936 001832 0000 003552 0000 000000
1520321630.972881:  1504 065036 0376 000500 1563 065036 1408 065036 1936 000500 0000 065455 0000 000069
1520321631.033628:  1509 001509 0387 000387 1542 001542 1408 001408 1941 001941 0000 000000 0000 000000
1520321631.094408:  1509 065036 0387 000500 1542 065036 1408 065036 1941 000500 0000 065455 0000 000069
1520321631.155115:  1509 001392 0387 000136 1542 001952 1408 001128 1941 001832 0000 003552 0000 000000
1520321631.155183:  1509 001392 0387 000136 1542 001952 1408 001128 1941 001832 0000 003552 0000 000000
1520321631.216663:  1509 065036 0387 000500 1542 065036 1408 065036 1941 000500 0000 065455 0000 000069
1520321631.277380:  1513 001513 0398 000398 1520 001520 1408 001408 1945 001945 0000 000000 0000 000000
1520321631.338156:  1513 065036 0398 000500 1520 065036 1408 065036 1945 000500 0000 065455 0000 000069
1520321631.390985:  1513 001392 0398 000136 1520 001952 1408 001128 1945 001832 0000 003552 0000 000000
1520321631.391070:  1513 001392 0398 000136 1520 001952 1408 001128 1945 001832 0000 003552 0000 000000
1520321631.452615:  1513 065036 0398 000500 1520 065036 1408 065036 1945 000500 0000 065455 0000 000069
1520321631.513378:  1517 001517 0409 000409 1499 001499 1408 001408 1949 001949 0000 000000 0000 000000
1520321631.574193:  1517 065036 0409 000500 1499 065036 1408 065036 1949 000500 0000 065455 0000 000069
1520321631.635031:  1517 001392 0409 000136 1499 001952 1408 001128 1949 001832 0000 003552 0000 000000
1520321631.635129:  1517 001392 0409 000136 1499 001952 1408 001128 1949 001832 0000 003552 0000 000000
1520321631.696759:  1517 065036 0409 000500 1499 065036 1408 065036 1949 000500 0000 065455 0000 000069
1520321631.757513:  1522 001522 0420 000420 1477 001477 1408 001408 1954 001954 0000 000000 0000 000000
1520321631.818313:  1522 065036 0420 000500 1477 065036 1408 065036 1954 000500 0000 065455 0000 000069
1520321631.870802:  1522 001392 0420 000136 1477 001952 1408 001128 1954 001832 0000 003552 0000 000000
1520321631.870867:  1522 001392 0420 000136 1477 001952 1408 001128 1954 001832 0000 003552 0000 000000
