1517296379.371816:  0000 001775 0000 002330 0000 001207 0000 002138 0000 001755 0000 001032 0000 000000
1517296379.932541:  0000 065472 0000 000047 0000 065383 0000 065426 0000 065366 0000 064736 0000 065518
1517296379.993376:  0000 001775 0000 002360 0000 001206 0000 002170 0000 001765 0000 001032 0000 000000
1517296379.993467:  0000 001775 0000 002360 0000 001206 0000 002170 0000 001765 0000 001032 0000 000000
1517296380.055089:  1775 001775 2349 002349 1202 001202 2147 002147 1765 001765 1040 001040 0000 000000
1517296380.115893:  1775 001775 2349 002375 1202 001159 2147 002171 1765 001807 1040 001044 0000 000000
1517296380.115968:  1775 001775 2349 002375 1202 001159 2147 002171 1765 001807 1040 001044 0000 000000
1517296380.177696:  1775 065472 2349 000059 1202 065443 2147 065446 1765 065416 1040 064736 0000 065518
1517296380.238572:  1775 001775 2349 002392 1202 001124 2147 002171 1765 001846 1040 001056 0000 000000
1517296380.238625:  1775 001775 2349 002392 1202 001124 2147 002171 1765 001846 1040 001056 0000 000000
1517296380.300180:  1775 001775 2388 002388 1191 001191 2165 002165 1785 001785 1057 001057 0000 000000
1517296380.361121:  1775 001771 2388 002408 1191 001092 2165 002170 1785 001885 1057 001076 0000 000000
1517296380.361184:  1775 001771 2388 002408 1191 001092 2165 002170 1785 001885 1057 001076 0000 000000
1517296380.422348:  1775 065472 2388 000071 1191 065493 2165 065456 1785 065466 1057 064736 0000 065518
1517296380.483030:  1775 001769 2388 002424 1191 001066 2165 002170 1785 001919 1057 001092 0000 000000
1517296380.483098:  1775 001769 2388 002424 1191 001066 2165 002170 1785 001919 1057 001092 0000 000000
1517296380.545120:  1775 001775 2428 002428 1180 001180 2181 002181 1804 001804 1071 001071 0000 000000
1517296380.605884:  1775 001765 2428 002443 1180 001047 2181 002170 1804 001952 1071 001103 0000 000000
1517296380.605938:  1775 001765 2428 002443 1180 001047 2181 002170 1804 001952 1071 001103 0000 000000
1517296380.667519:  1775 065484 2428 000071 1180 065523 2181 065476 1804 065516 1071 064736 0000 065518
1517296380.728296:  1775 001764 2428 002461 1180 001029 2181 002167 1804 001977 1071 001115 0000 000000
1517296380.728352:  1775 001764 2428 002461 1180 001029 2181 002167 1804 001977 1071 001115 0000 000000
1517296380.790426:  1775 001775 2468 002468 1166 001166 2196 002196 1823 001823 1084 001084 0000 000000
1517296380.851221:  1775 001765 2468 002480 1166 001015 2196 002165 1823 001998 1084 001130 0000 000000
1517296380.851301:  1775 001765 2468 002480 1166 001015 2196 002165 1823 001998 1084 001130 0000 000000
1517296380.912185:  1775 065472 2468 000071 1166 000007 2196 065486 1823 000000 1084 064736 0000 065518
1517296380.972926:  1775 001767 2468 002498 1166 001002 2196 002164 1823 002017 1084 001146 0000 000000
1517296380.973002:  1775 001767 2468 002498 1166 001002 2196 002164 1823 002017 1084 001146 0000 000000
1517296381.034518:  1775 001775 2508 002508 1152 001152 2208 002208 1841 001841 1096 001096 0000 000000
1517296381.095286:  1775 001768 2508 002515 1152 000990 2208 002164 1841 002034 1096 001154 0000 000000
1517296381.095354:  1775 001768 2508 002515 1152 000990 2208 002164 1841 002034 1096 001154 0000 000000
1517296381.157109:  1775 065472 2508 000071 1152 000007 2208 065506 1841 000020 1096 064736 0000 065518
1517296381.217805:  1775 001769 2508 002534 1152 000980 2208 002163 1841 002045 1096 001167 0000 000000
1517296381.217864:  1775 001769 2508 002534 1152 000980 2208 002163 1841 002045 1096 001167 0000 000000
1517296381.279615:  1775 001775 2548 002548 1136 001136 2220 002220 1858 001858 1107 001107 0000 000000
1517296381.340387:  1775 001770 2548 002552 1136 000971 2220 002163 1858 002058 1107 001177 0000 000000
1517296381.340464:  1775 001770 2548 002552 1136 000971 2220 002163 1858 002058 1107 001177 0000 000000
1517296381.402091:  1775 065472 2548 000071 1136 000017 2220 065516 1858 000020 1107 064736 0000 065518
1517296381.462914:  1775 001770 2548 002569 1136 000956 2220 002161 1858 002067 1107 001179 0000 000000
1517296381.462976:  1775 001770 2548 002569 1136 000956 2220 002161 1858 002067 1107 001179 0000 000000
1517296381.524614:  1775 001775 2588 002588 1118 001118 2230 002230 1874 001874 1116 001116 0000 000000
1517296381.585425:  1775 001771 2588 002588 1118 000950 2230 002160 1874 002076 1116 001181 0000 000000
1517296381.585480:  1775 001771 2588 002588 1118 000950 2230 002160 1874 002076 1116 001181 0000 000000
1517296381.647292:  1775 065472 2588 000083 1118 000017 2230 065526 1874 000020 1116 064736 0000 065518
1517296381.708087:  1775 001772 2588 002608 1118 000941 2230 002162 1874 002087 1116 001185 0000 000000
1517296381.708181:  1775 001772 2588 002608 1118 000941 2230 002162 1874 002087 1116 001185 0000 000000
1517296381.769883:  1775 001775 2629 002629 1099 001099 2239 002239 1889 001889 1124 001124 0000 000000
1517296381.830659:  1775 001774 2629 002628 1099 000933 2239 002163 1889 002095 1124 001192 0000 000000
1517296381.830749:  1775 001774 2629 002628 1099 000933 2239 002163 1889 002095 1124 001192 0000 000000
1517296381.891977:  1775 065472 2629 000083 1099 000017 2239 000000 1889 000030 1124 064736 0000 065518
1517296381.952738:  1775 001774 2629 002647 1099 000924 2239 002162 1889 002104 1124 001200 0000 000000
1517296381.952817:  1775 001774 2629 002647 1099 000924 2239 002162 1889 002104 1124 001200 0000 000000
1517296382.014747:  1775 001775 2670 002670 1079 001079 2247 002247 1903 001903 1132 001132 0000 000000
1517296382.075586:  1775 001775 2670 002667 1079 000914 2247 002162 1903 002111 1132 001208 0000 000000
1517296382.075641:  1775 001775 2670 002667 1079 000914 2247 002162 1903 002111 1132 001208 0000 000000
1517296382.137765:  1775 065472 2670 000083 1079 000007 2247 000010 1903 000030 1132 064736 0000 065518
1517296382.198591:  1775 001775 2670 002688 1079 000905 2247 002161 1903 002119 1132 001209 0000 000000
1517296382.198647:  1775 001775 2670 002688 1079 000905 2247 002161 1903 002119 1132 001209 0000 000000
1517296382.260362:  1775 001775 2710 002710 1057 001057 2254 002254 1916 001916 1138 001138 0000 000000
1517296382.321142:  1775 001775 2710 002708 1057 000896 2254 002162 1916 002125 1138 001214 0000 000000
1517296382.321211:  1775 001775 2710 002708 1057 000896 2254 002162 1916 002125 1138 001214 0000 000000
1517296382.381887:  1775 065472 2710 000083 1057 000007 2254 000010 1916 000030 1138 064736 0000 065518
1517296382.442657:  1775 001776 2710 002728 1057 000886 2254 002161 1916 002132 1138 001213 0000 000000
1517296382.442712:  1775 001776 2710 002728 1057 000886 2254 002161 1916 002132 1138 001213 0000 000000
1517296382.504772:  1775 001775 2751 002751 1034 001034 2260 002260 1928 001928 1144 001144 0000 000000
1517296382.565632:  1775 001776 2751 002749 1034 000877 2260 002162 1928 002138 1144 001214 0000 000000
1517296382.565702:  1775 001776 2751 002749 1034 000877 2260 002162 1928 002138 1144 001214 0000 000000
1517296382.627710:  1775 065472 2751 000083 1034 000007 2260 000020 1928 000030 1144 064736 0000 065518
1517296382.688488:  1775 001777 2751 002769 1034 000867 2260 002161 1928 002143 1144 001215 0000 000000
1517296382.688547:  1775 001777 2751 002769 1034 000867 2260 002161 1928 002143 1144 001215 0000 000000
1517296382.750110:  1775 001775 2792 002792 1010 001010 2266 002266 1938 001938 1149 001149 0000 000000
1517296382.810816:  1775 001778 2792 002790 1010 000856 2266 002163 1938 002149 1149 001221 0000 000000
1517296382.810867:  1775 001778 2792 002790 1010 000856 2266 002163 1938 002149 1149 001221 0000 000000
1517296382.871761:  1775 065472 2792 000083 1010 065533 2266 000020 1938 000030 1149 064736 0000 065518
1517296382.932569:  1775 001778 2792 002810 1010 000844 2266 002168 1938 002154 1149 001230 0000 000000
1517296382.932643:  1775 001778 2792 002810 1010 000844 2266 002168 1938 002154 1149 001230 0000 000000
1517296382.994400:  1775 001775 2833 002833 0984 000984 2270 002270 1947 001947 1153 001153 0000 000000
1517296383.055198:  1775 001778 2833 002830 0984 000833 2270 002170 1947 002159 1153 001234 0000 000000
1517296383.055292:  1775 001778 2833 002830 0984 000833 2270 002170 1947 002159 1153 001234 0000 000000
1517296383.117063:  1775 065472 2833 000083 0984 065533 2270 000010 1947 000040 1153 064736 0000 065518
1517296383.177894:  1775 001779 2833 002850 0984 000822 2270 002176 1947 002164 1153 001235 0000 000000
1517296383.177964:  1775 001779 2833 002850 0984 000822 2270 002176 1947 002164 1153 001235 0000 000000
1517296383.239706:  1775 001775 2873 002873 0957 000957 2274 002274 1955 001955 1157 001157 0000 000000
1517296383.300390:  1775 001847 2873 002870 0957 000808 2274 002180 1955 002169 1157 001237 0000 000000
1517296383.300468:  1775 001847 2873 002870 0957 000808 2274 002180 1955 002169 1157 001237 0000 000000
1517296383.362204:  1775 065472 2873 000083 0957 065533 2274 000010 1955 000040 1157 064736 0000 065518
1517296383.422400:  1775 001776 2873 002889 0957 000795 2274 002186 1955 002176 1157 001235 0000 000000
1517296383.422467:  1775 001776 2873 002889 0957 000795 2274 002186 1955 002176 1157 001235 0000 000000
1517296383.484073:  1775 001775 2914 002914 0929 000929 2277 002277 1962 001962 1160 001160 0000 000000
1517296383.544861:  1775 001774 2914 002911 0929 000782 2277 002189 1962 002179 1160 001235 0000 000000
1517296383.544933:  1775 001774 2914 002911 0929 000782 2277 002189 1962 002179 1160 001235 0000 000000
1517296383.606610:  1775 065472 2914 000083 0929 065523 2277 000000 1962 000040 1160 064736 0000 065518
1517296383.667379:  1775 001772 2914 002931 0929 000768 2277 002192 1962 002183 1160 001238 0000 000000
1517296383.667455:  1775 001772 2914 002931 0929 000768 2277 002192 1962 002183 1160 001238 0000 000000
1517296383.729318:  1775 001775 2955 002955 0900 000900 2280 002280 1967 001967 1162 001162 0000 000000
1517296383.790273:  1775 001770 2955 002952 0900 000755 2280 002195 1967 002186 1162 001243 0000 000000
1517296383.790369:  1775 001770 2955 002952 0900 000755 2280 002195 1967 002186 1162 001243 0000 000000
1517296383.852321:  1775 065472 2955 000083 0900 065523 2280 000000 1967 000040 1162 064736 0000 065518
1517296383.912127:  1775 001769 2955 002973 0900 000742 2280 002199 1967 002188 1162 001249 0000 000000
1517296383.912205:  1775 001769 2955 002973 0900 000742 2280 002199 1967 002188 1162 001249 0000 000000
1517296383.973890:  1775 001775 2995 002995 0869 000869 2281 002281 1970 001970 1164 001164 0000 000000
1517296384.034708:  1775 001767 2995 002993 0869 000727 2281 002201 1970 002190 1164 001250 0000 000000
1517296384.034763:  1775 001767 2995 002993 0869 000727 2281 002201 1970 002190 1164 001250 0000 000000
1517296384.096319:  1775 065472 2995 000083 0869 065523 2281 000000 1970 000040 1164 064736 0000 065518
1517296384.156964:  1775 001766 2995 003013 0869 000714 2281 002203 1970 002191 1164 001252 0000 000000
1517296384.157019:  1775 001766 2995 003013 0869 000714 2281 002203 1970 002191 1164 001252 0000 000000
1517296384.218706:  1775 001775 3036 003036 0838 000838 2282 002282 1973 001973 1165 001165 0000 000000
1517296384.279491:  1775 001765 3036 003032 0838 000700 2282 002205 1973 002191 1165 001248 0000 000000
1517296384.279574:  1775 001765 3036 003032 0838 000700 2282 002205 1973 002191 1165 001248 0000 000000
1517296384.341496:  1775 065484 3036 000083 0838 065523 2282 065526 1973 000050 1165 064736 0000 065518
1517296384.402088:  1775 001765 3036 003054 0838 000687 2282 002208 1973 002193 1165 001246 0000 000000
1517296384.402161:  1775 001765 3036 003054 0838 000687 2282 002208 1973 002193 1165 001246 0000 000000
1517296384.465928:  1775 001775 3077 003077 0805 000805 2283 002283 1973 001973 1165 001165 0000 000000
1517296384.526557:  1775 001765 3077 003075 0805 000669 2283 002212 1973 002195 1165 001248 0000 000000
1517296384.526611:  1775 001765 3077 003075 0805 000669 2283 002212 1973 002195 1165 001248 0000 000000
1517296384.588394:  1775 065484 3077 000083 0805 065513 2283 065526 1973 000050 1165 064736 0000 065518
1517296384.649014:  1775 001765 3077 003095 0805 000653 2283 002222 1973 002195 1165 001247 0000 000000
1517296384.649065:  1775 001765 3077 003095 0805 000653 2283 002222 1973 002195 1165 001247 0000 000000
1517296384.711002:  1775 001775 3117 003117 0771 000771 2282 002282 1973 001973 1165 001165 0000 000000
1517296384.771650:  1775 001766 3117 003116 0771 000638 2282 002215 1973 002196 1165 001252 0000 000000
1517296384.771703:  1775 001766 3117 003116 0771 000638 2282 002215 1973 002196 1165 001252 0000 000000
1517296384.833480:  1775 065472 3117 000083 0771 065513 2282 065516 1973 000050 1165 064736 0000 065518
1517296384.891976:  1775 001766 3117 003136 0771 000621 2282 002216 1973 002196 1165 001255 0000 000000
1517296384.892049:  1775 001766 3117 003136 0771 000621 2282 002216 1973 002196 1165 001255 0000 000000
1517296384.954105:  1775 001775 3158 003158 0736 000736 2281 002281 1970 001970 1164 001164 0000 000000
1517296385.014972:  1775 001766 3158 003156 0736 000604 2281 002216 1970 002196 1164 001253 0000 000000
1517296385.015064:  1775 001766 3158 003156 0736 000604 2281 002216 1970 002196 1164 001253 0000 000000
1517296385.076848:  1775 065472 3158 000083 0736 065513 2281 065516 1970 000050 1164 064736 0000 065518
1517296385.137703:  1775 001766 3158 003176 0736 000586 2281 002217 1970 002197 1164 001248 0000 000000
1517296385.137780:  1775 001766 3158 003176 0736 000586 2281 002217 1970 002197 1164 001248 0000 000000
1517296385.199481:  1775 001775 3198 003198 0700 000700 2280 002280 1967 001967 1162 001162 0000 000000
1517296385.260376:  1775 001766 3198 003196 0700 000570 2280 002218 1967 002197 1162 001247 0000 000000
1517296385.260450:  1775 001766 3198 003196 0700 000570 2280 002218 1967 002197 1162 001247 0000 000000
1517296385.322086:  1775 065472 3198 000083 0700 065513 2280 065516 1967 000060 1162 064736 0000 065518
1517296385.381892:  1775 001766 3198 003216 0700 000555 2280 002218 1967 002195 1162 001248 0000 000000
1517296385.381958:  1775 001766 3198 003216 0700 000555 2280 002218 1967 002195 1162 001248 0000 000000
1517296385.443599:  1775 001775 3238 003238 0663 000663 2277 002277 1961 001961 1160 001160 0000 000000
1517296385.504381:  1775 001750 3238 003236 0663 000537 2277 002219 1961 002192 1160 001247 0000 000000
1517296385.504458:  1775 001750 3238 003236 0663 000537 2277 002219 1961 002192 1160 001247 0000 000000
1517296385.566173:  1775 065472 3238 000083 0663 065503 2277 065506 1961 000060 1160 064736 0000 065518
1517296385.626993:  1775 001768 3238 003256 0663 000522 2277 002219 1961 002189 1160 001248 0000 000000
1517296385.627062:  1775 001768 3238 003256 0663 000522 2277 002219 1961 002189 1160 001248 0000 000000
1517296385.688767:  1775 001775 3278 003278 0625 000625 2273 002273 1954 001954 1156 001156 0000 000000
1517296385.749608:  1775 001769 3278 003276 0625 000507 2273 002219 1954 002185 1156 001251 0000 000000
1517296385.749666:  1775 001769 3278 003276 0625 000507 2273 002219 1954 002185 1156 001251 0000 000000
1517296385.811281:  1775 065472 3278 000083 0625 065493 2273 065506 1954 000060 1156 064736 0000 065518
1517296385.871806:  1775 001769 3278 003296 0625 000488 2273 002218 1954 002181 1156 001251 0000 000000
1517296385.871878:  1775 001769 3278 003296 0625 000488 2273 002218 1954 002181 1156 001251 0000 000000
1517296385.933790:  1775 001775 3318 003318 0586 000586 2269 002269 1945 001945 1152 001152 0000 000000
1517296385.994561:  1775 001770 3318 003316 0586 000468 2269 002218 1945 002178 1152 001246 0000 000000
1517296385.994626:  1775 001770 3318 003316 0586 000468 2269 002218 1945 002178 1152 001246 0000 000000
