1517296149.805254:  0000 001768 0000 002354 0000 001200 0000 002165 0000 001749 0000 001028 0000 000000
1517296150.365987:  0000 065472 0000 000071 0000 065393 0000 065456 0000 065366 0000 064736 0000 065518
1517296150.426858:  0000 001769 0000 002361 0000 001185 0000 002165 0000 001761 0000 001035 0000 000000
1517296150.426957:  0000 001769 0000 002361 0000 001185 0000 002165 0000 001761 0000 001035 0000 000000
1517296150.488685:  1768 001768 2334 002334 1204 001204 2155 002155 1738 001738 1019 001019 0000 000000
1517296150.549496:  1768 001770 2334 002377 1204 001144 2155 002159 1738 001800 1019 001044 0000 000000
1517296150.549576:  1768 001770 2334 002377 1204 001144 2155 002159 1738 001800 1019 001044 0000 000000
1517296150.611355:  1768 065472 2334 065535 1204 065473 2155 065446 1738 065456 1019 064736 0000 065518
1517296150.672079:  1768 001770 2334 002384 1204 001112 2155 002153 1738 001842 1019 001053 0000 000000
1517296150.672153:  1768 001770 2334 002384 1204 001112 2155 002153 1738 001842 1019 001053 0000 000000
1517296150.733946:  1768 001768 2295 002295 1213 001213 2133 002133 1717 001717 1000 001000 0000 000000
1517296150.794796:  1768 001770 2295 002388 1213 001084 2133 002146 1717 001872 1000 001064 0000 000000
1517296150.794909:  1768 001770 2295 002388 1213 001084 2133 002146 1717 001872 1000 001064 0000 000000
1517296150.855814:  1768 065472 2295 065475 1213 065533 2133 065436 1717 000000 1000 064736 0000 065518
1517296150.916566:  1768 001770 2295 002390 1213 001067 2133 002072 1717 001892 1000 001078 0000 000000
1517296150.916686:  1768 001770 2295 002390 1213 001067 2133 002072 1717 001892 1000 001078 0000 000000
1517296150.978601:  1768 001768 2256 002256 1219 001219 2109 002109 1695 001695 0978 000978 0000 000000
1517296151.039570:  1768 001770 2256 002390 1219 001054 2109 002135 1695 001903 0978 001091 0000 000000
1517296151.039629:  1768 001770 2256 002390 1219 001054 2109 002135 1695 001903 0978 001091 0000 000000
1517296151.101212:  1768 065472 2256 065427 1219 000027 2109 065426 1695 000050 0978 064736 0000 065518
1517296151.162004:  1768 001770 2256 002390 1219 001046 2109 002128 1695 001907 0978 001102 0000 000000
1517296151.162059:  1768 001770 2256 002390 1219 001046 2109 002128 1695 001907 0978 001102 0000 000000
1517296151.223829:  1768 001768 2218 002218 1225 001225 2082 002082 1674 001674 0954 000954 0000 000000
1517296151.284615:  1768 001769 2218 002389 1225 001039 2082 002120 1674 001907 0954 001109 0000 000000
1517296151.284708:  1768 001769 2218 002389 1225 001039 2082 002120 1674 001907 0954 001109 0000 000000
1517296151.345588:  1768 065472 2218 065391 1225 000047 2082 065416 1674 000070 0954 064736 0000 065518
1517296151.406318:  1768 001769 2218 002386 1225 001034 2082 002111 1674 001902 0954 001107 0000 000000
1517296151.406389:  1768 001769 2218 002386 1225 001034 2082 002111 1674 001902 0954 001107 0000 000000
1517296151.468160:  1768 001768 2180 002180 1229 001229 2052 002052 1652 001652 0927 000927 0000 000000
1517296151.529004:  1768 001769 2180 002383 1229 001031 2052 002101 1652 001895 0927 001109 0000 000000
1517296151.529093:  1768 001769 2180 002383 1229 001031 2052 002101 1652 001895 0927 001109 0000 000000
1517296151.591033:  1768 065472 2180 065355 1229 000057 2052 065406 1652 000080 0927 064736 0000 065518
1517296151.651789:  1768 001769 2180 002376 1229 001030 2052 002092 1652 001884 0927 001102 0000 000000
1517296151.651870:  1768 001769 2180 002376 1229 001030 2052 002092 1652 001884 0927 001102 0000 000000
1517296151.713462:  1768 001768 2143 002143 1231 001231 2017 002017 1630 001630 0896 000896 0000 000000
1517296151.774209:  1768 001769 2143 002369 1231 001027 2017 002079 1630 001875 0896 001096 0000 000000
1517296151.774278:  1768 001769 2143 002369 1231 001027 2017 002079 1630 001875 0896 001096 0000 000000
1517296151.835519:  1768 065472 2143 065319 1231 000057 2017 065386 1630 000080 0896 064736 0000 065518
1517296151.896343:  1768 001769 2143 002359 1231 001022 2017 002070 1630 001866 0896 001090 0000 000000
1517296151.896395:  1768 001769 2143 002359 1231 001022 2017 002070 1630 001866 0896 001090 0000 000000
1517296151.958374:  1768 001768 2106 002106 1232 001232 1978 001978 1609 001609 0861 000861 0000 000000
1517296152.019148:  1768 001768 2106 002349 1232 001022 1978 002057 1609 001855 0861 001089 0000 000000
1517296152.019200:  1768 001768 2106 002349 1232 001022 1978 002057 1609 001855 0861 001089 0000 000000
1517296152.080888:  1768 065472 2106 065307 1232 000067 1978 065366 1609 000080 0861 064736 0000 065518
1517296152.141587:  1768 001768 2106 002338 1232 001020 1978 002040 1609 001843 0861 001088 0000 000000
1517296152.141674:  1768 001768 2106 002338 1232 001020 1978 002040 1609 001843 0861 001088 0000 000000
1517296152.203637:  1768 001768 2069 002069 1232 001232 1933 001933 1588 001588 0822 000822 0000 000000
1517296152.264470:  1768 001768 2069 002326 1232 001018 1933 002024 1588 001832 0822 001084 0000 000000
1517296152.264538:  1768 001768 2069 002326 1232 001018 1933 002024 1588 001832 0822 001084 0000 000000
1517296152.325436:  1768 065472 2069 065295 1232 000067 1933 065346 1588 000070 0822 064736 0000 065518
1517296152.386212:  1768 001767 2069 002312 1232 001017 1933 002010 1588 001820 0822 001075 0000 000000
1517296152.386267:  1768 001767 2069 002312 1232 001017 1933 002010 1588 001820 0822 001075 0000 000000
1517296152.448236:  1768 001768 2033 002033 1230 001230 1883 001883 1569 001569 0778 000778 0000 000000
1517296152.509156:  1768 001767 2033 002298 1230 001049 1883 001994 1569 001810 0778 001071 0000 000000
1517296152.509224:  1768 001767 2033 002298 1230 001049 1883 001994 1569 001810 0778 001071 0000 000000
1517296152.571045:  1768 065472 2033 065283 1230 000067 1883 065336 1569 000070 0778 064736 0000 065518
1517296152.631807:  1768 001767 2033 002284 1230 001014 1883 001975 1569 001798 0778 001061 0000 000000
1517296152.631862:  1768 001767 2033 002284 1230 001014 1883 001975 1569 001798 0778 001061 0000 000000
1517296152.693608:  1768 001768 1998 001998 1226 001226 1826 001826 1550 001550 0728 000728 0000 000000
1517296152.754459:  1768 001766 1998 002269 1226 001047 1826 001955 1550 001790 0728 001055 0000 000000
1517296152.754527:  1768 001766 1998 002269 1226 001047 1826 001955 1550 001790 0728 001055 0000 000000
1517296152.815335:  1768 065472 1998 065271 1226 000067 1826 065306 1550 000070 0728 064736 0000 065518
1517296152.876154:  1768 001766 1998 002254 1226 001011 1826 001934 1550 001782 0728 001051 0000 000000
1517296152.876210:  1768 001766 1998 002254 1226 001011 1826 001934 1550 001782 0728 001051 0000 000000
1517296152.937839:  1768 001768 1963 001963 1221 001221 1762 001762 1534 001534 0671 000671 0000 000000
1517296152.998617:  1768 001766 1963 002239 1221 001009 1762 001916 1534 001774 0671 001050 0000 000000
1517296152.998692:  1768 001766 1963 002239 1221 001009 1762 001916 1534 001774 0671 001050 0000 000000
1517296153.060264:  1768 065472 1963 065271 1221 000067 1762 065286 1534 000070 0671 064736 0000 065518
1517296153.121083:  1768 001765 1963 002224 1221 001007 1762 001893 1534 001765 0671 001049 0000 000000
1517296153.121133:  1768 001765 1963 002224 1221 001007 1762 001893 1534 001765 0671 001049 0000 000000
1517296153.182770:  1768 001768 1929 001929 1215 001215 1691 001691 1520 001520 0609 000609 0000 000000
1517296153.243526:  1768 001764 1929 002208 1215 001006 1691 001870 1520 001758 0609 001044 0000 000000
1517296153.243597:  1768 001764 1929 002208 1215 001006 1691 001870 1520 001758 0609 001044 0000 000000
1517296153.305192:  1768 065472 1929 065271 1215 000057 1691 065256 1520 000070 0609 064736 0000 065518
1517296153.365990:  1768 001764 1929 002193 1215 001004 1691 001845 1520 001751 0609 001041 0000 000000
1517296153.366059:  1768 001764 1929 002193 1215 001004 1691 001845 1520 001751 0609 001041 0000 000000
1517296153.427658:  1768 001768 1895 001895 1207 001207 1612 001612 1509 001509 0540 000540 0000 000000
1517296153.488400:  1768 001763 1895 002177 1207 001002 1612 001820 1509 001744 0540 001034 0000 000000
1517296153.488452:  1768 001763 1895 002177 1207 001002 1612 001820 1509 001744 0540 001034 0000 000000
1517296153.550214:  1768 065472 1895 065259 1207 000057 1612 065226 1509 000060 0540 064736 0000 065518
1517296153.611009:  1768 001763 1895 002161 1207 001001 1612 001796 1509 001737 0540 001027 0000 000000
1517296153.611103:  1768 001763 1895 002161 1207 001001 1612 001796 1509 001737 0540 001027 0000 000000
1517296153.672723:  1768 001768 1862 001862 1197 001197 1527 001527 1501 001501 0466 000466 0000 000000
1517296153.733499:  1768 001763 1862 002145 1197 000999 1527 001767 1501 001728 0466 001023 0000 000000
1517296153.733568:  1768 001763 1862 002145 1197 000999 1527 001767 1501 001728 0466 001023 0000 000000
1517296153.795216:  1768 065472 1862 065259 1197 000047 1527 065186 1501 000050 0466 064736 0000 065518
1517296153.855816:  1768 001762 1862 002130 1197 000996 1527 001737 1501 001726 0466 001022 0000 000000
1517296153.855875:  1768 001762 1862 002130 1197 000996 1527 001737 1501 001726 0466 001022 0000 000000
1517296153.917539:  1768 001768 1830 001830 1187 001187 1437 001437 1498 001498 0388 000388 0000 000000
1517296153.978237:  1768 001762 1830 002114 1187 000993 1437 001708 1498 001723 0388 001023 0000 000000
1517296153.978305:  1768 001762 1830 002114 1187 000993 1437 001708 1498 001723 0388 001023 0000 000000
1517296154.039954:  1768 065472 1830 065259 1187 000037 1437 065176 1498 000050 0388 064736 0000 065518
1517296154.100783:  1768 001761 1830 002098 1187 000990 1437 001677 1498 001719 0388 001022 0000 000000
1517296154.100837:  1768 001761 1830 002098 1187 000990 1437 001677 1498 001719 0388 001022 0000 000000
1517296154.162396:  1768 001768 1799 001799 1174 001174 1408 001408 1498 001498 0336 000336 0000 000000
1517296154.223180:  1768 001761 1799 002082 1174 000987 1408 001648 1498 001717 0336 001018 0000 000000
1517296154.223232:  1768 001761 1799 002082 1174 000987 1408 001648 1498 001717 0336 001018 0000 000000
1517296154.284938:  1768 065472 1799 065259 1174 000037 1408 065236 1498 000040 0336 064736 0000 065518
1517296154.345654:  1768 001761 1799 002066 1174 000982 1408 001622 1498 001717 0336 001018 0000 000000
1517296154.345705:  1768 001761 1799 002066 1174 000982 1408 001622 1498 001717 0336 001018 0000 000000
1517296154.407464:  1768 001768 1768 001768 1161 001161 1408 001408 1504 001504 0336 000336 0000 000000
1517296154.468289:  1768 001760 1768 002050 1161 000979 1408 001597 1504 001717 0336 001014 0000 000000
1517296154.468342:  1768 001760 1768 002050 1161 000979 1408 001597 1504 001717 0336 001014 0000 000000
1517296154.530200:  1768 065472 1768 065271 1161 000027 1408 065286 1504 000030 0336 064736 0000 065518
1517296154.590974:  1768 001760 1768 002033 1161 000974 1408 001573 1504 001717 0336 001011 0000 000000
1517296154.591041:  1768 001760 1768 002033 1161 000974 1408 001573 1504 001717 0336 001011 0000 000000
1517296154.652910:  1768 001768 1738 001738 1145 001145 1408 001408 1514 001514 0336 000336 0000 000000
1517296154.713672:  1768 001760 1738 002017 1145 000970 1408 001551 1514 001722 0336 001012 0000 000000
1517296154.713748:  1768 001760 1738 002017 1145 000970 1408 001551 1514 001722 0336 001012 0000 000000
1517296154.775590:  1768 065472 1738 065271 1145 000027 1408 065326 1514 000030 0336 064736 0000 065518
1517296154.835512:  1768 001760 1738 002001 1145 000963 1408 001532 1514 001726 0336 001016 0000 000000
1517296154.835577:  1768 001760 1738 002001 1145 000963 1408 001532 1514 001726 0336 001016 0000 000000
1517296154.897344:  1768 001768 1709 001709 1129 001129 1408 001408 1529 001529 0336 000336 0000 000000
1517296154.958090:  1768 001760 1709 001985 1129 000958 1408 001514 1529 001731 0336 001022 0000 000000
1517296154.958160:  1768 001760 1709 001985 1129 000958 1408 001514 1529 001731 0336 001022 0000 000000
1517296155.020007:  1768 065472 1709 065271 1129 000017 1408 065366 1529 000020 0336 064736 0000 065518
1517296155.080796:  1768 001759 1709 001970 1129 000952 1408 001498 1529 001739 0336 001024 0000 000000
1517296155.080869:  1768 001759 1709 001970 1129 000952 1408 001498 1529 001739 0336 001024 0000 000000
1517296155.142890:  1768 001768 1680 001680 1111 001111 1408 001408 1549 001549 0336 000336 0000 000000
1517296155.203697:  1768 001759 1680 001953 1111 000944 1408 001482 1549 001748 0336 001022 0000 000000
1517296155.203765:  1768 001759 1680 001953 1111 000944 1408 001482 1549 001748 0336 001022 0000 000000
1517296155.265633:  1768 065472 1680 065283 1111 000007 1408 065396 1549 000020 0336 064736 0000 065518
1517296155.325424:  1768 001757 1680 001939 1111 000943 1408 001467 1549 001753 0336 001025 0000 000000
1517296155.325498:  1768 001757 1680 001939 1111 000943 1408 001467 1549 001753 0336 001025 0000 000000
1517296155.387530:  1768 001768 1653 001653 1092 001092 1408 001408 1573 001573 0336 000336 0000 000000
1517296155.448363:  1768 001755 1653 001923 1092 000930 1408 001457 1573 001767 0336 001029 0000 000000
1517296155.448432:  1768 001755 1653 001923 1092 000930 1408 001457 1573 001767 0336 001029 0000 000000
1517296155.510395:  1768 065484 1653 065283 1092 000007 1408 065416 1573 000010 0336 064736 0000 065518
1517296155.571189:  1768 001753 1653 001907 1092 000924 1408 001446 1573 001778 0336 001033 0000 000000
1517296155.571242:  1768 001753 1653 001907 1092 000924 1408 001446 1573 001778 0336 001033 0000 000000
1517296155.632851:  1768 001768 1626 001626 1071 001071 1408 001408 1601 001601 0336 000336 0000 000000
1517296155.693573:  1768 001752 1626 001892 1071 000917 1408 001437 1601 001790 0336 001040 0000 000000
1517296155.693641:  1768 001752 1626 001892 1071 000917 1408 001437 1601 001790 0336 001040 0000 000000
1517296155.755196:  1768 065484 1626 065283 1071 065533 1408 065436 1601 000000 0336 064736 0000 065518
1517296155.815331:  1768 001750 1626 001876 1071 000912 1408 001429 1601 001801 0336 001048 0000 000000
1517296155.815400:  1768 001750 1626 001876 1071 000912 1408 001429 1601 001801 0336 001048 0000 000000
1517296155.877087:  1768 001768 1601 001601 1049 001049 1408 001408 1632 001632 0336 000336 0000 000000
1517296155.937732:  1768 001749 1601 001861 1049 000904 1408 001421 1632 001816 0336 001058 0000 000000
1517296155.937784:  1768 001749 1601 001861 1049 000904 1408 001421 1632 001816 0336 001058 0000 000000
1517296155.999478:  1768 065508 1601 065295 1049 065523 1408 065456 1632 000000 0336 064736 0000 065518
1517296156.060346:  1768 001749 1601 001846 1049 000892 1408 001413 1632 001832 0336 001063 0000 000000
1517296156.060421:  1768 001749 1601 001846 1049 000892 1408 001413 1632 001832 0336 001063 0000 000000
1517296156.122173:  1768 001768 1576 001576 1025 001025 1408 001408 1667 001667 0336 000336 0000 000000
1517296156.182948:  1768 001748 1576 001831 1025 000881 1408 001406 1667 001847 0336 001070 0000 000000
1517296156.183014:  1768 001748 1576 001831 1025 000881 1408 001406 1667 001847 0336 001070 0000 000000
1517296156.244807:  1768 065484 1576 065295 1025 065523 1408 065456 1667 000000 0336 064736 0000 065518
1517296156.305248:  1768 001751 1576 001818 1025 000869 1408 001398 1667 001862 0336 001075 0000 000000
1517296156.305315:  1768 001751 1576 001818 1025 000869 1408 001398 1667 001862 0336 001075 0000 000000
1517296156.367025:  1768 001768 1552 001552 1001 001001 1408 001408 1704 001704 0336 000336 0000 000000
1517296156.427715:  1768 001752 1552 001803 1001 000857 1408 001395 1704 001880 0336 001079 0000 000000
1517296156.427792:  1768 001752 1552 001803 1001 000857 1408 001395 1704 001880 0336 001079 0000 000000
