1517294434.337918:  0000 001750 0000 000266 0000 003281 0000 002472 0000 003601 0000 001944 0000 000000
1517294434.898649:  0000 065460 0000 065535 0000 065403 0000 065446 0000 065376 0000 064815 0000 065518
1517294434.959422:  0000 001750 0000 000266 0000 003276 0000 002472 0000 003610 0000 001947 0000 000000
1517294434.959476:  0000 001750 0000 000266 0000 003276 0000 002472 0000 003610 0000 001947 0000 000000
1517294435.021319:  1754 001754 0277 000277 3258 003258 2470 002470 3597 003597 1943 001943 0000 000000
1517294435.082063:  1754 001748 0277 000267 3258 003238 2470 002472 3597 003645 1943 001953 0000 000000
1517294435.082115:  1754 001748 0277 000267 3258 003238 2470 002472 3597 003645 1943 001953 0000 000000
1517294435.143892:  1754 065460 0277 000023 3258 065403 2470 065446 3597 065436 1943 064805 0000 065518
1517294435.204732:  1754 001745 0277 000269 3258 003200 2470 002471 3597 003676 1943 001964 0000 000000
1517294435.204859:  1754 001745 0277 000269 3258 003200 2470 002471 3597 003676 1943 001964 0000 000000
1517294435.266545:  1761 001761 0300 000300 3212 003212 2466 002466 3589 003589 1941 001941 0000 000000
1517294435.327300:  1761 001743 0300 000273 3212 003165 2466 002472 3589 003707 1941 001975 0000 000000
1517294435.327353:  1761 001743 0300 000273 3212 003165 2466 002472 3589 003707 1941 001975 0000 000000
1517294435.388394:  1761 065484 0300 000035 3212 065443 2466 065446 3589 065506 1941 064785 0000 065518
1517294435.449028:  1761 001741 0300 000277 3212 003131 2466 002472 3589 003733 1941 001983 0000 000000
1517294435.449082:  1761 001741 0300 000277 3212 003131 2466 002472 3589 003733 1941 001983 0000 000000
1517294435.510629:  1768 001768 0323 000323 3164 003164 2463 002463 3580 003580 1938 001938 0000 000000
1517294435.571351:  1768 001740 0323 000282 3164 003098 2463 002469 3580 003753 1938 001996 0000 000000
1517294435.571426:  1768 001740 0323 000282 3164 003098 2463 002469 3580 003753 1938 001996 0000 000000
1517294435.633171:  1768 065496 0323 000059 3164 065453 2463 065446 3580 000020 1938 064755 0000 065518
1517294435.693871:  1768 001740 0323 000287 3164 003067 2463 002461 3580 003767 1938 002006 0000 000000
1517294435.693947:  1768 001740 0323 000287 3164 003067 2463 002461 3580 003767 1938 002006 0000 000000
1517294435.755585:  1775 001775 0347 000347 3114 003114 2460 002460 3569 003569 1936 001936 0000 000000
1517294435.816418:  1775 001741 0347 000295 3114 003038 2460 002455 3569 003775 1936 002019 0000 000000
1517294435.816474:  1775 001741 0347 000295 3114 003038 2460 002455 3569 003775 1936 002019 0000 000000
1517294435.868102:  1775 065496 0347 000059 3114 065463 2460 065446 3569 000050 1936 064736 0000 065518
1517294435.928909:  1775 001741 0347 000302 3114 003013 2460 002447 3569 003779 1936 002021 0000 000000
1517294435.928977:  1775 001741 0347 000302 3114 003013 2460 002447 3569 003779 1936 002021 0000 000000
1517294435.990484:  1781 001781 0370 000370 3063 003063 2457 002457 3557 003557 1934 001934 0000 000000
1517294436.051222:  1781 001742 0370 000310 3063 002986 2457 002440 3557 003779 1934 002022 0000 000000
1517294436.051298:  1781 001742 0370 000310 3063 002986 2457 002440 3557 003779 1934 002022 0000 000000
1517294436.112787:  1781 065508 0370 000071 3063 065463 2457 065456 3557 000060 1934 064736 0000 065518
1517294436.173591:  1781 001747 0370 000312 3063 002958 2457 002435 3557 003779 1934 002023 0000 000000
1517294436.173680:  1781 001747 0370 000312 3063 002958 2457 002435 3557 003779 1934 002023 0000 000000
1517294436.235244:  1787 001787 0394 000394 3011 003011 2454 002454 3544 003544 1931 001931 0000 000000
1517294436.296098:  1787 001751 0394 000331 3011 002930 2454 002430 3544 003774 1931 002026 0000 000000
1517294436.296153:  1787 001751 0394 000331 3011 002930 2454 002430 3544 003774 1931 002026 0000 000000
1517294436.347958:  1787 065496 0394 000083 3011 065463 2454 065466 3544 000070 1931 064736 0000 065518
1517294436.408737:  1787 001755 0394 000342 3011 002905 2454 002426 3544 003769 1931 002022 0000 000000
1517294436.408811:  1787 001755 0394 000342 3011 002905 2454 002426 3544 003769 1931 002022 0000 000000
1517294436.470582:  1792 001792 0417 000417 2957 002957 2451 002451 3530 003530 1929 001929 0000 000000
1517294436.531383:  1792 001758 0417 000352 2957 002878 2451 002419 3530 003763 1929 002021 0000 000000
1517294436.531450:  1792 001758 0417 000352 2957 002878 2451 002419 3530 003763 1929 002021 0000 000000
1517294436.593366:  1792 065496 0417 000083 2957 065463 2451 065476 3530 000070 1929 064736 0000 065518
1517294436.654227:  1792 001762 0417 000363 2957 002851 2451 002415 3530 003757 1929 002022 0000 000000
1517294436.654283:  1792 001762 0417 000363 2957 002851 2451 002415 3530 003757 1929 002022 0000 000000
1517294436.715975:  1797 001797 0441 000441 2902 002902 2448 002448 3514 003514 1926 001926 0000 000000
1517294436.776763:  1797 001767 0441 000375 2902 002825 2448 002410 3514 003751 1926 002017 0000 000000
1517294436.776838:  1797 001767 0441 000375 2902 002825 2448 002410 3514 003751 1926 002017 0000 000000
1517294436.837905:  1797 065496 0441 000083 2902 065463 2448 065486 3514 000080 1926 064736 0000 065518
1517294436.898721:  1797 001771 0441 000385 2902 002797 2448 002406 3514 003742 1926 002018 0000 000000
1517294436.898788:  1797 001771 0441 000385 2902 002797 2448 002406 3514 003742 1926 002018 0000 000000
1517294436.960514:  1802 001802 0466 000466 2845 002845 2445 002445 3498 003498 1923 001923 0000 000000
1517294437.021386:  1802 001774 0466 000398 2845 002770 2445 002403 3498 003733 1923 002017 0000 000000
1517294437.021455:  1802 001774 0466 000398 2845 002770 2445 002403 3498 003733 1923 002017 0000 000000
1517294437.082823:  1802 065484 0466 000083 2845 065463 2445 065486 3498 000080 1923 064736 0000 065518
1517294437.143647:  1802 001786 0466 000409 2845 002742 2445 002399 3498 003724 1923 002010 0000 000000
1517294437.143721:  1802 001786 0466 000409 2845 002742 2445 002399 3498 003724 1923 002010 0000 000000
1517294437.205318:  1807 001807 0490 000490 2787 002787 2443 002443 3480 003480 1920 001920 0000 000000
1517294437.266087:  1807 001781 0490 000420 2787 002713 2443 002395 3480 003716 1920 002002 0000 000000
1517294437.266179:  1807 001781 0490 000420 2787 002713 2443 002395 3480 003716 1920 002002 0000 000000
1517294437.328060:  1807 065484 0490 000083 2787 065453 2443 065486 3480 000080 1920 064736 0000 065518
1517294437.388533:  1807 001785 0490 000432 2787 002685 2443 002393 3480 003707 1920 001996 0000 000000
1517294437.388605:  1807 001785 0490 000432 2787 002685 2443 002393 3480 003707 1920 001996 0000 000000
1517294437.450334:  1811 001811 0515 000515 2728 002728 2440 002440 3461 003461 1917 001917 0000 000000
1517294437.510983:  1811 001789 0515 000444 2728 002655 2440 002391 3461 003698 1917 001993 0000 000000
1517294437.511075:  1811 001789 0515 000444 2728 002655 2440 002391 3461 003698 1917 001993 0000 000000
1517294437.572525:  1811 065484 0515 000083 2728 065453 2440 065486 3461 000080 1917 064745 0000 065518
1517294437.633382:  1811 001792 0515 000456 2728 002628 2440 002388 3461 003688 1917 001988 0000 000000
1517294437.633479:  1811 001792 0515 000456 2728 002628 2440 002388 3461 003688 1917 001988 0000 000000
1517294437.695056:  1815 001815 0540 000540 2668 002668 2437 002437 3441 003441 1914 001914 0000 000000
1517294437.755759:  1815 001795 0540 000468 2668 002598 2437 002385 3441 003681 1914 001987 0000 000000
1517294437.755814:  1815 001795 0540 000468 2668 002598 2437 002385 3441 003681 1914 001987 0000 000000
1517294437.817320:  1815 065484 0540 000083 2668 065453 2437 065496 3441 000080 1914 064745 0000 065518
1517294437.868117:  1815 001797 0540 000480 2668 002569 2437 002383 3441 003670 1914 001986 0000 000000
1517294437.868203:  1815 001797 0540 000480 2668 002569 2437 002383 3441 003670 1914 001986 0000 000000
1517294437.929945:  1819 001819 0565 000565 2606 002606 2434 002434 3421 003421 1911 001911 0000 000000
1517294437.990654:  1819 001800 0565 000491 2606 002541 2434 002381 3421 003661 1911 001975 0000 000000
1517294437.990721:  1819 001800 0565 000491 2606 002541 2434 002381 3421 003661 1911 001975 0000 000000
1517294438.052542:  1819 065484 0565 000083 2606 065443 2434 065496 3421 000080 1911 064755 0000 065518
1517294438.113374:  1819 001800 0565 000506 2606 002511 2434 002380 3421 003652 1911 001973 0000 000000
1517294438.113431:  1819 001800 0565 000506 2606 002511 2434 002380 3421 003652 1911 001973 0000 000000
1517294438.175046:  1822 001822 0591 000591 2543 002543 2431 002431 3399 003399 1907 001907 0000 000000
1517294438.235796:  1822 001800 0591 000520 2543 002480 2431 002378 3399 003642 1907 001972 0000 000000
1517294438.235849:  1822 001800 0591 000520 2543 002480 2431 002378 3399 003642 1907 001972 0000 000000
1517294438.297383:  1822 065484 0591 000083 2543 065443 2431 065496 3399 000090 1907 064755 0000 065518
1517294438.358049:  1822 001800 0591 000533 2543 002450 2431 002375 3399 003633 1907 001965 0000 000000
1517294438.358126:  1822 001800 0591 000533 2543 002450 2431 002375 3399 003633 1907 001965 0000 000000
1517294438.419751:  1826 001826 0617 000617 2480 002480 2428 002428 3376 003376 1904 001904 0000 000000
1517294438.480545:  1826 001800 0617 000546 2480 002418 2428 002374 3376 003620 1904 001963 0000 000000
1517294438.480656:  1826 001800 0617 000546 2480 002418 2428 002374 3376 003620 1904 001963 0000 000000
1517294438.542304:  1826 065484 0617 000083 2480 065513 2428 065496 3376 000080 1904 064765 0000 065518
1517294438.603062:  1826 001800 0617 000559 2480 002387 2428 002372 3376 003607 1904 001956 0000 000000
1517294438.603150:  1826 001800 0617 000559 2480 002387 2428 002372 3376 003607 1904 001956 0000 000000
1517294438.664794:  1829 001829 0643 000643 2415 002415 2425 002425 3352 003352 1900 001900 0000 000000
1517294438.725624:  1829 001800 0643 000573 2415 002353 2425 002369 3352 003595 1900 001945 0000 000000
1517294438.725698:  1829 001800 0643 000573 2415 002353 2425 002369 3352 003595 1900 001945 0000 000000
1517294438.787353:  1829 065496 0643 000083 2415 065443 2425 065496 3352 000080 1900 064775 0000 065518
1517294438.847922:  1829 001800 0643 000586 2415 002322 2425 002368 3352 003582 1900 001938 0000 000000
1517294438.848006:  1829 001800 0643 000586 2415 002322 2425 002368 3352 003582 1900 001938 0000 000000
1517294438.909676:  1832 001832 0669 000669 2349 002349 2422 002422 3328 003328 1896 001896 0000 000000
1517294438.970516:  1832 001802 0669 000599 2349 002291 2422 002367 3328 003569 1896 001932 0000 000000
1517294438.970583:  1832 001802 0669 000599 2349 002291 2422 002367 3328 003569 1896 001932 0000 000000
1517294439.032205:  1832 065496 0669 000083 2349 065443 2422 065496 3328 000080 1896 064785 0000 065518
1517294439.092981:  1832 001804 0669 000612 2349 002259 2422 002365 3328 003556 1896 001930 0000 000000
1517294439.093049:  1832 001804 0669 000612 2349 002259 2422 002365 3328 003556 1896 001930 0000 000000
1517294439.154716:  1835 001835 0696 000696 2282 002282 2419 002419 3302 003302 1892 001892 0000 000000
1517294439.215521:  1835 001805 0696 000624 2282 002227 2419 002363 3302 003544 1892 001927 0000 000000
1517294439.215597:  1835 001805 0696 000624 2282 002227 2419 002363 3302 003544 1892 001927 0000 000000
1517294439.277016:  1835 065496 0696 000095 2282 065433 2419 065496 3302 000080 1892 064785 0000 065518
1517294439.337770:  1835 001806 0696 000637 2282 002197 2419 002363 3302 003530 1892 001918 0000 000000
1517294439.337839:  1835 001806 0696 000637 2282 002197 2419 002363 3302 003530 1892 001918 0000 000000
1517294439.399512:  1838 001838 0724 000724 2214 002214 2416 002416 3276 003276 1888 001888 0000 000000
1517294439.460216:  1838 001807 0724 000651 2214 002161 2416 002358 3276 003518 1888 001917 0000 000000
1517294439.460291:  1838 001807 0724 000651 2214 002161 2416 002358 3276 003518 1888 001917 0000 000000
1517294439.521874:  1838 065496 0724 000083 2214 065433 2416 065496 3276 000090 1888 064795 0000 065518
1517294439.582523:  1838 001808 0724 000665 2214 002128 2416 002358 3276 003506 1888 001907 0000 000000
1517294439.582647:  1838 001808 0724 000665 2214 002128 2416 002358 3276 003506 1888 001907 0000 000000
1517294439.644633:  1841 001841 0751 000751 2145 002145 2413 002413 3248 003248 1884 001884 0000 000000
1517294439.705326:  1841 001809 0751 000678 2145 002094 2413 002356 3248 003491 1884 001897 0000 000000
1517294439.705395:  1841 001809 0751 000678 2145 002094 2413 002356 3248 003491 1884 001897 0000 000000
1517294439.766937:  1841 065496 0751 000083 2145 065433 2413 065496 3248 000090 1884 064805 0000 065518
1517294439.827687:  1841 001812 0751 000693 2145 002062 2413 002356 3248 003480 1884 001888 0000 000000
1517294439.827772:  1841 001812 0751 000693 2145 002062 2413 002356 3248 003480 1884 001888 0000 000000
1517294439.888388:  1843 001843 0780 000780 2075 002075 2409 002409 3220 003220 1879 001879 0000 000000
1517294439.949122:  1843 001813 0780 000707 2075 002026 2409 002352 3220 003465 1879 001882 0000 000000
1517294439.949177:  1843 001813 0780 000707 2075 002026 2409 002352 3220 003465 1879 001882 0000 000000
1517294440.010875:  1843 065484 0780 000095 2075 065423 2409 065496 3220 000090 1879 064815 0000 065518
1517294440.071585:  1843 001816 0780 000721 2075 001995 2409 002351 3220 003456 1879 001877 0000 000000
1517294440.071653:  1843 001816 0780 000721 2075 001995 2409 002351 3220 003456 1879 001877 0000 000000
1517294440.133019:  1846 001846 0808 000808 2005 002005 2406 002406 3190 003190 1874 001874 0000 000000
1517294440.193693:  1846 001815 0808 000734 2005 001958 2406 002344 3190 003440 1874 001873 0000 000000
1517294440.193784:  1846 001815 0808 000734 2005 001958 2406 002344 3190 003440 1874 001873 0000 000000
1517294440.255532:  1846 065496 0808 000095 2005 065423 2406 065496 3190 000090 1874 064815 0000 065518
1517294440.316319:  1846 001816 0808 000748 2005 001924 2406 002344 3190 003426 1874 001868 0000 000000
1517294440.316390:  1846 001816 0808 000748 2005 001924 2406 002344 3190 003426 1874 001868 0000 000000
1517294440.368130:  1848 001848 0837 000837 1933 001933 2402 002402 3160 003160 1869 001869 0000 000000
1517294440.428904:  1848 001817 0837 000763 1933 001891 2402 002343 3160 003415 1869 001860 0000 000000
1517294440.429014:  1848 001817 0837 000763 1933 001891 2402 002343 3160 003415 1869 001860 0000 000000
1517294440.490754:  1848 065496 0837 000095 1933 065423 2402 065506 3160 000090 1869 064825 0000 065518
1517294440.551492:  1848 001818 0837 000777 1933 001855 2402 002341 3160 003396 1869 001852 0000 000000
1517294440.551587:  1848 001818 0837 000777 1933 001855 2402 002341 3160 003396 1869 001852 0000 000000
1517294440.613175:  1850 001850 0867 000867 1861 001861 2398 002398 3128 003128 1864 001864 0000 000000
1517294440.673943:  1850 001820 0867 000793 1861 001820 2398 002344 3128 003380 1864 001850 0000 000000
1517294440.674004:  1850 001820 0867 000793 1861 001820 2398 002344 3128 003380 1864 001850 0000 000000
1517294440.735597:  1850 065496 0867 000095 1861 065423 2398 065496 3128 000090 1864 064835 0000 065518
1517294440.796476:  1850 001821 0867 000807 1861 001784 2398 002342 3128 003363 1864 001840 0000 000000
1517294440.796570:  1850 001821 0867 000807 1861 001784 2398 002342 3128 003363 1864 001840 0000 000000
1517294440.858049:  1852 001852 0897 000897 1788 001788 2394 002394 3096 003096 1859 001859 0000 000000
1517294440.918830:  1852 001823 0897 000820 1788 001748 2394 002273 3096 003346 1859 001834 0000 000000
1517294440.918901:  1852 001823 0897 000820 1788 001748 2394 002273 3096 003346 1859 001834 0000 000000
1517294440.920577:  1852 001823 0897 000820 1788 001748 2394 002273 3096 003346 1859 001834 0000 000000
