1517292381.223331:  0000 001386 0000 000242 0000 002895 0000 002025 0000 002934 0000 001617 0000 000000
1517292381.824001:  0000 065036 0000 065499 0000 065036 0000 065036 0000 000500 0000 064736 0000 065518
1517292381.924803:  0000 001335 0000 000233 0000 002876 0000 002098 0000 002891 0000 001611 0000 000000
1517292381.924894:  0000 001335 0000 000233 0000 002876 0000 002098 0000 002891 0000 001611 0000 000000
1517292382.026671:  1395 001395 0253 000253 2872 002872 2020 002020 2936 002936 1614 001614 0000 000000
1517292382.127393:  1395 001195 0253 000231 2872 002759 2020 001989 2936 002779 1614 001580 0000 000000
1517292382.127442:  1395 001195 0253 000231 2872 002759 2020 001989 2936 002779 1614 001580 0000 000000
1517292382.223334:  1395 065348 0253 065523 2872 065176 2020 065086 2936 000290 1614 064786 0000 065518
1517292382.324216:  1395 001100 0253 000233 2872 002644 2020 001930 2936 002677 1614 001535 0000 000000
1517292382.324269:  1395 001100 0253 000233 2872 002644 2020 001930 2936 002677 1614 001535 0000 000000
1517292382.425850:  1413 001413 0276 000276 2825 002825 2010 002010 2939 002939 1608 001608 0000 000000
1517292382.526613:  1413 001053 0276 000234 2825 002540 2010 001878 2939 002590 1608 001489 0000 000000
1517292382.526687:  1413 001053 0276 000234 2825 002540 2010 001878 2939 002590 1608 001489 0000 000000
1517292382.628310:  1413 065492 0276 000011 2825 065336 2010 065186 2939 000120 1608 064866 0000 065518
1517292382.723329:  1413 001027 0276 000237 2825 002448 2010 001823 2939 002530 1608 001452 0000 000000
1517292382.723400:  1413 001027 0276 000237 2825 002448 2010 001823 2939 002530 1608 001452 0000 000000
1517292382.824998:  1430 001430 0299 000299 2776 002776 2000 002000 2942 002942 1603 001603 0000 000000
1517292382.925749:  1430 001022 0299 000239 2776 002375 2000 001773 2942 002498 1603 001424 0000 000000
1517292382.925816:  1430 001022 0299 000239 2776 002375 2000 001773 2942 002498 1603 001424 0000 000000
1517292383.027425:  1430 065528 0299 000023 2776 065436 2000 065276 2942 000050 1603 064916 0000 065518
1517292383.128311:  1430 001023 0299 000244 2776 002316 2000 001727 2942 002483 1603 001406 0000 000000
1517292383.128382:  1430 001023 0299 000244 2776 002316 2000 001727 2942 002483 1603 001406 0000 000000
1517292383.223350:  1446 001446 0323 000323 2726 002726 1991 001991 2942 002942 1597 001597 0000 000000
1517292383.324123:  1446 001031 0323 000249 2726 002268 1991 001688 2942 002479 1597 001394 0000 000000
1517292383.324192:  1446 001031 0323 000249 2726 002268 1991 001688 2942 002479 1597 001394 0000 000000
1517292383.425861:  1446 065528 0323 000047 2726 065486 1991 065346 2942 000040 1597 064926 0000 065518
1517292383.526649:  1446 001039 0323 000256 2726 002227 1991 001651 2942 002476 1597 001395 0000 000000
1517292383.526743:  1446 001039 0323 000256 2726 002227 1991 001651 2942 002476 1597 001395 0000 000000
1517292383.628282:  1461 001461 0346 000346 2675 002675 1981 001981 2942 002942 1590 001590 0000 000000
1517292383.723340:  1461 001048 0346 000263 2675 002191 1981 001619 2942 002475 1590 001394 0000 000000
1517292383.723416:  1461 001048 0346 000263 2675 002191 1981 001619 2942 002475 1590 001394 0000 000000
1517292383.825085:  1461 065528 0346 000059 2675 065506 1981 065406 2942 000040 1590 064936 0000 065518
1517292383.925914:  1461 001054 0346 000270 2675 002160 1981 001592 2942 002473 1590 001392 0000 000000
1517292383.925971:  1461 001054 0346 000270 2675 002160 1981 001592 2942 002473 1590 001392 0000 000000
1517292384.027729:  1475 001475 0371 000371 2622 002622 1972 001972 2941 002941 1584 001584 0000 000000
1517292384.128456:  1475 001065 0371 000280 2622 002129 1972 001567 2941 002473 1584 001392 0000 000000
1517292384.128506:  1475 001065 0371 000280 2622 002129 1972 001567 2941 002473 1584 001392 0000 000000
1517292384.223296:  1475 065528 0371 000059 2622 065516 1972 065446 2941 000040 1584 064916 0000 065518
1517292384.324036:  1475 001072 0371 000289 2622 002102 1972 001546 2941 002473 1584 001386 0000 000000
1517292384.324092:  1475 001072 0371 000289 2622 002102 1972 001546 2941 002473 1584 001386 0000 000000
1517292384.425647:  1489 001489 0395 000395 2568 002568 1963 001963 2938 002938 1577 001577 0000 000000
1517292384.526505:  1489 001081 0395 000300 2568 002073 1963 001526 2938 002472 1577 001392 0000 000000
1517292384.526600:  1489 001081 0395 000300 2568 002073 1963 001526 2938 002472 1577 001392 0000 000000
1517292384.628173:  1489 065528 0395 000047 2568 065516 1963 065476 2938 000040 1577 064916 0000 065518
1517292384.723319:  1489 001088 0395 000311 2568 002046 1963 001510 2938 002472 1577 001392 0000 000000
1517292384.723394:  1489 001088 0395 000311 2568 002046 1963 001510 2938 002472 1577 001392 0000 000000
1517292384.825110:  1502 001502 0420 000420 2513 002513 1953 001953 2935 002935 1569 001569 0000 000000
1517292384.925934:  1502 001096 0420 000323 2513 002020 1953 001500 2935 002474 1569 001393 0000 000000
1517292384.926004:  1502 001096 0420 000323 2513 002020 1953 001500 2935 002474 1569 001393 0000 000000
1517292385.027686:  1502 065516 0420 000071 2513 065516 1953 065486 2935 000050 1569 064906 0000 065518
1517292385.128430:  1502 001103 0420 000336 2513 001992 1953 001485 2935 002474 1569 001393 0000 000000
1517292385.128499:  1502 001103 0420 000336 2513 001992 1953 001485 2935 002474 1569 001393 0000 000000
1517292385.223322:  1514 001514 0445 000445 2457 002457 1944 001944 2930 002930 1561 001561 0000 000000
1517292385.324114:  1514 001111 0445 000348 2457 001965 1944 001473 2930 002471 1561 001388 0000 000000
1517292385.324184:  1514 001111 0445 000348 2457 001965 1944 001473 2930 002471 1561 001388 0000 000000
1517292385.425685:  1514 065516 0445 000071 2457 065506 1944 065506 2930 000050 1561 064906 0000 065518
1517292385.526591:  1514 001119 0445 000360 2457 001936 1944 001464 2930 002468 1561 001391 0000 000000
1517292385.526657:  1514 001119 0445 000360 2457 001936 1944 001464 2930 002468 1561 001391 0000 000000
1517292385.628324:  1525 001525 0471 000471 2399 002399 1934 001934 2925 002925 1553 001553 0000 000000
1517292385.723346:  1525 001125 0471 000372 2399 001907 1934 001455 2925 002466 1553 001391 0000 000000
1517292385.723398:  1525 001125 0471 000372 2399 001907 1934 001455 2925 002466 1553 001391 0000 000000
1517292385.825195:  1525 065516 0471 000071 2399 065506 1934 065506 2925 000050 1553 064896 0000 065518
1517292385.926021:  1525 001131 0471 000383 2399 001879 1934 001448 2925 002462 1553 001384 0000 000000
1517292385.926088:  1525 001131 0471 000383 2399 001879 1934 001448 2925 002462 1553 001384 0000 000000
1517292386.027618:  1536 001536 0497 000497 2340 002340 1925 001925 2919 002919 1545 001545 0000 000000
1517292386.128392:  1536 001136 0497 000396 2340 001849 1925 001442 2919 002461 1545 001388 0000 000000
1517292386.128468:  1536 001136 0497 000396 2340 001849 1925 001442 2919 002461 1545 001388 0000 000000
1517292386.223327:  1536 065516 0497 000071 2340 065506 1925 065506 2919 000050 1545 064886 0000 065518
1517292386.324189:  1536 001139 0497 000409 2340 001821 1925 001438 2919 002458 1545 001382 0000 000000
1517292386.324241:  1536 001139 0497 000409 2340 001821 1925 001438 2919 002458 1545 001382 0000 000000
1517292386.426234:  1547 001547 0523 000523 2280 002280 1915 001915 2913 002913 1536 001536 0000 000000
1517292386.527080:  1547 001141 0523 000421 2280 001791 1915 001432 2913 002454 1536 001381 0000 000000
1517292386.527128:  1547 001141 0523 000421 2280 001791 1915 001432 2913 002454 1536 001381 0000 000000
1517292386.628930:  1547 065528 0523 000071 2280 065506 1915 065516 2913 000050 1536 064876 0000 065518
1517292386.723329:  1547 001144 0523 000434 2280 001760 1915 001426 2913 002451 1536 001384 0000 000000
1517292386.723391:  1547 001144 0523 000434 2280 001760 1915 001426 2913 002451 1536 001384 0000 000000
1517292386.824987:  1556 001556 0550 000550 2218 002218 1905 001905 2906 002906 1527 001527 0000 000000
1517292386.925654:  1556 001148 0550 000447 2218 001731 1905 001424 2906 002448 1527 001379 0000 000000
1517292386.925775:  1556 001148 0550 000447 2218 001731 1905 001424 2906 002448 1527 001379 0000 000000
1517292387.027316:  1556 065528 0550 000071 2218 065506 1905 065506 2906 000050 1527 064876 0000 065518
1517292387.128054:  1556 001150 0550 000462 2218 001700 1905 001415 2906 002445 1527 001380 0000 000000
1517292387.128128:  1556 001150 0550 000462 2218 001700 1905 001415 2906 002445 1527 001380 0000 000000
1517292387.223321:  1566 001566 0577 000577 2156 002156 1895 001895 2898 002898 1517 001517 0000 000000
1517292387.324056:  1566 001154 0577 000478 2156 001670 1895 001408 2898 002441 1517 001376 0000 000000
1517292387.324163:  1566 001154 0577 000478 2156 001670 1895 001408 2898 002441 1517 001376 0000 000000
1517292387.425710:  1566 065528 0577 000071 2156 065506 1895 065516 2898 000050 1517 064866 0000 065518
1517292387.526516:  1566 001159 0577 000491 2156 001639 1895 001404 2898 002439 1517 001375 0000 000000
1517292387.526615:  1566 001159 0577 000491 2156 001639 1895 001404 2898 002439 1517 001375 0000 000000
1517292387.628256:  1575 001575 0604 000604 2093 002093 1885 001885 2889 002889 1507 001507 0000 000000
1517292387.723331:  1575 001164 0604 000504 2093 001607 1885 001399 2889 002435 1507 001375 0000 000000
1517292387.723396:  1575 001164 0604 000504 2093 001607 1885 001399 2889 002435 1507 001375 0000 000000
1517292387.825051:  1575 065528 0604 000071 2093 065496 1885 065516 2889 000050 1507 064856 0000 065518
1517292387.925894:  1575 001168 0604 000518 2093 001577 1885 001399 2889 002431 1507 001373 0000 000000
1517292387.925968:  1575 001168 0604 000518 2093 001577 1885 001399 2889 002431 1507 001373 0000 000000
1517292388.027827:  1584 001584 0632 000632 2028 002028 1875 001875 2880 002880 1496 001496 0000 000000
1517292388.128678:  1584 001181 0632 000531 2028 001545 1875 001397 2880 002427 1496 001371 0000 000000
1517292388.128810:  1584 001181 0632 000531 2028 001545 1875 001397 2880 002427 1496 001371 0000 000000
1517292388.223316:  1584 065516 0632 000071 2028 065496 1875 065506 2880 000050 1496 064856 0000 065518
1517292388.324215:  1584 001189 0632 000544 2028 001514 1875 001399 2880 002424 1496 001369 0000 000000
1517292388.324291:  1584 001189 0632 000544 2028 001514 1875 001399 2880 002424 1496 001369 0000 000000
1517292388.425972:  1592 001592 0661 000661 1963 001963 1864 001864 2871 002871 1485 001485 0000 000000
1517292388.526738:  1592 001192 0661 000561 1963 001480 1864 001399 2871 002419 1485 001367 0000 000000
1517292388.526860:  1592 001192 0661 000561 1963 001480 1864 001399 2871 002419 1485 001367 0000 000000
1517292388.628614:  1592 065516 0661 000071 1963 065496 1864 065486 2871 000050 1485 064846 0000 065518
1517292388.723328:  1592 001194 0661 000577 1963 001447 1864 001400 2871 002413 1485 001363 0000 000000
1517292388.723382:  1592 001194 0661 000577 1963 001447 1864 001400 2871 002413 1485 001363 0000 000000
1517292388.824991:  1600 001600 0690 000690 1897 001897 1853 001853 2861 002861 1473 001473 0000 000000
1517292388.925758:  1600 001196 0690 000590 1897 001415 1853 001400 2861 002407 1473 001362 0000 000000
1517292388.925841:  1600 001196 0690 000590 1897 001415 1853 001400 2861 002407 1473 001362 0000 000000
1517292389.027373:  1600 065516 0690 000071 1897 065496 1853 065476 2861 000050 1473 064836 0000 065518
1517292389.128203:  1600 001198 0690 000606 1897 001382 1853 001400 2861 002401 1473 001359 0000 000000
1517292389.128268:  1600 001198 0690 000606 1897 001382 1853 001400 2861 002401 1473 001359 0000 000000
1517292389.223323:  1607 001607 0719 000719 1830 001830 1842 001842 2851 002851 1461 001461 0000 000000
1517292389.324136:  1607 001200 0719 000621 1830 001350 1842 001399 2851 002398 1461 001352 0000 000000
1517292389.324336:  1607 001200 0719 000621 1830 001350 1842 001399 2851 002398 1461 001352 0000 000000
1517292389.425998:  1607 065528 0719 000071 1830 065496 1842 065466 2851 000050 1461 064826 0000 065518
1517292389.526784:  1607 001204 0719 000636 1830 001317 1842 001398 2851 002392 1461 001355 0000 000000
1517292389.526890:  1607 001204 0719 000636 1830 001317 1842 001398 2851 002392 1461 001355 0000 000000
1517292389.628451:  1615 001615 0749 000749 1762 001762 1830 001830 2840 002840 1448 001448 0000 000000
1517292389.723333:  1615 001207 0749 000650 1762 001284 1830 001397 2840 002387 1448 001353 0000 000000
1517292389.723420:  1615 001207 0749 000650 1762 001284 1830 001397 2840 002387 1448 001353 0000 000000
1517292389.825124:  1615 065516 0749 000071 1762 065486 1830 065456 2840 000060 1448 064826 0000 065518
1517292389.925910:  1615 001211 0749 000665 1762 001250 1830 001397 2840 002383 1448 001351 0000 000000
1517292389.926034:  1615 001211 0749 000665 1762 001250 1830 001397 2840 002383 1448 001351 0000 000000
1517292390.027808:  1621 001621 0780 000780 1693 001693 1818 001818 2830 002830 1435 001435 0000 000000
1517292390.128560:  1621 001214 0780 000679 1693 001216 1818 001396 2830 002378 1435 001348 0000 000000
1517292390.128626:  1621 001214 0780 000679 1693 001216 1818 001396 2830 002378 1435 001348 0000 000000
1517292390.223330:  1621 065516 0780 000071 1693 065496 1818 065446 2830 000050 1435 064816 0000 065518
1517292390.324081:  1621 001219 0780 000694 1693 001184 1818 001398 2830 002372 1435 001341 0000 000000
1517292390.324155:  1621 001219 0780 000694 1693 001184 1818 001398 2830 002372 1435 001341 0000 000000
1517292390.425701:  1628 001628 0811 000811 1623 001623 1806 001806 2818 002818 1421 001421 0000 000000
1517292390.526472:  1628 001222 0811 000711 1623 001148 1806 001396 2818 002365 1421 001342 0000 000000
1517292390.526524:  1628 001222 0811 000711 1623 001148 1806 001396 2818 002365 1421 001342 0000 000000
1517292390.628128:  1628 065516 0811 000071 1623 065486 1806 065436 2818 000050 1421 064806 0000 065518
1517292390.723329:  1628 001227 0811 000727 1623 001115 1806 001396 2818 002360 1421 001339 0000 000000
1517292390.723386:  1628 001227 0811 000727 1623 001115 1806 001396 2818 002360 1421 001339 0000 000000
1517292390.824915:  1635 001635 0843 000843 1553 001553 1793 001793 2807 002807 1407 001407 0000 000000
1517292390.925699:  1635 001231 0843 000742 1553 001083 1793 001397 2807 002355 1407 001333 0000 000000
1517292390.925785:  1635 001231 0843 000742 1553 001083 1793 001397 2807 002355 1407 001333 0000 000000
1517292391.027613:  1635 065516 0843 000083 1553 065486 1793 065426 2807 000050 1407 064796 0000 065518
1517292391.128374:  1635 001234 0843 000758 1553 001047 1793 001395 2807 002347 1407 001333 0000 000000
1517292391.128427:  1635 001234 0843 000758 1553 001047 1793 001395 2807 002347 1407 001333 0000 000000
1517292391.223332:  1641 001641 0875 000875 1482 001482 1779 001779 2796 002796 1392 001392 0000 000000
1517292391.323977:  1641 001239 0875 000775 1482 001013 1779 001398 2796 002343 1392 001330 0000 000000
1517292391.324078:  1641 001239 0875 000775 1482 001013 1779 001398 2796 002343 1392 001330 0000 000000
1517292391.425815:  1641 065432 0875 000083 1482 065486 1779 065406 2796 000050 1392 064786 0000 065518
1517292391.526615:  1641 001239 0875 000791 1482 000977 1779 001396 2796 002337 1392 001327 0000 000000
1517292391.526685:  1641 001239 0875 000791 1482 000977 1779 001396 2796 002337 1392 001327 0000 000000
1517292391.628242:  1647 001647 0908 000908 1410 001410 1765 001765 2784 002784 1376 001376 0000 000000
1517292391.723328:  1647 001238 0908 000807 1410 000942 1765 001396 2784 002332 1376 001325 0000 000000
1517292391.723403:  1647 001238 0908 000807 1410 000942 1765 001396 2784 002332 1376 001325 0000 000000
