1520221314.172870:  0000 001767 0000 000342 0000 003989 0000 002478 0000 003645 0000 001963 0000 000000
1520221314.733483:  0000 065496 0000 000071 0000 065403 0000 065526 0000 065326 0000 065455 0000 065518
1520221314.794208:  0000 001768 0000 000343 0000 003989 0000 002478 0000 003658 0000 001964 0000 000000
1520221314.794262:  0000 001768 0000 000343 0000 003989 0000 002478 0000 003658 0000 001964 0000 000000
1520221314.855896:  1772 001772 0349 000349 3971 003971 2475 002475 3630 003630 1964 001964 0000 000000
1520221314.916723:  1772 001769 0349 000353 3971 003978 2475 002482 3630 003702 1964 001969 0000 000000
1520221314.916801:  1772 001769 0349 000353 3971 003978 2475 002482 3630 003702 1964 001969 0000 000000
1520221314.978648:  1772 065496 0349 000071 3971 065393 2475 065526 3630 065426 1964 065465 0000 065518
1520221315.039332:  1772 001769 0349 000365 3971 003915 2475 002480 3630 003742 1964 001986 0000 000000
1520221315.039404:  1772 001769 0349 000365 3971 003915 2475 002480 3630 003742 1964 001986 0000 000000
1520221315.101052:  1783 001783 0364 000364 3935 003935 2470 002470 3602 003602 1967 001967 0000 000000
1520221315.161762:  1783 001769 0364 000375 3935 003863 2470 002480 3602 003776 1967 002002 0000 000000
1520221315.161824:  1783 001769 0364 000375 3935 003863 2470 002480 3602 003776 1967 002002 0000 000000
1520221315.223372:  1783 065508 0364 000071 3935 065333 2470 065516 3602 065526 1967 065495 0000 065518
1520221315.284160:  1783 001769 0364 000386 3935 003809 2470 002482 3602 003801 1967 002014 0000 000000
1520221315.284209:  1783 001769 0364 000386 3935 003809 2470 002482 3602 003801 1967 002014 0000 000000
1520221315.345724:  1793 001793 0380 000380 3897 003897 2465 002465 3574 003574 1970 001970 0000 000000
1520221315.406429:  1793 001769 0380 000397 3897 003745 2465 002481 3574 003818 1970 002028 0000 000000
1520221315.406525:  1793 001769 0380 000397 3897 003745 2465 002481 3574 003818 1970 002028 0000 000000
1520221315.468111:  1793 065520 0380 000059 3897 065243 2465 065516 3574 000050 1970 065515 0000 065518
1520221315.528957:  1793 001768 0380 000408 3897 003676 2465 002478 3574 003825 1970 002039 0000 000000
1520221315.529008:  1793 001768 0380 000408 3897 003676 2465 002478 3574 003825 1970 002039 0000 000000
1520221315.590604:  1801 001801 0396 000396 3857 003857 2460 002460 3546 003546 1973 001973 0000 000000
1520221315.651174:  1801 001768 0396 000417 3857 003600 2460 002477 3546 003825 1973 002044 0000 000000
1520221315.651236:  1801 001768 0396 000417 3857 003600 2460 002477 3546 003825 1973 002044 0000 000000
1520221315.703152:  1801 065532 0396 000059 3857 065133 2460 000040 3546 000080 1973 065525 0000 065518
1520221315.763911:  1801 001768 0396 000426 3857 003525 2460 002478 3546 003823 1973 002047 0000 000000
1520221315.763983:  1801 001768 0396 000426 3857 003525 2460 002478 3546 003823 1973 002047 0000 000000
1520221315.825502:  1809 001809 0412 000412 3816 003816 2456 002456 3517 003517 1976 001976 0000 000000
1520221315.886261:  1809 001769 0412 000436 3816 003442 2456 002479 3517 003815 1976 002047 0000 000000
1520221315.886315:  1809 001769 0412 000436 3816 003442 2456 002479 3517 003815 1976 002047 0000 000000
1520221315.948035:  1809 000008 0412 000059 3816 065036 2456 065506 3517 000090 1976 065515 0000 065518
1520221316.008770:  1809 001770 0412 000444 3816 003350 2456 002474 3517 003801 1976 002044 0000 000000
1520221316.008866:  1809 001770 0412 000444 3816 003350 2456 002474 3517 003801 1976 002044 0000 000000
1520221316.070315:  1816 001816 0429 000429 3773 003773 2452 002452 3488 003488 1979 001979 0000 000000
1520221316.130996:  1816 001771 0429 000454 3773 003258 2452 002469 3488 003788 1979 002041 0000 000000
1520221316.131044:  1816 001771 0429 000454 3773 003258 2452 002469 3488 003788 1979 002041 0000 000000
1520221316.182974:  1816 000008 0429 000047 3773 065036 2452 065516 3488 000090 1979 065505 0000 065518
1520221316.243756:  1816 001774 0429 000463 3773 003176 2452 002466 3488 003777 1979 002036 0000 000000
1520221316.243812:  1816 001774 0429 000463 3773 003176 2452 002466 3488 003777 1979 002036 0000 000000
1520221316.305347:  1823 001823 0446 000446 3728 003728 2448 002448 3459 003459 1983 001983 0000 000000
1520221316.366089:  1823 001775 0446 000473 3728 003082 2448 002458 3459 003760 1983 002030 0000 000000
1520221316.366144:  1823 001775 0446 000473 3728 003082 2448 002458 3459 003760 1983 002030 0000 000000
1520221316.427587:  1823 000008 0446 000047 3728 065036 2448 065526 3459 000090 1983 065495 0000 065518
1520221316.488263:  1823 001779 0446 000482 3728 003028 2448 002454 3459 003745 1983 002023 0000 000000
1520221316.488314:  1823 001779 0446 000482 3728 003028 2448 002454 3459 003745 1983 002023 0000 000000
1520221316.549887:  1828 001828 0463 000463 3682 003682 2444 002444 3429 003429 1986 001986 0000 000000
1520221316.610557:  1828 001783 0463 000492 3682 002900 2444 002447 3429 003725 1986 002013 0000 000000
1520221316.610604:  1828 001783 0463 000492 3682 002900 2444 002447 3429 003725 1986 002013 0000 000000
1520221316.672291:  1828 000008 0463 000047 3682 065036 2444 065526 3429 000090 1986 065475 0000 065518
1520221316.723495:  1828 001788 0463 000501 3682 002815 2444 002447 3429 003714 1986 002009 0000 000000
1520221316.723543:  1828 001788 0463 000501 3682 002815 2444 002447 3429 003714 1986 002009 0000 000000
1520221316.785017:  1834 001834 0480 000480 3635 003635 2440 002440 3400 003400 1990 001990 0000 000000
1520221316.845863:  1834 001790 0480 000509 3635 002720 2440 002441 3400 003697 1990 002002 0000 000000
1520221316.845988:  1834 001790 0480 000509 3635 002720 2440 002441 3400 003697 1990 002002 0000 000000
1520221316.907626:  1834 000008 0480 000047 3635 065036 2440 065526 3400 000090 1990 065455 0000 065518
1520221316.968435:  1834 001792 0480 000517 3635 002625 2440 002435 3400 003680 1990 001992 0000 000000
1520221316.968498:  1834 001792 0480 000517 3635 002625 2440 002435 3400 003680 1990 001992 0000 000000
1520221317.030186:  1839 001839 0498 000498 3586 003586 2436 002436 3370 003370 1994 001994 0000 000000
1520221317.090983:  1839 001795 0498 000525 3586 002532 2436 002432 3370 003664 1994 001985 0000 000000
1520221317.091031:  1839 001795 0498 000525 3586 002532 2436 002432 3370 003664 1994 001985 0000 000000
1520221317.152457:  1839 000008 0498 000047 3586 065036 2436 065526 3370 000090 1994 065445 0000 065518
1520221317.203052:  1839 001800 0498 000532 3586 002445 2436 002429 3370 003649 1994 001978 0000 000000
1520221317.203106:  1839 001800 0498 000532 3586 002445 2436 002429 3370 003649 1994 001978 0000 000000
1520221317.264599:  1843 001843 0516 000516 3535 003535 2433 002433 3339 003339 1998 001998 0000 000000
1520221317.325387:  1843 001806 0516 000541 3535 002359 2433 002429 3339 003635 1998 001970 0000 000000
1520221317.325451:  1843 001806 0516 000541 3535 002359 2433 002429 3339 003635 1998 001970 0000 000000
1520221317.386925:  1843 065532 0516 000059 3535 065036 2433 065526 3339 000090 1998 065425 0000 065518
1520221317.447740:  1843 001808 0516 000548 3535 002269 2433 002424 3339 003619 1998 001963 0000 000000
1520221317.447803:  1843 001808 0516 000548 3535 002269 2433 002424 3339 003619 1998 001963 0000 000000
1520221317.509547:  1847 001847 0535 000535 3483 003483 2429 002429 3309 003309 2002 002002 0000 000000
1520221317.570330:  1847 001810 0535 000556 3483 002178 2429 002417 3309 003603 2002 001955 0000 000000
1520221317.570381:  1847 001810 0535 000556 3483 002178 2429 002417 3309 003603 2002 001955 0000 000000
1520221317.632066:  1847 065532 0535 000059 3483 065036 2429 000000 3309 000090 2002 065405 0000 065518
1520221317.682917:  1847 001814 0535 000564 3483 002087 2429 002413 3309 003587 2002 001947 0000 000000
1520221317.683036:  1847 001814 0535 000564 3483 002087 2429 002413 3309 003587 2002 001947 0000 000000
1520221317.744649:  1851 001851 0553 000553 3430 003430 2425 002425 3278 003278 2006 002006 0000 000000
1520221317.805397:  1851 001818 0553 000573 3430 002006 2425 002412 3278 003575 2006 001941 0000 000000
1520221317.805461:  1851 001818 0553 000573 3430 002006 2425 002412 3278 003575 2006 001941 0000 000000
1520221317.866985:  1851 065532 0553 000059 3430 065036 2425 000000 3278 000090 2006 065385 0000 065518
1520221317.927695:  1851 001821 0553 000581 3430 001914 2425 002408 3278 003558 2006 001932 0000 000000
1520221317.927766:  1851 001821 0553 000581 3430 001914 2425 002408 3278 003558 2006 001932 0000 000000
1520221317.989411:  1855 001855 0572 000572 3375 003375 2421 002421 3246 003246 2010 002010 0000 000000
1520221318.050183:  1855 001822 0572 000590 3375 001823 2421 002406 3246 003542 2010 001925 0000 000000
1520221318.050232:  1855 001822 0572 000590 3375 001823 2421 002406 3246 003542 2010 001925 0000 000000
1520221318.111731:  1855 065532 0572 000059 3375 065036 2421 000000 3246 000090 2010 065365 0000 065518
1520221318.172561:  1855 001825 0572 000598 3375 001730 2421 002404 3246 003526 2010 001917 0000 000000
1520221318.172612:  1855 001825 0572 000598 3375 001730 2421 002404 3246 003526 2010 001917 0000 000000
1520221318.234234:  1858 001858 0592 000592 3319 003319 2417 002417 3215 003215 2015 002015 0000 000000
1520221318.294999:  1858 001829 0592 000607 3319 001637 2417 002402 3215 003511 2015 001910 0000 000000
1520221318.295049:  1858 001829 0592 000607 3319 001637 2417 002402 3215 003511 2015 001910 0000 000000
1520221318.356488:  1858 065532 0592 000059 3319 065036 2417 000000 3215 000090 2015 065345 0000 065518
1520221318.417222:  1858 001833 0592 000618 3319 001548 2417 002400 3215 003496 2015 001902 0000 000000
1520221318.417267:  1858 001833 0592 000618 3319 001548 2417 002400 3215 003496 2015 001902 0000 000000
1520221318.478970:  1862 001862 0611 000611 3261 003261 2413 002413 3183 003183 2019 002019 0000 000000
1520221318.539727:  1862 001836 0611 000628 3261 001459 2413 002397 3183 003481 2019 001895 0000 000000
1520221318.539775:  1862 001836 0611 000628 3261 001459 2413 002397 3183 003481 2019 001895 0000 000000
1520221318.601435:  1862 065520 0611 000059 3261 065036 2413 000000 3183 000090 2019 065325 0000 065518
1520221318.662206:  1862 001839 0611 000638 3261 001367 2413 002395 3183 003467 2019 001888 0000 000000
1520221318.662293:  1862 001839 0611 000638 3261 001367 2413 002395 3183 003467 2019 001888 0000 000000
1520221318.723432:  1865 001865 0631 000631 3203 003203 2409 002409 3151 003151 2024 002024 0000 000000
1520221318.784176:  1865 001842 0631 000649 3203 001278 2409 002393 3151 003452 2024 001879 0000 000000
1520221318.784240:  1865 001842 0631 000649 3203 001278 2409 002393 3151 003452 2024 001879 0000 000000
1520221318.845893:  1865 065520 0631 000059 3203 065036 2409 000000 3151 000100 2024 065305 0000 065518
1520221318.906727:  1865 001846 0631 000659 3203 001188 2409 002391 3151 003436 2024 001873 0000 000000
1520221318.906774:  1865 001846 0631 000659 3203 001188 2409 002391 3151 003436 2024 001873 0000 000000
1520221318.968599:  1868 001868 0652 000652 3143 003143 2405 002405 3118 003118 2029 002029 0000 000000
1520221319.029371:  1868 001849 0652 000669 3143 001100 2405 002385 3118 003418 2029 001865 0000 000000
1520221319.029419:  1868 001849 0652 000669 3143 001100 2405 002385 3118 003418 2029 001865 0000 000000
1520221319.091072:  1868 065508 0652 000059 3143 065036 2405 000000 3118 000090 2029 065285 0000 065518
1520221319.151900:  1868 001852 0652 000679 3143 001011 2405 002382 3118 003401 2029 001857 0000 000000
1520221319.151964:  1868 001852 0652 000679 3143 001011 2405 002382 3118 003401 2029 001857 0000 000000
1520221319.213239:  1870 001870 0672 000672 3081 003081 2401 002401 3085 003085 2034 002034 0000 000000
1520221319.273922:  1870 001853 0672 000689 3081 000923 2401 002378 3085 003383 2034 001848 0000 000000
1520221319.273986:  1870 001853 0672 000689 3081 000923 2401 002378 3085 003383 2034 001848 0000 000000
1520221319.335633:  1870 065508 0672 000059 3081 065036 2401 000010 3085 000090 2034 065265 0000 065518
1520221319.396416:  1870 001854 0672 000698 3081 000838 2401 002374 3085 003369 2034 001842 0000 000000
1520221319.396465:  1870 001854 0672 000698 3081 000838 2401 002374 3085 003369 2034 001842 0000 000000
1520221319.458186:  1873 001873 0693 000693 3019 003019 2397 002397 3052 003052 2039 002039 0000 000000
1520221319.518925:  1873 001856 0693 000709 3019 000761 2397 002374 3052 003354 2039 001833 0000 000000
1520221319.518997:  1873 001856 0693 000709 3019 000761 2397 002374 3052 003354 2039 001833 0000 000000
1520221319.580767:  1873 065508 0693 000059 3019 065036 2397 000010 3052 000100 2039 065245 0000 065518
1520221319.641461:  1873 001860 0693 000720 3019 000666 2397 002373 3052 003336 2039 001892 0000 000000
1520221319.641530:  1873 001860 0693 000720 3019 000666 2397 002373 3052 003336 2039 001892 0000 000000
1520221319.693042:  1875 001875 0715 000715 2955 002955 2392 002392 3018 003018 2045 002045 0000 000000
1520221319.753806:  1875 001863 0715 000731 2955 000589 2392 002373 3018 003322 2045 001818 0000 000000
1520221319.753861:  1875 001863 0715 000731 2955 000589 2392 002373 3018 003322 2045 001818 0000 000000
1520221319.815307:  1875 065508 0715 000071 2955 065036 2392 000010 3018 000100 2045 065225 0000 065518
1520221319.876052:  1875 001866 0715 000740 2955 000501 2392 002368 3018 003303 2045 001809 0000 000000
1520221319.876102:  1875 001866 0715 000740 2955 000501 2392 002368 3018 003303 2045 001809 0000 000000
1520221319.937639:  1877 001877 0737 000737 2891 002891 2387 002387 2984 002984 2050 002050 0000 000000
1520221319.998427:  1877 001867 0737 000751 2891 000417 2387 002368 2984 003287 2050 001801 0000 000000
1520221319.998490:  1877 001867 0737 000751 2891 000417 2387 002368 2984 003287 2050 001801 0000 000000
1520221320.060055:  1877 065508 0737 000071 2891 065036 2387 000000 2984 000100 2050 065205 0000 065518
1520221320.120858:  1877 001867 0737 000760 2891 000338 2387 002365 2984 003270 2050 001793 0000 000000
1520221320.120907:  1877 001867 0737 000760 2891 000338 2387 002365 2984 003270 2050 001793 0000 000000
1520221320.172862:  1879 001879 0759 000759 2825 002825 2382 002382 2950 002950 2056 002056 0000 000000
1520221320.233589:  1879 001866 0759 000770 2825 000261 2382 002362 2950 003253 2056 001785 0000 000000
1520221320.233652:  1879 001866 0759 000770 2825 000261 2382 002362 2950 003253 2056 001785 0000 000000
1520221320.295454:  1879 065508 0759 000071 2825 065036 2382 000000 2950 000100 2056 065185 0000 065518
1520221320.356257:  1879 001866 0759 000781 2825 000180 2382 002359 2950 003235 2056 001776 0000 000000
1520221320.356309:  1879 001866 0759 000781 2825 000180 2382 002359 2950 003235 2056 001776 0000 000000
1520221320.417945:  1881 001881 0781 000781 2758 002758 2377 002377 2915 002915 2062 002062 0000 000000
1520221320.478820:  1881 001863 0781 000792 2758 000105 2377 002358 2915 003218 2062 001768 0000 000000
1520221320.478872:  1881 001863 0781 000792 2758 000105 2377 002358 2915 003218 2062 001768 0000 000000
1520221320.540525:  1881 065520 0781 000071 2758 065036 2377 000000 2915 000100 2062 065155 0000 065518
1520221320.601354:  1881 001858 0781 000800 2758 000102 2377 002356 2915 003201 2062 001759 0000 000000
1520221320.601422:  1881 001858 0781 000800 2758 000102 2377 002356 2915 003201 2062 001759 0000 000000
1520221320.662911:  1883 001883 0804 000804 2690 002690 2372 002372 2880 002880 2068 002068 0000 000000
1520221320.723401:  1883 001856 0804 000816 2690 000103 2372 002356 2880 003184 2068 001751 0000 000000
1520221320.723465:  1883 001856 0804 000816 2690 000103 2372 002356 2880 003184 2068 001751 0000 000000
