1517559176.292458:  0000 003671 0000 000103 0000 003432 0000 001646 0000 001051 0000 000689 0000 000000
1517559176.853142:  0000 000500 0000 065247 0000 065036 0000 065036 0000 000500 0000 064736 0000 065518
1517559176.913882:  0000 000140 0000 000101 0000 003418 0000 001645 0000 001034 0000 000689 0000 000000
1517559176.913990:  0000 000140 0000 000101 0000 003418 0000 001645 0000 001034 0000 000689 0000 000000
1517559176.976010:  3642 003642 0234 000234 3508 003508 1408 001408 1006 001006 1396 001396 0000 000000
1517559177.036821:  3642 000198 0234 000102 3508 003348 1408 001640 1006 000961 1396 000676 0000 000000
1517559177.036867:  3642 000198 0234 000102 3508 003348 1408 001640 1006 000961 1396 000676 0000 000000
1517559177.098324:  3642 000500 0234 065391 3508 065296 1408 065036 1006 000500 1396 000200 0000 065518
1517559177.159092:  3642 000285 0234 000102 3508 003283 1408 001606 1006 000883 1396 000649 0000 000000
1517559177.159205:  3642 000285 0234 000102 3508 003283 1408 001606 1006 000883 1396 000649 0000 000000
1517559177.220831:  3587 003587 0376 000376 3650 003650 1408 001408 0760 000760 1781 001781 0000 000000
1517559177.281476:  3587 000378 0376 000101 3650 003238 1408 001576 0760 000806 1781 000619 0000 000000
1517559177.281533:  3587 000378 0376 000101 3650 003238 1408 001576 0760 000806 1781 000619 0000 000000
1517559177.343028:  3587 000500 0376 000059 3650 065526 1408 065036 0760 000500 1781 000440 0000 065518
1517559177.403855:  3587 000470 0376 000101 3650 003207 1408 001545 0760 000729 1781 000585 0000 000000
1517559177.403973:  3587 000470 0376 000101 3650 003207 1408 001545 0760 000729 1781 000585 0000 000000
1517559177.465491:  3533 003533 0569 000569 3775 003775 1408 001408 0526 000526 1891 001891 0000 000000
1517559177.526311:  3533 000556 0569 000103 3775 003202 1408 001512 0526 000653 1891 000549 0000 000000
1517559177.526392:  3533 000556 0569 000103 3775 003202 1408 001512 0526 000653 1891 000549 0000 000000
1517559177.587900:  3533 000500 0569 000311 3775 000130 1408 065036 0526 000500 1891 000590 0000 065518
1517559177.648796:  3533 000647 0569 000128 3775 003201 1408 001478 0526 000578 1891 000513 0000 000000
1517559177.648895:  3533 000647 0569 000128 3775 003201 1408 001478 0526 000578 1891 000513 0000 000000
1517559177.710537:  3482 003482 0820 000820 3881 003881 1408 001408 0496 000496 1954 001954 0000 000000
1517559177.771268:  3482 000738 0820 000175 3881 003205 1408 001445 0496 000502 1954 000476 0000 000000
1517559177.771340:  3482 000738 0820 000175 3881 003205 1408 001445 0496 000502 1954 000476 0000 000000
1517559177.832889:  3482 000500 0820 000500 3881 000210 1408 065036 0496 000470 1954 000720 0000 065518
1517559177.893739:  3482 000822 0820 000240 3881 003215 1408 001409 0496 000429 1954 000441 0000 000000
1517559177.893801:  3482 000822 0820 000240 3881 003215 1408 001409 0496 000429 1954 000441 0000 000000
1517559177.955505:  3433 003433 1128 001128 3966 003966 1408 001408 0496 000496 2001 002001 0000 000000
1517559178.016289:  3433 000912 1128 000295 3966 003234 1408 001398 0496 000363 2001 000405 0000 000000
1517559178.016381:  3433 000912 1128 000295 3966 003234 1408 001398 0496 000363 2001 000405 0000 000000
1517559178.077898:  3433 000500 1128 000500 3966 000250 1408 065046 0496 000340 2001 000800 0000 065518
1517559178.138649:  3433 001001 1128 000355 3966 003256 1408 001397 0496 000298 2001 000371 0000 000000
1517559178.138748:  3433 001001 1128 000355 3966 003256 1408 001397 0496 000298 2001 000371 0000 000000
1517559178.200490:  3385 003385 1472 001472 4026 004026 1408 001408 0496 000496 2041 002041 0000 000000
1517559178.261286:  3385 001088 1472 000418 4026 003280 1408 001398 0496 000248 2041 000339 0000 000000
1517559178.261342:  3385 001088 1472 000418 4026 003280 1408 001398 0496 000248 2041 000339 0000 000000
1517559178.322784:  3385 000500 1472 000500 4026 000250 1408 065046 0496 000240 2041 000800 0000 065518
1517559178.383584:  3385 001180 1472 000479 4026 003303 1408 001398 0496 000203 2041 000312 0000 000000
1517559178.383662:  3385 001180 1472 000479 4026 003303 1408 001398 0496 000203 2041 000312 0000 000000
1517559178.445008:  3340 003340 1809 001809 4056 004056 1408 001408 0496 000496 2075 002075 0000 000000
1517559178.505902:  3340 001267 1809 000542 4056 003325 1408 001399 0496 000163 2075 000289 0000 000000
1517559178.505943:  3340 001267 1809 000542 4056 003325 1408 001399 0496 000163 2075 000289 0000 000000
1517559178.567302:  3340 000500 1809 000500 4056 000220 1408 065046 0496 000160 2075 064736 0000 065518
1517559178.628149:  3340 001360 1809 000605 4056 003344 1408 001399 0496 000140 2075 000269 0000 000000
1517559178.628245:  3340 001360 1809 000605 4056 003344 1408 001399 0496 000140 2075 000269 0000 000000
1517559178.689707:  3297 003297 2096 002096 4052 004052 1408 001408 0496 000496 2082 002082 0000 000000
1517559178.750550:  3297 001450 2096 000669 4052 003358 1408 001397 0496 000135 2082 000252 0000 000000
1517559178.750607:  3297 001450 2096 000669 4052 003358 1408 001397 0496 000135 2082 000252 0000 000000
1517559178.802513:  3297 000500 2096 000500 4052 000170 1408 065036 0496 000150 2082 064736 0000 065518
1517559178.863388:  3297 001533 2096 000729 4052 003367 1408 001398 0496 000137 2082 000248 0000 000000
1517559178.863466:  3297 001533 2096 000729 4052 003367 1408 001398 0496 000137 2082 000248 0000 000000
1517559178.924925:  3255 003255 2315 002315 4014 004014 1408 001408 0496 000496 2082 002082 0000 000000
