1517293829.620511:  0000 001750 0000 000266 0000 003261 0000 002459 0000 003603 0000 001945 0000 000000
1517293830.221260:  0000 065460 0000 065535 0000 065403 0000 065446 0000 065376 0000 064815 0000 065518
1517293830.322076:  0000 001749 0000 000267 0000 003249 0000 002455 0000 003621 0000 001948 0000 000000
1517293830.322145:  0000 001749 0000 000267 0000 003249 0000 002455 0000 003621 0000 001948 0000 000000
1517293830.423824:  1754 001754 0277 000277 3238 003238 2457 002457 3599 003599 1944 001944 0000 000000
1517293830.524613:  1754 001742 0277 000269 3238 003186 2457 002440 3599 003677 1944 001963 0000 000000
1517293830.524665:  1754 001742 0277 000269 3238 003186 2457 002440 3599 003677 1944 001963 0000 000000
1517293830.620498:  1754 065472 0277 000011 3238 065453 2457 065456 3599 065486 1944 064785 0000 065518
1517293830.721229:  1754 001736 0277 000274 3238 003134 2457 002430 3599 003725 1944 001985 0000 000000
1517293830.721297:  1754 001736 0277 000274 3238 003134 2457 002430 3599 003725 1944 001985 0000 000000
1517293830.822845:  1761 001761 0300 000300 3191 003191 2453 002453 3592 003592 1941 001941 0000 000000
1517293830.923711:  1761 001732 0300 000279 3191 003091 2453 002418 3592 003763 1941 002007 0000 000000
1517293830.923799:  1761 001732 0300 000279 3191 003091 2453 002418 3592 003763 1941 002007 0000 000000
1517293831.025381:  1761 065496 0300 000035 3191 065493 2453 065486 3592 000020 1941 064745 0000 065518
1517293831.120486:  1761 001733 0300 000285 3191 003055 2453 002408 3592 003783 1941 002015 0000 000000
1517293831.120563:  1761 001733 0300 000285 3191 003055 2453 002408 3592 003783 1941 002015 0000 000000
1517293831.222320:  1768 001768 0323 000323 3143 003143 2450 002450 3583 003583 1939 001939 0000 000000
1517293831.323213:  1768 001735 0323 000291 3143 003026 2450 002402 3583 003793 1939 002029 0000 000000
1517293831.323267:  1768 001735 0323 000291 3143 003026 2450 002402 3583 003793 1939 002029 0000 000000
1517293831.424962:  1768 065496 0323 000047 3143 065503 2450 065496 3583 000050 1939 064736 0000 065518
1517293831.525749:  1768 001738 0323 000299 3143 002997 2450 002401 3583 003796 1939 002036 0000 000000
1517293831.525817:  1768 001738 0323 000299 3143 002997 2450 002401 3583 003796 1939 002036 0000 000000
1517293831.620498:  1775 001775 0347 000347 3093 003093 2447 002447 3572 003572 1937 001937 0000 000000
1517293831.721402:  1775 001740 0347 000307 3093 002969 2447 002390 3572 003796 1937 002042 0000 000000
1517293831.721478:  1775 001740 0347 000307 3093 002969 2447 002390 3572 003796 1937 002042 0000 000000
1517293831.823074:  1775 065496 0347 000047 3093 065513 2447 065496 3572 000060 1937 064736 0000 065518
1517293831.923817:  1775 001743 0347 000315 3093 002946 2447 002385 3572 003793 1937 002036 0000 000000
1517293831.923902:  1775 001743 0347 000315 3093 002946 2447 002385 3572 003793 1937 002036 0000 000000
1517293832.025516:  1781 001781 0370 000370 3042 003042 2444 002444 3560 003560 1935 001935 0000 000000
1517293832.120498:  1781 001745 0370 000325 3042 002920 2444 002383 3560 003789 1935 002037 0000 000000
1517293832.120597:  1781 001745 0370 000325 3042 002920 2444 002383 3560 003789 1935 002037 0000 000000
1517293832.222187:  1781 065496 0370 000059 3042 065513 2444 065506 3560 000070 1935 064736 0000 065518
1517293832.322926:  1781 001748 0370 000335 3042 002894 2444 002378 3560 003781 1935 002032 0000 000000
1517293832.323018:  1781 001748 0370 000335 3042 002894 2444 002378 3560 003781 1935 002032 0000 000000
1517293832.424492:  1787 001787 0394 000394 2990 002990 2441 002441 3547 003547 1932 001932 0000 000000
1517293832.525294:  1787 001751 0394 000346 2990 002870 2441 002375 3547 003773 1932 002027 0000 000000
1517293832.525384:  1787 001751 0394 000346 2990 002870 2441 002375 3547 003773 1932 002027 0000 000000
1517293832.620464:  1787 065496 0394 000059 2990 065503 2441 065506 3547 000060 1932 064736 0000 065518
1517293832.721237:  1787 001752 0394 000357 2990 002844 2441 002374 3547 003770 1932 002032 0000 000000
1517293832.721347:  1787 001752 0394 000357 2990 002844 2441 002374 3547 003770 1932 002032 0000 000000
1517293832.823048:  1792 001792 0418 000418 2936 002936 2438 002438 3533 003533 1929 001929 0000 000000
1517293832.923786:  1792 001756 0418 000366 2936 002814 2438 002301 3533 003760 1929 002022 0000 000000
1517293832.923871:  1792 001756 0418 000366 2936 002814 2438 002301 3533 003760 1929 002022 0000 000000
1517293833.025595:  1792 065496 0418 000059 2936 065503 2438 065516 3533 000070 1929 064736 0000 065518
1517293833.120510:  1792 001763 0418 000377 2936 002789 2438 002368 3533 003752 1929 002016 0000 000000
1517293833.120579:  1792 001763 0418 000377 2936 002789 2438 002368 3533 003752 1929 002016 0000 000000
1517293833.222362:  1797 001797 0442 000442 2880 002880 2435 002435 3518 003518 1927 001927 0000 000000
1517293833.323183:  1797 001770 0442 000389 2880 002760 2435 002366 3518 003746 1927 002014 0000 000000
1517293833.323252:  1797 001770 0442 000389 2880 002760 2435 002366 3518 003746 1927 002014 0000 000000
1517293833.424986:  1797 065484 0442 000059 2880 065503 2435 065506 3518 000070 1927 064736 0000 065518
1517293833.525849:  1797 001774 0442 000403 2880 002732 2435 002365 3518 003740 1927 002011 0000 000000
1517293833.525934:  1797 001774 0442 000403 2880 002732 2435 002365 3518 003740 1927 002011 0000 000000
1517293833.620497:  1802 001802 0466 000466 2823 002823 2432 002432 3501 003501 1924 001924 0000 000000
1517293833.721398:  1802 001778 0466 000416 2823 002705 2432 002362 3501 003731 1924 002011 0000 000000
1517293833.721498:  1802 001778 0466 000416 2823 002705 2432 002362 3501 003731 1924 002011 0000 000000
1517293833.823023:  1802 065484 0466 000059 2823 065503 2432 065516 3501 000070 1924 064736 0000 065518
1517293833.923862:  1802 001783 0466 000430 2823 002676 2432 002361 3501 003724 1924 002003 0000 000000
1517293833.923950:  1802 001783 0466 000430 2823 002676 2432 002361 3501 003724 1924 002003 0000 000000
1517293834.025539:  1806 001806 0491 000491 2765 002765 2429 002429 3484 003484 1921 001921 0000 000000
1517293834.120517:  1806 001787 0491 000441 2765 002648 2429 002359 3484 003716 1921 001998 0000 000000
1517293834.120624:  1806 001787 0491 000441 2765 002648 2429 002359 3484 003716 1921 001998 0000 000000
1517293834.222488:  1806 065484 0491 000059 2765 065503 2429 065516 3484 000070 1921 064736 0000 065518
1517293834.323318:  1806 001787 0491 000453 2765 002621 2429 002359 3484 003708 1921 001999 0000 000000
1517293834.323388:  1806 001787 0491 000453 2765 002621 2429 002359 3484 003708 1921 001999 0000 000000
1517293834.425094:  1811 001811 0516 000516 2706 002706 2427 002427 3465 003465 1917 001917 0000 000000
1517293834.525849:  1811 001787 0516 000464 2706 002592 2427 002357 3465 003700 1917 001991 0000 000000
1517293834.525919:  1811 001787 0516 000464 2706 002592 2427 002357 3465 003700 1917 001991 0000 000000
1517293834.620494:  1811 065484 0516 000059 2706 065493 2427 065506 3465 000070 1917 064745 0000 065518
1517293834.721372:  1811 001787 0516 000476 2706 002562 2427 002354 3465 003686 1917 001988 0000 000000
1517293834.721459:  1811 001787 0516 000476 2706 002562 2427 002354 3465 003686 1917 001988 0000 000000
1517293834.822923:  1815 001815 0541 000541 2646 002646 2424 002424 3446 003446 1914 001914 0000 000000
1517293834.923662:  1815 001788 0541 000487 2646 002534 2424 002355 3446 003676 1914 001982 0000 000000
1517293834.923739:  1815 001788 0541 000487 2646 002534 2424 002355 3446 003676 1914 001982 0000 000000
1517293835.025345:  1815 065484 0541 000059 2646 065493 2424 065516 3446 000070 1914 064755 0000 065518
1517293835.120503:  1815 001790 0541 000502 2646 002501 2424 002351 3446 003667 1914 001975 0000 000000
1517293835.120598:  1815 001790 0541 000502 2646 002501 2424 002351 3446 003667 1914 001975 0000 000000
1517293835.222150:  1818 001818 0566 000566 2584 002584 2421 002421 3425 003425 1911 001911 0000 000000
1517293835.322964:  1818 001792 0566 000515 2584 002472 2421 002348 3425 003658 1911 001972 0000 000000
1517293835.323054:  1818 001792 0566 000515 2584 002472 2421 002348 3425 003658 1911 001972 0000 000000
1517293835.424690:  1818 065484 0566 000059 2584 065493 2421 065516 3425 000080 1911 064755 0000 065518
1517293835.525481:  1818 001791 0566 000529 2584 002445 2421 002350 3425 003650 1911 001966 0000 000000
1517293835.525569:  1818 001791 0566 000529 2584 002445 2421 002350 3425 003650 1911 001966 0000 000000
1517293835.620500:  1822 001822 0592 000592 2521 002521 2418 002418 3404 003404 1907 001907 0000 000000
1517293835.721363:  1822 001790 0592 000542 2521 002410 2418 002344 3404 003634 1907 001960 0000 000000
1517293835.721418:  1822 001790 0592 000542 2521 002410 2418 002344 3404 003634 1907 001960 0000 000000
1517293835.822982:  1822 065496 0592 000059 2521 065493 2418 065516 3404 000070 1907 064765 0000 065518
1517293835.923781:  1822 001791 0592 000553 2521 002378 2418 002341 3404 003622 1907 001954 0000 000000
1517293835.923881:  1822 001791 0592 000553 2521 002378 2418 002341 3404 003622 1907 001954 0000 000000
1517293836.025670:  1825 001825 0618 000618 2457 002457 2415 002415 3381 003381 1903 001903 0000 000000
1517293836.120518:  1825 001794 0618 000565 2457 002347 2415 002341 3381 003613 1903 001949 0000 000000
1517293836.120597:  1825 001794 0618 000565 2457 002347 2415 002341 3381 003613 1903 001949 0000 000000
1517293836.222289:  1825 065496 0618 000071 2457 065493 2415 065516 3381 000070 1903 064775 0000 065518
1517293836.323169:  1825 001796 0618 000579 2457 002319 2415 002342 3381 003605 1903 001946 0000 000000
1517293836.323242:  1825 001796 0618 000579 2457 002319 2415 002342 3381 003605 1903 001946 0000 000000
1517293836.424838:  1829 001829 0644 000644 2392 002392 2412 002412 3358 003358 1899 001899 0000 000000
1517293836.525675:  1829 001799 0644 000592 2392 002284 2412 002337 3358 003590 1899 001939 0000 000000
1517293836.525783:  1829 001799 0644 000592 2392 002284 2412 002337 3358 003590 1899 001939 0000 000000
1517293836.620502:  1829 065484 0644 000059 2392 065493 2412 065516 3358 000070 1899 064785 0000 065518
1517293836.721319:  1829 001802 0644 000604 2392 002250 2412 002332 3358 003576 1899 001933 0000 000000
1517293836.721392:  1829 001802 0644 000604 2392 002250 2412 002332 3358 003576 1899 001933 0000 000000
1517293836.822973:  1832 001832 0671 000671 2326 002326 2409 002409 3334 003334 1895 001895 0000 000000
1517293836.923615:  1832 001805 0671 000619 2326 002220 2409 002333 3334 003566 1895 001927 0000 000000
1517293836.923692:  1832 001805 0671 000619 2326 002220 2409 002333 3334 003566 1895 001927 0000 000000
1517293837.025310:  1832 065484 0671 000059 2326 000017 2409 065516 3334 000070 1895 064785 0000 065518
1517293837.120487:  1832 001808 0671 000634 2326 002188 2409 002333 3334 003553 1895 001922 0000 000000
1517293837.120593:  1832 001808 0671 000634 2326 002188 2409 002333 3334 003553 1895 001922 0000 000000
1517293837.222408:  1835 001835 0698 000698 2259 002259 2406 002406 3308 003308 1891 001891 0000 000000
1517293837.323193:  1835 001809 0698 000648 2259 002155 2406 002331 3308 003541 1891 001915 0000 000000
1517293837.323273:  1835 001809 0698 000648 2259 002155 2406 002331 3308 003541 1891 001915 0000 000000
1517293837.425053:  1835 065484 0698 000059 2259 065483 2406 065516 3308 000090 1891 064795 0000 065518
1517293837.525870:  1835 001811 0698 000662 2259 002121 2406 002330 3308 003527 1891 001908 0000 000000
1517293837.525948:  1835 001811 0698 000662 2259 002121 2406 002330 3308 003527 1891 001908 0000 000000
1517293837.620545:  1837 001837 0726 000726 2191 002191 2403 002403 3282 003282 1887 001887 0000 000000
1517293837.721306:  1837 001813 0726 000675 2191 002089 2403 002328 3282 003514 1887 001905 0000 000000
1517293837.721396:  1837 001813 0726 000675 2191 002089 2403 002328 3282 003514 1887 001905 0000 000000
1517293837.823131:  1837 065484 0726 000059 2191 065483 2403 065516 3282 000070 1887 064805 0000 065518
1517293837.923919:  1837 001815 0726 000689 2191 002055 2403 002328 3282 003499 1887 001894 0000 000000
1517293837.923992:  1837 001815 0726 000689 2191 002055 2403 002328 3282 003499 1887 001894 0000 000000
1517293838.025566:  1840 001840 0753 000753 2122 002122 2399 002399 3255 003255 1882 001882 0000 000000
1517293838.120462:  1840 001817 0753 000701 2122 002020 2399 002318 3255 003486 1882 001888 0000 000000
1517293838.120560:  1840 001817 0753 000701 2122 002020 2399 002318 3255 003486 1882 001888 0000 000000
1517293838.222140:  1840 065484 0753 000059 2122 065483 2399 065516 3255 000080 1882 064815 0000 065518
1517293838.323017:  1840 001819 0753 000716 2122 001984 2399 002326 3255 003475 1882 001882 0000 000000
1517293838.323106:  1840 001819 0753 000716 2122 001984 2399 002326 3255 003475 1882 001882 0000 000000
1517293838.424690:  1843 001843 0782 000782 2052 002052 2396 002396 3226 003226 1878 001878 0000 000000
1517293838.525394:  1843 001820 0782 000731 2052 001950 2396 002325 3226 003461 1878 001876 0000 000000
1517293838.525450:  1843 001820 0782 000731 2052 001950 2396 002325 3226 003461 1878 001876 0000 000000
1517293838.620500:  1843 065484 0782 000059 2052 065483 2396 065516 3226 000080 1878 064815 0000 065518
1517293838.721287:  1843 001822 0782 000744 2052 001917 2396 002323 3226 003448 1878 001870 0000 000000
1517293838.721336:  1843 001822 0782 000744 2052 001917 2396 002323 3226 003448 1878 001870 0000 000000
1517293838.823014:  1845 001845 0811 000811 1981 001981 2392 002392 3197 003197 1873 001873 0000 000000
1517293838.923862:  1845 001824 0811 000758 1981 001879 2392 002321 3197 003433 1873 001863 0000 000000
1517293838.923940:  1845 001824 0811 000758 1981 001879 2392 002321 3197 003433 1873 001863 0000 000000
1517293839.025455:  1845 065484 0811 000071 1981 065483 2392 065506 3197 000080 1873 064825 0000 065518
1517293839.120506:  1845 001826 0811 000773 1981 001845 2392 002321 3197 003419 1873 001856 0000 000000
1517293839.120630:  1845 001826 0811 000773 1981 001845 2392 002321 3197 003419 1873 001856 0000 000000
1517293839.222385:  1848 001848 0840 000840 1910 001910 2388 002388 3167 003167 1867 001867 0000 000000
1517293839.323261:  1848 001828 0840 000787 1910 001811 2388 002318 3167 003405 1867 001849 0000 000000
1517293839.323330:  1848 001828 0840 000787 1910 001811 2388 002318 3167 003405 1867 001849 0000 000000
1517293839.424940:  1848 065484 0840 000071 1910 065483 2388 065506 3167 000080 1867 064825 0000 065518
1517293839.525705:  1848 001829 0840 000802 1910 001775 2388 002317 3167 003390 1867 001843 0000 000000
1517293839.525780:  1848 001829 0840 000802 1910 001775 2388 002317 3167 003390 1867 001843 0000 000000
1517293839.620504:  1850 001850 0870 000870 1838 001838 2384 002384 3136 003136 1862 001862 0000 000000
1517293839.721236:  1850 001828 0870 000816 1838 001740 2384 002314 3136 003375 1862 001834 0000 000000
1517293839.721310:  1850 001828 0870 000816 1838 001740 2384 002314 3136 003375 1862 001834 0000 000000
1517293839.823049:  1850 065484 0870 000071 1838 065473 2384 065506 3136 000080 1862 064835 0000 065518
1517293839.923858:  1850 001828 0870 000832 1838 001703 2384 002313 3136 003360 1862 001828 0000 000000
1517293839.923912:  1850 001828 0870 000832 1838 001703 2384 002313 3136 003360 1862 001828 0000 000000
1517293840.025422:  1852 001852 0900 000900 1765 001765 2380 002380 3104 003104 1856 001856 0000 000000
1517293840.120505:  1852 001828 0900 000847 1765 001667 2380 002310 3104 003346 1856 001822 0000 000000
1517293840.120603:  1852 001828 0900 000847 1765 001667 2380 002310 3104 003346 1856 001822 0000 000000
1517293840.122333:  1852 001828 0900 000847 1765 001667 2380 002310 3104 003346 1856 001822 0000 000000
