1517295180.568092:  0000 002254 0000 003286 0000 001974 0000 002844 0000 003913 0000 002091 0000 000000
1517295181.168762:  0000 000200 0000 000200 0000 000200 0000 000200 0000 000200 0000 000800 0000 000500
1517295181.269578:  0000 002278 0000 003310 0000 001981 0000 002851 0000 003891 0000 002097 0000 000000
1517295181.269655:  0000 002278 0000 003310 0000 001981 0000 002851 0000 003891 0000 002097 0000 000000
1517295181.371300:  2253 002253 3267 003267 1999 001999 2843 002843 3915 003915 2090 002090 0000 000000
1517295181.472038:  2253 002351 3267 003364 1999 002013 2843 002888 3915 003817 2090 002072 0000 000000
1517295181.472104:  2253 002351 3267 003364 1999 002013 2843 002888 3915 003817 2090 002072 0000 000000
1517295181.568084:  2253 000044 3267 000044 1999 000200 2843 000150 3915 000080 2090 000800 0000 000500
1517295181.668888:  2253 002415 3267 003392 1999 002039 2843 002913 3915 003779 2090 002046 0000 000000
1517295181.668964:  2253 002415 3267 003392 1999 002039 2843 002913 3915 003779 2090 002046 0000 000000
1517295181.770562:  2253 002253 3230 003230 2051 002051 2843 002843 3920 003920 2090 002090 0000 000000
1517295181.871437:  2253 002442 3230 003402 2051 002066 2843 002933 3920 003764 2090 002033 0000 000000
1517295181.871512:  2253 002442 3230 003402 2051 002066 2843 002933 3920 003764 2090 002033 0000 000000
1517295181.973107:  2253 065496 3230 065508 2051 000200 2843 000100 3920 000040 2090 000800 0000 000500
1517295182.068100:  2253 002464 3230 003405 2051 002091 2843 002955 3920 003759 2090 002021 0000 000000
1517295182.068175:  2253 002464 3230 003405 2051 002091 2843 002955 3920 003759 2090 002021 0000 000000
1517295182.169841:  2253 002253 3192 003192 2100 002100 2843 002843 3924 003924 2089 002089 0000 000000
1517295182.270635:  2253 002474 3192 003404 2100 002116 2843 002975 3924 003758 2089 002018 0000 000000
1517295182.270722:  2253 002474 3192 003404 2100 002116 2843 002975 3924 003758 2089 002018 0000 000000
1517295182.372460:  2253 065472 3192 065460 2100 000200 2843 000070 3924 000040 2089 000800 0000 000500
1517295182.473336:  2253 002476 3192 003407 2100 002141 2843 002990 3924 003757 2089 002015 0000 000000
1517295182.473389:  2253 002476 3192 003407 2100 002141 2843 002990 3924 003757 2089 002015 0000 000000
1517295182.568105:  2253 002253 3153 003153 2149 002149 2843 002843 3927 003927 2089 002089 0000 000000
1517295182.668913:  2253 002478 3153 003407 2149 002165 2843 003002 3927 003757 2089 002018 0000 000000
1517295182.668991:  2253 002478 3153 003407 2149 002165 2843 003002 3927 003757 2089 002018 0000 000000
1517295182.770578:  2253 065472 3153 065412 2149 000200 2843 000040 3927 000040 2089 000800 0000 000500
1517295182.871438:  2253 002479 3153 003405 2149 002190 2843 003015 3927 003758 2089 002015 0000 000000
1517295182.871490:  2253 002479 3153 003405 2149 002190 2843 003015 3927 003758 2089 002015 0000 000000
1517295182.972980:  2253 002253 3113 003113 2196 002196 2843 002843 3928 003928 2089 002089 0000 000000
1517295183.068082:  2253 002479 3113 003400 2196 002215 2843 003025 3928 003759 2089 002016 0000 000000
1517295183.068175:  2253 002479 3113 003400 2196 002215 2843 003025 3928 003759 2089 002016 0000 000000
1517295183.169860:  2253 065472 3113 065376 2196 000200 2843 000020 3928 000040 2089 000800 0000 000500
1517295183.270715:  2253 002480 3113 003394 2196 002238 2843 003032 3928 003760 2089 002016 0000 000000
1517295183.270827:  2253 002480 3113 003394 2196 002238 2843 003032 3928 003760 2089 002016 0000 000000
1517295183.372545:  2253 002253 3073 003073 2242 002242 2843 002843 3929 003929 2089 002089 0000 000000
1517295183.473388:  2253 002480 3073 003385 2242 002262 2843 003038 3929 003761 2089 002016 0000 000000
1517295183.473440:  2253 002480 3073 003385 2242 002262 2843 003038 3929 003761 2089 002016 0000 000000
1517295183.568084:  2253 065472 3073 065352 2242 000190 2843 000010 3929 000040 2089 000800 0000 000500
1517295183.668850:  2253 002480 3073 003374 2242 002284 2843 003043 3929 003760 2089 002020 0000 000000
1517295183.668932:  2253 002480 3073 003374 2242 002284 2843 003043 3929 003760 2089 002020 0000 000000
1517295183.770641:  2253 002253 3032 003032 2286 002286 2843 002843 3928 003928 2089 002089 0000 000000
1517295183.871479:  2253 002480 3032 003359 2286 002307 2843 003046 3928 003762 2089 002017 0000 000000
1517295183.871547:  2253 002480 3032 003359 2286 002307 2843 003046 3928 003762 2089 002017 0000 000000
1517295183.973160:  2253 065472 3032 065328 2286 000190 2843 000000 3928 000040 2089 000800 0000 000500
1517295184.068086:  2253 002481 3032 003344 2286 002329 2843 003049 3928 003763 2089 002017 0000 000000
1517295184.068160:  2253 002481 3032 003344 2286 002329 2843 003049 3928 003763 2089 002017 0000 000000
1517295184.169998:  2253 002253 2990 002990 2329 002329 2843 002843 3926 003926 2089 002089 0000 000000
1517295184.270878:  2253 002481 2990 003328 2329 002351 2843 003053 3926 003763 2089 002018 0000 000000
1517295184.270931:  2253 002481 2990 003328 2329 002351 2843 003053 3926 003763 2089 002018 0000 000000
1517295184.372550:  2253 065472 2990 065316 2329 000190 2843 065526 3926 000040 2089 000800 0000 000500
1517295184.473371:  2253 002481 2990 003310 2329 002373 2843 003055 3926 003763 2089 002018 0000 000000
1517295184.473459:  2253 002481 2990 003310 2329 002373 2843 003055 3926 003763 2089 002018 0000 000000
1517295184.568050:  2253 002253 2948 002948 2370 002370 2843 002843 3923 003923 2089 002089 0000 000000
1517295184.668881:  2253 002481 2948 003292 2370 002395 2843 003056 3923 003764 2089 002018 0000 000000
1517295184.668938:  2253 002481 2948 003292 2370 002395 2843 003056 3923 003764 2089 002018 0000 000000
1517295184.770572:  2253 065472 2948 065316 2370 000190 2843 065526 3923 000050 2089 000800 0000 000500
1517295184.871401:  2253 002481 2948 003272 2370 002416 2843 003057 3923 003760 2089 002017 0000 000000
1517295184.871494:  2253 002481 2948 003272 2370 002416 2843 003057 3923 003760 2089 002017 0000 000000
1517295184.973109:  2253 002253 2905 002905 2410 002410 2843 002843 3919 003919 2090 002090 0000 000000
1517295185.068087:  2253 002481 2905 003253 2410 002437 2843 003059 3919 003758 2090 002016 0000 000000
1517295185.068170:  2253 002481 2905 003253 2410 002437 2843 003059 3919 003758 2090 002016 0000 000000
1517295185.169984:  2253 065472 2905 065304 2410 000190 2843 065526 3919 000040 2090 000800 0000 000500
1517295185.270910:  2253 002481 2905 003232 2410 002457 2843 003060 3919 003756 2090 002015 0000 000000
1517295185.270963:  2253 002481 2905 003232 2410 002457 2843 003060 3919 003756 2090 002015 0000 000000
1517295185.372828:  2253 002253 2861 002861 2449 002449 2843 002843 3913 003913 2090 002090 0000 000000
1517295185.473605:  2253 002482 2861 003211 2449 002478 2843 003062 3913 003753 2090 002016 0000 000000
1517295185.474298:  2253 002482 2861 003211 2449 002478 2843 003062 3913 003753 2090 002016 0000 000000
1517295185.568081:  2253 065472 2861 065304 2449 000180 2843 065526 3913 000050 2090 000800 0000 000500
1517295185.668863:  2253 002481 2861 003191 2449 002498 2843 003063 3913 003750 2090 002012 0000 000000
1517295185.668902:  2253 002481 2861 003191 2449 002498 2843 003063 3913 003750 2090 002012 0000 000000
1517295185.770667:  2253 002253 2816 002816 2485 002485 2844 002844 3906 003906 2091 002091 0000 000000
1517295185.871312:  2253 002480 2816 003168 2485 002516 2844 003065 3906 003747 2091 002012 0000 000000
1517295185.871390:  2253 002480 2816 003168 2485 002516 2844 003065 3906 003747 2091 002012 0000 000000
1517295185.972933:  2253 065472 2816 065304 2485 000180 2844 065516 3906 000050 2091 000800 0000 000500
1517295186.068052:  2253 002478 2816 003147 2485 002533 2844 003065 3906 003742 2091 002010 0000 000000
1517295186.068110:  2253 002478 2816 003147 2485 002533 2844 003065 3906 003742 2091 002010 0000 000000
1517295186.169769:  2253 002253 2770 002770 2520 002520 2844 002844 3898 003898 2092 002092 0000 000000
1517295186.270384:  2253 002478 2770 003125 2520 002552 2844 003065 3898 003739 2092 002007 0000 000000
1517295186.270451:  2253 002478 2770 003125 2520 002552 2844 003065 3898 003739 2092 002007 0000 000000
1517295186.372120:  2253 065472 2770 065304 2520 000180 2844 065516 3898 000050 2092 000800 0000 000500
1517295186.472915:  2253 002478 2770 003102 2520 002571 2844 003066 3898 003736 2092 002009 0000 000000
1517295186.472981:  2253 002478 2770 003102 2520 002571 2844 003066 3898 003736 2092 002009 0000 000000
1517295186.568084:  2253 002253 2724 002724 2554 002554 2844 002844 3888 003888 2093 002093 0000 000000
1517295186.668934:  2253 002478 2724 003079 2554 002588 2844 003066 3888 003732 2093 002004 0000 000000
1517295186.669000:  2253 002478 2724 003079 2554 002588 2844 003066 3888 003732 2093 002004 0000 000000
1517295186.770701:  2253 065472 2724 065304 2554 000180 2844 065516 3888 000050 2093 000800 0000 000500
1517295186.871608:  2253 002478 2724 003056 2554 002606 2844 003067 3888 003728 2093 002004 0000 000000
1517295186.871685:  2253 002478 2724 003056 2554 002606 2844 003067 3888 003728 2093 002004 0000 000000
1517295186.973318:  2253 002253 2677 002677 2586 002586 2844 002844 3877 003877 2094 002094 0000 000000
1517295187.068089:  2253 002479 2677 003032 2586 002624 2844 003067 3877 003725 2094 002006 0000 000000
1517295187.068154:  2253 002479 2677 003032 2586 002624 2844 003067 3877 003725 2094 002006 0000 000000
1517295187.169681:  2253 065472 2677 065304 2586 000170 2844 065516 3877 000060 2094 000800 0000 000500
1517295187.270517:  2253 002478 2677 003010 2586 002641 2844 003067 3877 003717 2094 001998 0000 000000
1517295187.270572:  2253 002478 2677 003010 2586 002641 2844 003067 3877 003717 2094 001998 0000 000000
1517295187.372198:  2253 002253 2629 002629 2616 002616 2844 002844 3864 003864 2096 002096 0000 000000
1517295187.473015:  2253 002478 2629 002986 2616 002657 2844 003067 3864 003709 2096 001997 0000 000000
1517295187.473087:  2253 002478 2629 002986 2616 002657 2844 003067 3864 003709 2096 001997 0000 000000
1517295187.568102:  2253 065472 2629 065292 2616 000170 2844 065516 3864 000050 2096 000800 0000 000500
1517295187.668908:  2253 002478 2629 002963 2616 002671 2844 003067 3864 003701 2096 001990 0000 000000
1517295187.668968:  2253 002478 2629 002963 2616 002671 2844 003067 3864 003701 2096 001990 0000 000000
1517295187.770486:  2253 002253 2580 002580 2644 002644 2845 002845 3849 003849 2097 002097 0000 000000
1517295187.871253:  2253 002478 2580 002938 2644 002686 2845 003068 3849 003692 2097 001988 0000 000000
1517295187.871342:  2253 002478 2580 002938 2644 002686 2845 003068 3849 003692 2097 001988 0000 000000
1517295187.973176:  2253 065472 2580 065304 2644 000170 2845 065516 3849 000050 2097 000800 0000 000500
1517295188.068111:  2253 002477 2580 002913 2644 002701 2845 003068 3849 003685 2097 001988 0000 000000
1517295188.068186:  2253 002477 2580 002913 2644 002701 2845 003068 3849 003685 2097 001988 0000 000000
1517295188.169748:  2253 002253 2531 002531 2671 002671 2845 002845 3833 003833 2099 002099 0000 000000
1517295188.270478:  2253 002477 2531 002888 2671 002715 2845 003069 3833 003676 2099 001979 0000 000000
1517295188.270571:  2253 002477 2531 002888 2671 002715 2845 003069 3833 003676 2099 001979 0000 000000
1517295188.372345:  2253 065472 2531 065292 2671 000160 2845 065516 3833 000050 2099 000800 0000 000500
1517295188.473161:  2253 002476 2531 002864 2671 002729 2845 003036 3833 003668 2099 001977 0000 000000
1517295188.473228:  2253 002476 2531 002864 2671 002729 2845 003036 3833 003668 2099 001977 0000 000000
1517295188.568082:  2253 002253 2481 002481 2696 002696 2845 002845 3816 003816 2100 002100 0000 000000
1517295188.668971:  2253 002476 2481 002839 2696 002744 2845 003070 3816 003660 2100 001973 0000 000000
1517295188.669048:  2253 002476 2481 002839 2696 002744 2845 003070 3816 003660 2100 001973 0000 000000
1517295188.770879:  2253 065472 2481 065292 2696 000160 2845 065516 3816 000050 2100 000800 0000 000500
1517295188.871649:  2253 002475 2481 002814 2696 002758 2845 003070 3816 003651 2100 001968 0000 000000
1517295188.871727:  2253 002475 2481 002814 2696 002758 2845 003070 3816 003651 2100 001968 0000 000000
1517295188.973707:  2253 002253 2430 002430 2719 002719 2846 002846 3796 003796 2102 002102 0000 000000
1517295189.068087:  2253 002474 2430 002787 2719 002770 2846 003070 3796 003643 2102 001968 0000 000000
1517295189.068174:  2253 002474 2430 002787 2719 002770 2846 003070 3796 003643 2102 001968 0000 000000
1517295189.169974:  2253 065472 2430 065292 2719 000160 2846 065516 3796 000060 2102 000800 0000 000500
1517295189.270789:  2253 002474 2430 002762 2719 002781 2846 003071 3796 003633 2102 001963 0000 000000
1517295189.270858:  2253 002474 2430 002762 2719 002781 2846 003071 3796 003633 2102 001963 0000 000000
1517295189.372648:  2253 002253 2379 002379 2740 002740 2846 002846 3774 003774 2105 002105 0000 000000
1517295189.473423:  2253 002473 2379 002736 2740 002792 2846 003071 3774 003623 2105 001962 0000 000000
1517295189.473491:  2253 002473 2379 002736 2740 002792 2846 003071 3774 003623 2105 001962 0000 000000
1517295189.568051:  2253 065472 2379 065292 2740 000160 2846 065516 3774 000060 2105 000800 0000 000500
1517295189.668827:  2253 002472 2379 002711 2740 002804 2846 003071 3774 003613 2105 001951 0000 000000
1517295189.668935:  2253 002472 2379 002711 2740 002804 2846 003071 3774 003613 2105 001951 0000 000000
1517295189.770692:  2253 002253 2327 002327 2759 002759 2847 002847 3751 003751 2107 002107 0000 000000
1517295189.871625:  2253 002471 2327 002685 2759 002815 2847 003071 3751 003602 2107 001950 0000 000000
1517295189.871711:  2253 002471 2327 002685 2759 002815 2847 003071 3751 003602 2107 001950 0000 000000
1517295189.973509:  2253 065484 2327 065292 2759 000150 2847 065516 3751 000060 2107 000800 0000 000500
1517295190.068082:  2253 002469 2327 002658 2759 002826 2847 003071 3751 003592 2107 001944 0000 000000
1517295190.068136:  2253 002469 2327 002658 2759 002826 2847 003071 3751 003592 2107 001944 0000 000000
1517295190.170004:  2253 002253 2274 002274 2776 002776 2848 002848 3725 003725 2109 002109 0000 000000
1517295190.270856:  2253 002468 2274 002632 2776 002837 2848 003072 3725 003579 2109 001938 0000 000000
1517295190.270931:  2253 002468 2274 002632 2776 002837 2848 003072 3725 003579 2109 001938 0000 000000
1517295190.372692:  2253 065484 2274 065292 2776 000150 2848 065516 3725 000060 2109 000800 0000 000500
1517295190.473532:  2253 002467 2274 002605 2776 002846 2848 003071 3725 003564 2109 001934 0000 000000
1517295190.473600:  2253 002467 2274 002605 2776 002846 2848 003071 3725 003564 2109 001934 0000 000000
1517295190.568074:  2253 002253 2221 002221 2792 002792 2848 002848 3697 003697 2112 002112 0000 000000
1517295190.668935:  2253 002466 2221 002580 2792 002854 2848 003072 3697 003549 2112 001921 0000 000000
1517295190.669016:  2253 002466 2221 002580 2792 002854 2848 003072 3697 003549 2112 001921 0000 000000
1517295190.770923:  2253 065484 2221 065292 2792 000150 2848 065516 3697 000060 2112 000800 0000 000500
1517295190.871714:  2253 002472 2221 002552 2792 002861 2848 003072 3697 003534 2112 001919 0000 000000
1517295190.871804:  2253 002472 2221 002552 2792 002861 2848 003072 3697 003534 2112 001919 0000 000000
1517295190.973609:  2253 002253 2168 002168 2805 002805 2849 002849 3667 003667 2115 002115 0000 000000
1517295191.068055:  2253 002473 2168 002525 2805 002869 2849 003072 3667 003520 2115 001913 0000 000000
1517295191.068168:  2253 002473 2168 002525 2805 002869 2849 003072 3667 003520 2115 001913 0000 000000
1517295191.069855:  2253 002473 2168 002525 2805 002869 2849 003072 3667 003520 2115 001913 0000 000000
1517295191.668856:  2253 000200 2168 000272 2805 000180 2849 000200 3667 000180 2115 000800 0000 000500
1517295191.769716:  2253 002494 2168 002493 2805 002895 2849 003081 3667 003472 2115 001894 0000 000000
1517295191.769779:  2253 002494 2168 002493 2805 002895 2849 003081 3667 003472 2115 001894 0000 000000
1517295191.871572:  2498 002498 2522 002522 2860 002860 3066 003066 3517 003517 1919 001919 0000 000000
1517295191.972381:  2498 002570 2522 002569 2860 002910 3066 003112 3517 003410 1919 001875 0000 000000
1517295191.972461:  2498 002570 2522 002569 2860 002910 3066 003112 3517 003410 1919 001875 0000 000000
1517295192.068101:  2498 000104 2522 000116 2860 000140 3066 000140 3517 000080 1919 000800 0000 000500
1517295192.168916:  2498 002645 2522 002617 2860 002920 3066 003136 3517 003377 1919 001849 0000 000000
1517295192.168973:  2498 002645 2522 002617 2860 002920 3066 003136 3517 003377 1919 001849 0000 000000
1517295192.270774:  2548 002548 2518 002518 2841 002841 3056 003056 3509 003509 1931 001931 0000 000000
1517295192.371618:  2548 002696 2518 002649 2841 002924 3056 003157 3509 003360 1931 001838 0000 000000
1517295192.371685:  2548 002696 2518 002649 2841 002924 3056 003157 3509 003360 1931 001838 0000 000000
1517295192.473209:  2548 000032 2518 000032 2841 000110 3056 000090 3509 000050 1931 000800 0000 000500
1517295192.568052:  2548 002739 2518 002669 2841 002926 3056 003176 3509 003349 1931 001832 0000 000000
1517295192.568143:  2548 002739 2518 002669 2841 002926 3056 003176 3509 003349 1931 001832 0000 000000
1517295192.669673:  2597 002597 2513 002513 2820 002820 3045 003045 3500 003500 1943 001943 0000 000000
1517295192.770460:  2597 002778 2513 002682 2820 002927 3045 003190 3500 003344 1943 001825 0000 000000
1517295192.770532:  2597 002778 2513 002682 2820 002927 3045 003190 3500 003344 1943 001825 0000 000000
1517295192.872124:  2597 000008 2513 065532 2820 000090 3045 000050 3500 000050 1943 000800 0000 000500
1517295192.972952:  2597 002804 2513 002690 2820 002927 3045 003203 3500 003337 1943 001822 0000 000000
1517295192.973012:  2597 002804 2513 002690 2820 002927 3045 003203 3500 003337 1943 001822 0000 000000
1517295193.068099:  2646 002646 2508 002508 2797 002797 3035 003035 3488 003488 1955 001955 0000 000000
1517295193.168896:  2646 002833 2508 002695 2797 002926 3035 003214 3488 003331 1955 001817 0000 000000
1517295193.168979:  2646 002833 2508 002695 2797 002926 3035 003214 3488 003331 1955 001817 0000 000000
1517295193.270579:  2646 065532 2508 065508 2797 000060 3035 000020 3488 000050 1955 000800 0000 000500
1517295193.371362:  2646 002856 2508 002699 2797 002923 3035 003219 3488 003325 1955 001813 0000 000000
1517295193.371439:  2646 002856 2508 002699 2797 002923 3035 003219 3488 003325 1955 001813 0000 000000
1517295193.473287:  2693 002693 2503 002503 2773 002773 3025 003025 3474 003474 1967 001967 0000 000000
1517295193.568071:  2693 002881 2503 002703 2773 002921 3025 003225 3474 003319 1967 001811 0000 000000
1517295193.568186:  2693 002881 2503 002703 2773 002921 3025 003225 3474 003319 1967 001811 0000 000000
1517295193.670003:  2693 065532 2503 065496 2773 000050 3025 000000 3474 000050 1967 000800 0000 000500
1517295193.770819:  2693 002904 2503 002701 2773 002916 3025 003229 3474 003313 1967 001808 0000 000000
1517295193.770912:  2693 002904 2503 002701 2773 002916 3025 003229 3474 003313 1967 001808 0000 000000
1517295193.872587:  2740 002740 2498 002498 2747 002747 3015 003015 3459 003459 1979 001979 0000 000000
1517295193.973327:  2740 002930 2498 002707 2747 002910 3015 003231 3459 003306 1979 001802 0000 000000
1517295193.973413:  2740 002930 2498 002707 2747 002910 3015 003231 3459 003306 1979 001802 0000 000000
1517295194.068084:  2740 065532 2498 065484 2747 000030 3015 065516 3459 000060 1979 000800 0000 000500
1517295194.168949:  2740 002952 2498 002708 2747 002904 3015 003233 3459 003298 1979 001801 0000 000000
1517295194.169042:  2740 002952 2498 002708 2747 002904 3015 003233 3459 003298 1979 001801 0000 000000
1517295194.270783:  2785 002785 2493 002493 2720 002720 3005 003005 3441 003441 1991 001991 0000 000000
1517295194.371522:  2785 002975 2493 002709 2720 002894 3005 003233 3441 003289 1991 001797 0000 000000
1517295194.371581:  2785 002975 2493 002709 2720 002894 3005 003233 3441 003289 1991 001797 0000 000000
1517295194.473174:  2785 065532 2493 065472 2720 000020 3005 065506 3441 000060 1991 000800 0000 000500
1517295194.568082:  2785 002999 2493 002710 2720 002882 3005 003233 3441 003281 1991 001788 0000 000000
1517295194.568141:  2785 002999 2493 002710 2720 002882 3005 003233 3441 003281 1991 001788 0000 000000
1517295194.669866:  2830 002830 2488 002488 2691 002691 2996 002996 3421 003421 2003 002003 0000 000000
1517295194.770562:  2830 003020 2488 002711 2691 002869 2996 003234 3421 003270 2003 001790 0000 000000
1517295194.770638:  2830 003020 2488 002711 2691 002869 2996 003234 3421 003270 2003 001790 0000 000000
1517295194.872135:  2830 065520 2488 065472 2691 000020 2996 065496 3421 000060 2003 000800 0000 000500
1517295194.972817:  2830 003044 2488 002711 2691 002857 2996 003233 3421 003261 2003 001781 0000 000000
1517295194.972905:  2830 003044 2488 002711 2691 002857 2996 003233 3421 003261 2003 001781 0000 000000
1517295195.068048:  2873 002873 2483 002483 2660 002660 2987 002987 3400 003400 2015 002015 0000 000000
1517295195.168678:  2873 003066 2483 002711 2660 002844 2987 003235 3400 003251 2015 001780 0000 000000
1517295195.168734:  2873 003066 2483 002711 2660 002844 2987 003235 3400 003251 2015 001780 0000 000000
1517295195.270406:  2873 065520 2483 065460 2660 000010 2987 065486 3400 000060 2015 000800 0000 000500
1517295195.371234:  2873 003087 2483 002712 2660 002832 2987 003233 3400 003242 2015 001773 0000 000000
1517295195.371286:  2873 003087 2483 002712 2660 002832 2987 003233 3400 003242 2015 001773 0000 000000
1517295195.472931:  2916 002916 2478 002478 2628 002628 2978 002978 3376 003376 2026 002026 0000 000000
1517295195.568067:  2916 003111 2478 002712 2628 002820 2978 003233 3376 003231 2026 001764 0000 000000
1517295195.568156:  2916 003111 2478 002712 2628 002820 2978 003233 3376 003231 2026 001764 0000 000000
1517295195.669772:  2916 065520 2478 065460 2628 000010 2978 065476 3376 000060 2026 000800 0000 000500
1517295195.770542:  2916 003133 2478 002712 2628 002805 2978 003234 3376 003217 2026 001765 0000 000000
1517295195.770600:  2916 003133 2478 002712 2628 002805 2978 003234 3376 003217 2026 001765 0000 000000
1517295195.872192:  2957 002957 2473 002473 2595 002595 2969 002969 3351 003351 2037 002037 0000 000000
1517295195.972994:  2957 003154 2473 002746 2595 002790 2969 003234 3351 003204 2037 001755 0000 000000
1517295195.973065:  2957 003154 2473 002746 2595 002790 2969 003234 3351 003204 2037 001755 0000 000000
1517295196.068051:  2957 065520 2473 065448 2595 000000 2969 065466 3351 000060 2037 000800 0000 000500
1517295196.168852:  2957 003175 2473 002711 2595 002774 2969 003234 3351 003189 2037 001750 0000 000000
1517295196.168957:  2957 003175 2473 002711 2595 002774 2969 003234 3351 003189 2037 001750 0000 000000
1517295196.270697:  2998 002998 2469 002469 2559 002559 2960 002960 3324 003324 2048 002048 0000 000000
1517295196.371458:  2998 003196 2469 002711 2559 002759 2960 003234 3324 003175 2048 001743 0000 000000
1517295196.371533:  2998 003196 2469 002711 2559 002759 2960 003234 3324 003175 2048 001743 0000 000000
1517295196.473144:  2998 065520 2469 065448 2559 000000 2960 065466 3324 000060 2048 000800 0000 000500
1517295196.568082:  2998 003215 2469 002710 2559 002740 2960 003234 3324 003159 2048 001731 0000 000000
1517295196.568155:  2998 003215 2469 002710 2559 002740 2960 003234 3324 003159 2048 001731 0000 000000
1517295196.669786:  3037 003037 2465 002465 2523 002523 2952 002952 3295 003295 2059 002059 0000 000000
1517295196.770562:  3037 003235 2465 002709 2523 002723 2952 003233 3295 003145 2059 001726 0000 000000
1517295196.770617:  3037 003235 2465 002709 2523 002723 2952 003233 3295 003145 2059 001726 0000 000000
1517295196.872172:  3037 065520 2465 065448 2523 000000 2952 065456 3295 000060 2059 000800 0000 000500
1517295196.972987:  3037 003254 2465 002709 2523 002707 2952 003227 3295 003137 2059 001715 0000 000000
1517295196.973061:  3037 003254 2465 002709 2523 002707 2952 003227 3295 003137 2059 001715 0000 000000
1517295197.068098:  3075 003075 2462 002462 2485 002485 2943 002943 3264 003264 2069 002069 0000 000000
1517295197.168831:  3075 003272 2462 002708 2485 002687 2943 003222 3264 003123 2069 001714 0000 000000
1517295197.168902:  3075 003272 2462 002708 2485 002687 2943 003222 3264 003123 2069 001714 0000 000000
1517295197.270465:  3075 065508 2462 065448 2485 065526 2943 065456 3264 000070 2069 000800 0000 000500
1517295197.371254:  3075 003293 2462 002706 2485 002666 2943 003218 3264 003104 2069 001704 0000 000000
1517295197.371343:  3075 003293 2462 002706 2485 002666 2943 003218 3264 003104 2069 001704 0000 000000
1517295197.473056:  3112 003112 2459 002459 2445 002445 2935 002935 3232 003232 2079 002079 0000 000000
1517295197.568075:  3112 003314 2459 002705 2445 002646 2935 003214 3232 003087 2079 001695 0000 000000
1517295197.568187:  3112 003314 2459 002705 2445 002646 2935 003214 3232 003087 2079 001695 0000 000000
