1517295629.601349:  0000 001766 0000 000336 0000 003264 0000 002490 0000 003613 0000 001951 0000 000000
1517295630.651928:  0000 065472 0000 000071 0000 065393 0000 065456 0000 065366 0000 064736 0000 065518
1517295631.151926:  0000 001761 0000 000369 0000 003140 0000 002492 0000 003748 0000 001987 0000 000000
1517295631.152022:  0000 001761 0000 000369 0000 003140 0000 002492 0000 003748 0000 001987 0000 000000
1517295631.651943:  1769 001769 0347 000347 3239 003239 2488 002488 3607 003607 1949 001949 0000 000000
1517295632.151862:  1769 001755 0347 000407 3239 003042 2488 002471 3607 003834 1949 002050 0000 000000
1517295632.151938:  1769 001755 0347 000407 3239 003042 2488 002471 3607 003834 1949 002050 0000 000000
1517295632.651820:  1769 065496 0347 065535 3239 000047 2488 065476 3607 000060 1949 064736 0000 065518
1517295633.151916:  1769 001754 0347 000429 3239 003013 2488 002447 3607 003831 1949 002052 0000 000000
1517295633.151997:  1769 001754 0347 000429 3239 003013 2488 002447 3607 003831 1949 002052 0000 000000
1517295633.651957:  1776 001776 0370 000370 3190 003190 2485 002485 3594 003594 1947 001947 0000 000000
1517295634.151911:  1776 001761 0370 000445 3190 002986 2485 002442 3594 003823 1947 002047 0000 000000
1517295634.152001:  1776 001761 0370 000445 3190 002986 2485 002442 3594 003823 1947 002047 0000 000000
1517295634.651953:  1776 065484 0370 065523 3190 000037 2485 065496 3594 000060 1947 064736 0000 065518
1517295635.151795:  1776 001764 0370 000460 3190 002961 2485 002435 3594 003817 1947 002044 0000 000000
1517295635.151910:  1776 001764 0370 000460 3190 002961 2485 002435 3594 003817 1947 002044 0000 000000
1517295635.651973:  1782 001782 0393 000393 3138 003138 2482 002482 3580 003580 1945 001945 0000 000000
1517295636.151970:  1782 001766 0393 000474 3138 002934 2482 002431 3580 003810 1945 002040 0000 000000
1517295636.152052:  1782 001766 0393 000474 3138 002934 2482 002431 3580 003810 1945 002040 0000 000000
1517295636.651981:  1782 065484 0393 065523 3138 000037 2482 065496 3580 000060 1945 064736 0000 065518
1517295637.151911:  1782 001768 0393 000486 3138 002913 2482 002431 3580 003803 1945 002038 0000 000000
1517295637.151988:  1782 001768 0393 000486 3138 002913 2482 002431 3580 003803 1945 002038 0000 000000
1517295637.651935:  1788 001788 0416 000416 3086 003086 2479 002479 3565 003565 1943 001943 0000 000000
1517295638.151931:  1788 001775 0416 000498 3086 002884 2479 002431 3565 003797 1943 002035 0000 000000
1517295638.152020:  1788 001775 0416 000498 3086 002884 2479 002431 3565 003797 1943 002035 0000 000000
1517295638.651894:  1788 065484 0416 065523 3086 000047 2479 065496 3565 000060 1943 064736 0000 065518
1517295639.151887:  1788 001781 0416 000509 3086 002858 2479 002431 3565 003788 1943 002099 0000 000000
1517295639.151993:  1788 001781 0416 000509 3086 002858 2479 002431 3565 003788 1943 002099 0000 000000
1517295639.652049:  1793 001793 0440 000440 3032 003032 2476 002476 3548 003548 1940 001940 0000 000000
1517295640.151846:  1793 001780 0440 000522 3032 002829 2476 002431 3548 003782 1940 002032 0000 000000
1517295640.151922:  1793 001780 0440 000522 3032 002829 2476 002431 3548 003782 1940 002032 0000 000000
1517295640.651829:  1793 065484 0440 065523 3032 000037 2476 065496 3548 000060 1940 064736 0000 065518
1517295641.151988:  1793 001781 0440 000533 3032 002801 2476 002429 3548 003775 1940 002027 0000 000000
1517295641.152046:  1793 001781 0440 000533 3032 002801 2476 002429 3548 003775 1940 002027 0000 000000
1517295641.651993:  1798 001798 0463 000463 2976 002976 2473 002473 3531 003531 1938 001938 0000 000000
1517295642.151945:  1798 001781 0463 000545 2976 002775 2473 002424 3531 003760 1938 002025 0000 000000
1517295642.152012:  1798 001781 0463 000545 2976 002775 2473 002424 3531 003760 1938 002025 0000 000000
1517295642.651995:  1798 065484 0463 065523 2976 000037 2473 065496 3531 000060 1938 064736 0000 065518
1517295643.151898:  1798 001789 0463 000556 2976 002749 2473 002423 3531 003752 1938 002021 0000 000000
1517295643.151966:  1798 001789 0463 000556 2976 002749 2473 002423 3531 003752 1938 002021 0000 000000
1517295643.651928:  1803 001803 0487 000487 2919 002919 2470 002470 3512 003512 1935 001935 0000 000000
1517295644.151969:  1803 001794 0487 000568 2919 002721 2470 002423 3512 003744 1935 002017 0000 000000
1517295644.152027:  1803 001794 0487 000568 2919 002721 2470 002423 3512 003744 1935 002017 0000 000000
1517295644.651928:  1803 065484 0487 065523 2919 000037 2470 065496 3512 000060 1935 064736 0000 065518
1517295645.151935:  1803 001794 0487 000580 2919 002693 2470 002419 3512 003736 1935 002013 0000 000000
1517295645.152006:  1803 001794 0487 000580 2919 002693 2470 002419 3512 003736 1935 002013 0000 000000
1517295645.651856:  1808 001808 0511 000511 2861 002861 2467 002467 3493 003493 1932 001932 0000 000000
1517295646.151915:  1808 001793 0511 000592 2861 002666 2467 002418 3493 003728 1932 002009 0000 000000
1517295646.151991:  1808 001793 0511 000592 2861 002666 2467 002418 3493 003728 1932 002009 0000 000000
1517295646.652025:  1808 065484 0511 065523 2861 000037 2467 065496 3493 000060 1932 064736 0000 065518
