1517556482.908264:  0000 001369 0000 000477 0000 001609 0000 001645 0000 002904 0000 001601 0000 000000
1517556483.469055:  1368 001368 0477 000477 1608 001608 1645 001645 2904 002904 1601 001601 0000 000000
1517556483.529915:  1368 001358 0477 000472 1608 001588 1645 001646 2904 002875 1601 001596 0000 000000
1517556483.529982:  1368 001358 0477 000472 1608 001588 1645 001646 2904 002875 1601 001596 0000 000000
1517556483.591397:  1368 065108 0477 065535 1608 065116 1645 065036 2904 000430 1601 064736 0000 065518
1517556483.652188:  1368 001261 0477 000471 1608 001521 1645 001641 2904 002804 1601 001582 0000 000000
1517556483.652260:  1368 001261 0477 000471 1608 001521 1645 001641 2904 002804 1601 001582 0000 000000
1517556483.713927:  1368 001368 0485 000485 1670 001670 1667 001667 2926 002926 1570 001570 0000 000000
1517556483.774743:  1368 001164 0485 000473 1670 001456 1667 001610 2926 002735 1570 001558 0000 000000
1517556483.774798:  1368 001164 0485 000473 1670 001456 1667 001610 2926 002735 1570 001558 0000 000000
1517556483.836470:  1368 065240 0485 000011 1670 065306 1667 065116 2926 000270 1570 064746 0000 065518
1517556483.897203:  1368 001089 0485 000473 1670 001398 1667 001577 2926 002674 1570 001530 0000 000000
1517556483.897275:  1368 001089 0485 000473 1670 001398 1667 001577 2926 002674 1570 001530 0000 000000
1517556483.958879:  1368 001368 0494 000494 1731 001731 1689 001689 2950 002950 1540 001540 0000 000000
1517556484.019663:  1368 001044 0494 000474 1731 001352 1689 001547 2950 002620 1540 001503 0000 000000
1517556484.019735:  1368 001044 0494 000474 1731 001352 1689 001547 2950 002620 1540 001503 0000 000000
1517556484.081228:  1368 065444 0494 000023 1731 065456 1689 065206 2950 000140 1540 064766 0000 065518
1517556484.141893:  1368 001009 0494 000476 1731 001319 1689 001514 2950 002577 1540 001478 0000 000000
1517556484.141964:  1368 001009 0494 000476 1731 001319 1689 001514 2950 002577 1540 001478 0000 000000
1517556484.203629:  1368 001368 0505 000505 1791 001791 1710 001710 2976 002976 1510 001510 0000 000000
1517556484.264403:  1368 000982 0505 000478 1791 001299 1710 001483 2976 002543 1510 001455 0000 000000
1517556484.264471:  1368 000982 0505 000478 1791 001299 1710 001483 2976 002543 1510 001455 0000 000000
1517556484.326247:  1368 065504 0505 000035 1791 000020 1710 065286 2976 000050 1510 064786 0000 065518
1517556484.386982:  1368 000963 0505 000480 1791 001289 1710 001453 2976 002524 1510 001436 0000 000000
1517556484.387070:  1368 000963 0505 000480 1791 001289 1710 001453 2976 002524 1510 001436 0000 000000
1517556484.448647:  1368 001368 0517 000517 1850 001850 1731 001731 3004 003004 1481 001481 0000 000000
1517556484.509499:  1368 000955 0517 000483 1850 001281 1731 001425 3004 002519 1481 001425 0000 000000
1517556484.509631:  1368 000955 0517 000483 1850 001281 1731 001425 3004 002519 1481 001425 0000 000000
1517556484.571262:  1368 065528 0517 000035 1850 000100 1731 065356 3004 000000 1481 064776 0000 065518
1517556484.632107:  1368 000948 0517 000485 1850 001278 1731 001399 3004 002519 1481 001419 0000 000000
1517556484.632214:  1368 000948 0517 000485 1850 001278 1731 001399 3004 002519 1481 001419 0000 000000
1517556484.693681:  1368 001368 0530 000530 1908 001908 1750 001750 3033 003033 1453 001453 0000 000000
1517556484.754543:  1368 000942 0530 000488 1908 001278 1750 001394 3033 002525 1453 001411 0000 000000
1517556484.754598:  1368 000942 0530 000488 1908 001278 1750 001394 3033 002525 1453 001411 0000 000000
1517556484.816299:  1368 000004 0530 000047 1908 000150 1750 065396 3033 065526 1453 064756 0000 065518
1517556484.877015:  1368 000941 0530 000492 1908 001279 1750 001394 3033 002537 1453 001417 0000 000000
1517556484.877085:  1368 000941 0530 000492 1908 001279 1750 001394 3033 002537 1453 001417 0000 000000
1517556484.938563:  1368 001368 0544 000544 1965 001965 1769 001769 3064 003064 1425 001425 0000 000000
1517556484.999399:  1368 000938 0544 000496 1965 001285 1769 001394 3064 002549 1425 001420 0000 000000
1517556484.999448:  1368 000938 0544 000496 1965 001285 1769 001394 3064 002549 1425 001420 0000 000000
1517556485.061292:  1368 000016 0544 000059 1965 000200 1769 065416 3064 065516 1425 064736 0000 065518
1517556485.122001:  1368 000938 0544 000501 1965 001296 1769 001395 3064 002564 1425 001425 0000 000000
1517556485.122075:  1368 000938 0544 000501 1965 001296 1769 001395 3064 002564 1425 001425 0000 000000
1517556485.183600:  1368 001368 0559 000559 2021 002021 1787 001787 3096 003096 1397 001397 0000 000000
1517556485.244265:  1368 000939 0559 000505 2021 001310 1787 001395 3096 002577 1397 001428 0000 000000
1517556485.244327:  1368 000939 0559 000505 2021 001310 1787 001395 3096 002577 1397 001428 0000 000000
1517556485.305795:  1368 000004 0559 000059 2021 000230 1787 065436 3096 065516 1397 064736 0000 065518
1517556485.366598:  1368 000939 0559 000509 2021 001326 1787 001393 3096 002591 1397 001435 0000 000000
1517556485.366673:  1368 000939 0559 000509 2021 001326 1787 001393 3096 002591 1397 001435 0000 000000
1517556485.418349:  1368 001368 0576 000576 2075 002075 1804 001804 3130 003130 1371 001371 0000 000000
1517556485.479107:  1368 000939 0576 000515 2075 001345 1804 001393 3130 002606 1371 001442 0000 000000
1517556485.479153:  1368 000939 0576 000515 2075 001345 1804 001393 3130 002606 1371 001442 0000 000000
1517556485.540914:  1368 000004 0576 000071 2075 000240 1804 065446 3130 065506 1371 064736 0000 065518
1517556485.601716:  1368 000940 0576 000521 2075 001369 1804 001395 3130 002626 1371 001450 0000 000000
1517556485.601790:  1368 000940 0576 000521 2075 001369 1804 001395 3130 002626 1371 001450 0000 000000
1517556485.663363:  1368 001368 0594 000594 2129 002129 1821 001821 3165 003165 1344 001344 0000 000000
1517556485.724083:  1368 000940 0594 000526 2129 001391 1821 001394 3165 002644 1344 001459 0000 000000
1517556485.724162:  1368 000940 0594 000526 2129 001391 1821 001394 3165 002644 1344 001459 0000 000000
1517556485.785746:  1368 065504 0594 000083 2129 000250 1821 065466 3165 065516 1344 064736 0000 065518
1517556485.846628:  1368 000941 0594 000536 2129 001419 1821 001399 3165 002665 1344 001469 0000 000000
1517556485.846696:  1368 000941 0594 000536 2129 001419 1821 001399 3165 002665 1344 001469 0000 000000
1517556485.908276:  1368 001368 0613 000613 2181 002181 1836 001836 3201 003201 1318 001318 0000 000000
1517556485.969072:  1368 000939 0613 000542 2181 001440 1836 001395 3201 002683 1318 001475 0000 000000
1517556485.969143:  1368 000939 0613 000542 2181 001440 1836 001395 3201 002683 1318 001475 0000 000000
1517556486.030829:  1368 000004 0613 000083 2181 000250 1836 065476 3201 065516 1318 064736 0000 065518
1517556486.091554:  1368 000938 0613 000549 2181 001463 1836 001393 3201 002697 1318 001485 0000 000000
1517556486.091611:  1368 000938 0613 000549 2181 001463 1836 001393 3201 002697 1318 001485 0000 000000
1517556486.153375:  1368 001368 0634 000634 2232 002232 1851 001851 3238 003238 1293 001293 0000 000000
1517556486.214122:  1368 000938 0634 000557 2232 001487 1851 001393 3238 002715 1293 001493 0000 000000
1517556486.214175:  1368 000938 0634 000557 2232 001487 1851 001393 3238 002715 1293 001493 0000 000000
1517556486.275743:  1368 000004 0634 000095 2232 000250 1851 065496 3238 065506 1293 064736 0000 065518
1517556486.336542:  1368 000939 0634 000567 2232 001514 1851 001393 3238 002731 1293 001500 0000 000000
1517556486.336609:  1368 000939 0634 000567 2232 001514 1851 001393 3238 002731 1293 001500 0000 000000
1517556486.398140:  1368 001368 0656 000656 2281 002281 1866 001866 3275 003275 1268 001268 0000 000000
1517556486.458794:  1368 000939 0656 000577 2281 001537 1866 001393 3275 002750 1268 001510 0000 000000
1517556486.458847:  1368 000939 0656 000577 2281 001537 1866 001393 3275 002750 1268 001510 0000 000000
1517556486.520422:  1368 000004 0656 000095 2281 000250 1866 065506 3275 065506 1268 064736 0000 065518
1517556486.581238:  1368 000940 0656 000587 2281 001562 1866 001393 3275 002766 1268 001516 0000 000000
1517556486.581291:  1368 000940 0656 000587 2281 001562 1866 001393 3275 002766 1268 001516 0000 000000
1517556486.643025:  1368 001368 0680 000680 2329 002329 1879 001879 3314 003314 1244 001244 0000 000000
1517556486.703681:  1368 000940 0680 000600 2329 001586 1879 001396 3314 002792 1244 001534 0000 000000
1517556486.703735:  1368 000940 0680 000600 2329 001586 1879 001396 3314 002792 1244 001534 0000 000000
1517556486.765363:  1368 000004 0680 000095 2329 000250 1879 065516 3314 065506 1244 064736 0000 065518
1517556486.826195:  1368 000940 0680 000612 2329 001610 1879 001395 3314 002806 1244 001538 0000 000000
1517556486.826287:  1368 000940 0680 000612 2329 001610 1879 001395 3314 002806 1244 001538 0000 000000
1517556486.887946:  1368 001368 0705 000705 2376 002376 1892 001892 3353 003353 1220 001220 0000 000000
1517556486.948597:  1368 000941 0705 000624 2376 001635 1892 001396 3353 002825 1220 001547 0000 000000
1517556486.948667:  1368 000941 0705 000624 2376 001635 1892 001396 3353 002825 1220 001547 0000 000000
1517556487.010342:  1368 000004 0705 000095 2376 000250 1892 000000 3353 065496 1220 064736 0000 065518
1517556487.071137:  1368 000941 0705 000637 2376 001657 1892 001394 3353 002841 1220 001554 0000 000000
1517556487.071224:  1368 000941 0705 000637 2376 001657 1892 001394 3353 002841 1220 001554 0000 000000
1517556487.132760:  1368 001368 0731 000731 2421 002421 1903 001903 3393 003393 1197 001197 0000 000000
1517556487.193526:  1368 000941 0731 000651 2421 001682 1903 001395 3393 002865 1197 001568 0000 000000
1517556487.193593:  1368 000941 0731 000651 2421 001682 1903 001395 3393 002865 1197 001568 0000 000000
1517556487.255221:  1368 000004 0731 000095 2421 000240 1903 000010 3393 065496 1197 064736 0000 065518
1517556487.315926:  1368 000941 0731 000663 2421 001705 1903 001394 3393 002882 1197 001575 0000 000000
1517556487.315979:  1368 000941 0731 000663 2421 001705 1903 001394 3393 002882 1197 001575 0000 000000
1517556487.377796:  1368 001368 0759 000759 2465 002465 1915 001915 3433 003433 1174 001174 0000 000000
1517556487.438569:  1368 000941 0759 000677 2465 001729 1915 001396 3433 002904 1174 001585 0000 000000
1517556487.438619:  1368 000941 0759 000677 2465 001729 1915 001396 3433 002904 1174 001585 0000 000000
1517556487.500368:  1368 000004 0759 000107 2465 000240 1915 000020 3433 065496 1174 064736 0000 065518
1517556487.561107:  1368 000941 0759 000690 2465 001750 1915 001394 3433 002923 1174 001593 0000 000000
1517556487.561179:  1368 000941 0759 000690 2465 001750 1915 001394 3433 002923 1174 001593 0000 000000
1517556487.622733:  1368 001368 0789 000789 2507 002507 1925 001925 3474 003474 1151 001151 0000 000000
1517556487.683410:  1368 000941 0789 000703 2507 001774 1925 001395 3474 002943 1151 001604 0000 000000
1517556487.683471:  1368 000941 0789 000703 2507 001774 1925 001395 3474 002943 1151 001604 0000 000000
1517556487.745362:  1368 000004 0789 000107 2507 000240 1925 000030 3474 065496 1151 064736 0000 065518
1517556487.806187:  1368 000940 0789 000716 2507 001796 1925 001395 3474 002963 1151 001613 0000 000000
1517556487.806240:  1368 000940 0789 000716 2507 001796 1925 001395 3474 002963 1151 001613 0000 000000
1517556487.867840:  1368 001368 0821 000821 2548 002548 1935 001935 3515 003515 1129 001129 0000 000000
1517556487.928459:  1368 000939 0821 000730 2548 001816 1935 001395 3515 002984 1129 001623 0000 000000
1517556487.928522:  1368 000939 0821 000730 2548 001816 1935 001395 3515 002984 1129 001623 0000 000000
1517556487.990333:  1368 000004 0821 000107 2548 000230 1935 000040 3515 065496 1129 064736 0000 065518
1517556488.051072:  1368 000938 0821 000743 2548 001838 1935 001393 3515 003002 1129 001632 0000 000000
1517556488.051150:  1368 000938 0821 000743 2548 001838 1935 001393 3515 003002 1129 001632 0000 000000
1517556488.114576:  1368 001368 0854 000854 2587 002587 1944 001944 3555 003555 1107 001107 0000 000000
1517556488.175268:  1368 000939 0854 000759 2587 001857 1944 001395 3555 003023 1107 001643 0000 000000
1517556488.175341:  1368 000939 0854 000759 2587 001857 1944 001395 3555 003023 1107 001643 0000 000000
1517556488.236995:  1368 000004 0854 000119 2587 000240 1944 000050 3555 065496 1107 064736 0000 065518
1517556488.297628:  1368 000973 0854 000775 2587 001879 1944 001395 3555 003044 1107 001653 0000 000000
1517556488.297697:  1368 000973 0854 000775 2587 001879 1944 001395 3555 003044 1107 001653 0000 000000
1517556488.359400:  1368 001368 0888 000888 2625 002625 1952 001952 3596 003596 1086 001086 0000 000000
1517556488.418321:  1368 000938 0888 000791 2625 001897 1952 001393 3596 003064 1086 001664 0000 000000
1517556488.418402:  1368 000938 0888 000791 2625 001897 1952 001393 3596 003064 1086 001664 0000 000000
1517556488.480061:  1368 000004 0888 000119 2625 000230 1952 000060 3596 065496 1086 064736 0000 065518
1517556488.540889:  1368 000939 0888 000808 2625 001918 1952 001395 3596 003085 1086 001673 0000 000000
1517556488.540967:  1368 000939 0888 000808 2625 001918 1952 001395 3596 003085 1086 001673 0000 000000
1517556488.602500:  1368 001368 0925 000925 2661 002661 1960 001960 3636 003636 1065 001065 0000 000000
1517556488.663279:  1368 000939 0925 000824 2661 001937 1960 001395 3636 003105 1065 001683 0000 000000
1517556488.663359:  1368 000939 0925 000824 2661 001937 1960 001395 3636 003105 1065 001683 0000 000000
1517556488.724840:  1368 000004 0925 000131 2661 000230 1960 000060 3636 065496 1065 064736 0000 065518
1517556488.785640:  1368 000940 0925 000841 2661 001956 1960 001397 3636 003124 1065 001692 0000 000000
1517556488.785726:  1368 000940 0925 000841 2661 001956 1960 001397 3636 003124 1065 001692 0000 000000
1517556488.847302:  1368 001368 0963 000963 2695 002695 1967 001967 3676 003676 1044 001044 0000 000000
1517556488.908131:  1368 000939 0963 000859 2695 001972 1967 001393 3676 003142 1044 001701 0000 000000
1517556488.908187:  1368 000939 0963 000859 2695 001972 1967 001393 3676 003142 1044 001701 0000 000000
1517556488.969821:  1368 000004 0963 000131 2695 000220 1967 000070 3676 065496 1044 064736 0000 065518
1517556489.030654:  1368 000939 0963 000877 2695 001990 1967 001394 3676 003163 1044 001711 0000 000000
1517556489.030772:  1368 000939 0963 000877 2695 001990 1967 001394 3676 003163 1044 001711 0000 000000
1517556489.092623:  1368 001368 1002 001002 2727 002727 1973 001973 3716 003716 1023 001023 0000 000000
1517556489.153369:  1368 000940 1002 000895 2727 002009 1973 001395 3716 003184 1023 001722 0000 000000
1517556489.153422:  1368 000940 1002 000895 2727 002009 1973 001395 3716 003184 1023 001722 0000 000000
1517556489.215140:  1368 000004 1002 000131 2727 000220 1973 000080 3716 065496 1023 064736 0000 065518
1517556489.275953:  1368 000940 1002 000913 2727 002026 1973 001395 3716 003205 1023 001732 0000 000000
1517556489.276011:  1368 000940 1002 000913 2727 002026 1973 001395 3716 003205 1023 001732 0000 000000
1517556489.337716:  1368 001368 1043 001043 2758 002758 1978 001978 3754 003754 1003 001003 0000 000000
1517556489.398513:  1368 000940 1043 000934 2758 002042 1978 001395 3754 003224 1003 001742 0000 000000
1517556489.398575:  1368 000940 1043 000934 2758 002042 1978 001395 3754 003224 1003 001742 0000 000000
1517556489.458858:  1368 000004 1043 000143 2758 000220 1978 000080 3754 065496 1003 064736 0000 065518
1517556489.519550:  1368 000940 1043 000953 2758 002059 1978 001394 3754 003242 1003 001751 0000 000000
1517556489.519604:  1368 000940 1043 000953 2758 002059 1978 001394 3754 003242 1003 001751 0000 000000
