1517296506.314498:  0000 001785 0000 002343 0000 001253 0000 002159 0000 001753 0000 001029 0000 000000
1517296506.875206:  1784 001784 2343 002343 1253 001253 2159 002159 1753 001753 1029 001029 0000 000000
1517296506.936125:  1784 001785 2343 002348 1253 001177 2159 002157 1753 001761 1029 001028 0000 000000
1517296506.936196:  1784 001785 2343 002348 1253 001177 2159 002157 1753 001761 1029 001028 0000 000000
1517296506.997972:  1784 065472 2343 000071 1253 065463 2159 065446 1753 065406 1029 064736 0000 065518
1517296507.058771:  1784 001785 2343 002365 1253 001143 2159 002157 1753 001803 1029 001037 0000 000000
1517296507.058853:  1784 001785 2343 002365 1253 001143 2159 002157 1753 001803 1029 001037 0000 000000
1517296507.120620:  1786 001786 2356 002356 1201 001201 2125 002125 1720 001720 0999 000999 0000 000000
1517296507.181445:  1786 001785 2356 002379 1201 001112 2125 002158 1720 001837 0999 001055 0000 000000
1517296507.181516:  1786 001785 2356 002379 1201 001112 2125 002158 1720 001837 0999 001055 0000 000000
1517296507.243109:  1786 065472 2356 000047 1201 065463 2125 065406 1720 065506 0999 064736 0000 065518
1517296507.303913:  1786 001785 2356 002391 1201 001081 2125 002157 1720 001866 0999 001072 0000 000000
1517296507.303966:  1786 001785 2356 002391 1201 001081 2125 002157 1720 001866 0999 001072 0000 000000
1517296507.365098:  1788 001788 2370 002370 1149 001149 2087 002087 1689 001689 0966 000966 0000 000000
1517296507.425909:  1788 001785 2370 002402 1149 001051 2087 002146 1689 001884 0966 001082 0000 000000
1517296507.425967:  1788 001785 2370 002402 1149 001051 2087 002146 1689 001884 0966 001082 0000 000000
1517296507.487707:  1788 065472 2370 000047 1149 065473 2087 065386 1689 000040 0966 064736 0000 065518
1517296507.548492:  1788 001785 2370 002411 1149 001023 2087 002133 1689 001892 0966 001098 0000 000000
1517296507.548594:  1788 001785 2370 002411 1149 001023 2087 002133 1689 001892 0966 001098 0000 000000
1517296507.610419:  1789 001789 2385 002385 1098 001098 2045 002045 1659 001659 0928 000928 0000 000000
1517296507.671274:  1789 001785 2385 002421 1098 000996 2045 002120 1659 001892 0928 001094 0000 000000
1517296507.671343:  1789 001785 2385 002421 1098 000996 2045 002120 1659 001892 0928 001094 0000 000000
1517296507.732999:  1789 065472 2385 000035 1098 065483 2045 065366 1659 000070 0928 064736 0000 065518
1517296507.793741:  1789 001785 2385 002430 1098 000971 2045 002107 1659 001885 0928 001093 0000 000000
1517296507.793818:  1789 001785 2385 002430 1098 000971 2045 002107 1659 001885 0928 001093 0000 000000
1517296507.854810:  1791 001791 2401 002401 1046 001046 1997 001997 1631 001631 0886 000886 0000 000000
1517296507.915556:  1791 001785 2401 002439 1046 000947 1997 002090 1631 001876 0886 001092 0000 000000
1517296507.915631:  1791 001785 2401 002439 1046 000947 1997 002090 1631 001876 0886 001092 0000 000000
1517296507.977524:  1791 065472 2401 000035 1046 065473 1997 065346 1631 000080 0886 064736 0000 065518
1517296508.038395:  1791 001786 2401 002446 1046 000919 1997 002074 1631 001865 0886 001091 0000 000000
1517296508.038455:  1791 001786 2401 002446 1046 000919 1997 002074 1631 001865 0886 001091 0000 000000
1517296508.100314:  1792 001792 2417 002417 0995 000995 1942 001942 1604 001604 0838 000838 0000 000000
1517296508.161075:  1792 001785 2417 002455 0995 000892 1942 002059 1604 001852 0838 001092 0000 000000
1517296508.161141:  1792 001785 2417 002455 0995 000892 1942 002059 1604 001852 0838 001092 0000 000000
1517296508.222955:  1792 065472 2417 000035 0995 065483 1942 065326 1604 000080 0838 064736 0000 065518
1517296508.283765:  1792 001785 2417 002462 0995 000865 1942 002031 1604 001840 0838 001088 0000 000000
1517296508.283818:  1792 001785 2417 002462 0995 000865 1942 002031 1604 001840 0838 001088 0000 000000
1517296508.344753:  1794 001794 2434 002434 0943 000943 1881 001881 1580 001580 0785 000785 0000 000000
1517296508.405604:  1794 001785 2434 002470 0943 000840 1881 002017 1580 001829 0785 001083 0000 000000
1517296508.405692:  1794 001785 2434 002470 0943 000840 1881 002017 1580 001829 0785 001083 0000 000000
1517296508.467405:  1794 065472 2434 000035 0943 065483 1881 065306 1580 000080 0785 064736 0000 065518
1517296508.528246:  1794 001785 2434 002480 0943 000813 1881 001992 1580 001815 0785 001075 0000 000000
1517296508.528347:  1794 001785 2434 002480 0943 000813 1881 001992 1580 001815 0785 001075 0000 000000
1517296508.590173:  1795 001795 2451 002451 0892 000892 1811 001811 1559 001559 0724 000724 0000 000000
1517296508.650942:  1795 001785 2451 002488 0892 000786 1811 001966 1559 001804 0724 001064 0000 000000
1517296508.651012:  1795 001785 2451 002488 0892 000786 1811 001966 1559 001804 0724 001064 0000 000000
1517296508.712782:  1795 065484 2451 000035 0892 065483 1811 065276 1559 000070 0724 064736 0000 065518
1517296508.773558:  1795 001785 2451 002497 0892 000761 1811 001944 1559 001792 0724 001055 0000 000000
1517296508.773633:  1795 001785 2451 002497 0892 000761 1811 001944 1559 001792 0724 001055 0000 000000
1517296508.834672:  1797 001797 2469 002469 0841 000841 1734 001734 1540 001540 0656 000656 0000 000000
1517296508.895459:  1797 001786 2469 002506 0841 000734 1734 001919 1540 001781 0656 001052 0000 000000
1517296508.895516:  1797 001786 2469 002506 0841 000734 1734 001919 1540 001781 0656 001052 0000 000000
1517296508.957164:  1797 065484 2469 000035 0841 065483 1734 065246 1540 000070 0656 064736 0000 065518
1517296509.018027:  1797 001786 2469 002514 0841 000708 1734 001892 1540 001770 0656 001049 0000 000000
1517296509.018082:  1797 001786 2469 002514 0841 000708 1734 001892 1540 001770 0656 001049 0000 000000
1517296509.079754:  1798 001798 2488 002488 0789 000789 1648 001648 1526 001526 0582 000582 0000 000000
1517296509.140567:  1798 001786 2488 002523 0789 000682 1648 001866 1526 001762 0582 001049 0000 000000
1517296509.140636:  1798 001786 2488 002523 0789 000682 1648 001866 1526 001762 0582 001049 0000 000000
1517296509.202626:  1798 065484 2488 000035 0789 065483 1648 065206 1526 000060 0582 064736 0000 065518
1517296509.263465:  1798 001786 2488 002532 0789 000655 1648 001832 1526 001755 0582 001043 0000 000000
1517296509.263555:  1798 001786 2488 002532 0789 000655 1648 001832 1526 001755 0582 001043 0000 000000
1517296509.324566:  1800 001800 2507 002507 0738 000738 1555 001555 1516 001516 0501 000501 0000 000000
1517296509.385429:  1800 001787 2507 002540 0738 000631 1555 001809 1516 001750 0501 001042 0000 000000
1517296509.385500:  1800 001787 2507 002540 0738 000631 1555 001809 1516 001750 0501 001042 0000 000000
1517296509.447187:  1800 065484 2507 000047 0738 065483 1555 065176 1516 000060 0501 064736 0000 065518
1517296509.508021:  1800 001787 2507 002549 0738 000605 1555 001774 1516 001741 0501 001033 0000 000000
1517296509.508095:  1800 001787 2507 002549 0738 000605 1555 001774 1516 001741 0501 001033 0000 000000
1517296509.569623:  1801 001801 2528 002528 0687 000687 1456 001456 1511 001511 0415 000415 0000 000000
1517296509.630466:  1801 001787 2528 002559 0687 000580 1456 001744 1511 001747 0415 001026 0000 000000
1517296509.630524:  1801 001787 2528 002559 0687 000580 1456 001744 1511 001747 0415 001026 0000 000000
1517296509.692122:  1801 065484 2528 000047 0687 065483 1456 065146 1511 000050 0415 064736 0000 065518
1517296509.752953:  1801 001788 2528 002569 0687 000554 1456 001709 1511 001736 0415 001022 0000 000000
1517296509.753020:  1801 001788 2528 002569 0687 000554 1456 001709 1511 001736 0415 001022 0000 000000
1517296509.814441:  1802 001802 2549 002549 0637 000637 1408 001408 1512 001512 0336 000336 0000 000000
1517296509.875230:  1802 001788 2549 002579 0637 000530 1408 001678 1512 001732 0336 001022 0000 000000
1517296509.875286:  1802 001788 2549 002579 0637 000530 1408 001678 1512 001732 0336 001022 0000 000000
1517296509.937145:  1802 065484 2549 000047 0637 065483 1408 065216 1512 000040 0336 064736 0000 065518
1517296509.997994:  1802 001789 2549 002589 0637 000504 1408 001649 1512 001732 0336 001025 0000 000000
1517296509.998050:  1802 001789 2549 002589 0637 000504 1408 001649 1512 001732 0336 001025 0000 000000
1517296510.059914:  1804 001804 2571 002571 0586 000586 1408 001408 1519 001519 0336 000336 0000 000000
1517296510.120728:  1804 001788 2571 002600 0586 000479 1408 001618 1519 001732 0336 001028 0000 000000
1517296510.120783:  1804 001788 2571 002600 0586 000479 1408 001618 1519 001732 0336 001028 0000 000000
1517296510.182630:  1804 065484 2571 000047 0586 065483 1408 065266 1519 000030 0336 064736 0000 065518
1517296510.243370:  1804 001788 2571 002610 0586 000455 1408 001592 1519 001733 0336 001025 0000 000000
1517296510.243465:  1804 001788 2571 002610 0586 000455 1408 001592 1519 001733 0336 001025 0000 000000
1517296510.305169:  1805 001805 2595 002595 0536 000536 1408 001408 1531 001531 0336 000336 0000 000000
1517296510.365094:  1805 001789 2595 002620 0536 000432 1408 001568 1531 001737 0336 001027 0000 000000
1517296510.365184:  1805 001789 2595 002620 0536 000432 1408 001568 1531 001737 0336 001027 0000 000000
1517296510.427184:  1805 065484 2595 000059 0536 065483 1408 065316 1531 000020 0336 064736 0000 065518
1517296510.487974:  1805 001788 2595 002631 0536 000408 1408 001547 1531 001741 0336 001023 0000 000000
1517296510.488052:  1805 001788 2595 002631 0536 000408 1408 001547 1531 001741 0336 001023 0000 000000
1517296510.549765:  1806 001806 2619 002619 0486 000486 1408 001408 1550 001550 0336 000336 0000 000000
1517296510.610584:  1806 001789 2619 002642 0486 000384 1408 001528 1550 001749 0336 001022 0000 000000
1517296510.610683:  1806 001789 2619 002642 0486 000384 1408 001528 1550 001749 0336 001022 0000 000000
1517296510.672686:  1806 065484 2619 000059 0486 065473 1408 065356 1550 000020 0336 064736 0000 065518
1517296510.733564:  1806 001789 2619 002654 0486 000359 1408 001507 1550 001756 0336 001024 0000 000000
1517296510.733625:  1806 001789 2619 002654 0486 000359 1408 001507 1550 001756 0336 001024 0000 000000
1517296510.795291:  1808 001808 2645 002645 0437 000437 1408 001408 1575 001575 0336 000336 0000 000000
1517296510.854835:  1808 001790 2645 002665 0437 000336 1408 001490 1575 001766 0336 001030 0000 000000
1517296510.854874:  1808 001790 2645 002665 0437 000336 1408 001490 1575 001766 0336 001030 0000 000000
1517296510.916411:  1808 065484 2645 000059 0437 065473 1408 065386 1575 000010 0336 064736 0000 065518
1517296510.977360:  1808 001791 2645 002678 0437 000311 1408 001476 1575 001777 0336 001039 0000 000000
1517296510.977431:  1808 001791 2645 002678 0437 000311 1408 001476 1575 001777 0336 001039 0000 000000
1517296511.039187:  1809 001809 2672 002672 0388 000388 1408 001408 1606 001606 0336 000336 0000 000000
1517296511.100013:  1809 001791 2672 002689 0388 000286 1408 001466 1606 001789 0336 001047 0000 000000
1517296511.100071:  1809 001791 2672 002689 0388 000286 1408 001466 1606 001789 0336 001047 0000 000000
1517296511.162124:  1809 065484 2672 000059 0388 065483 1408 065406 1606 000000 0336 064736 0000 065518
1517296511.222872:  1809 001791 2672 002703 0388 000262 1408 001452 1606 001805 0336 001049 0000 000000
1517296511.222962:  1809 001791 2672 002703 0388 000262 1408 001452 1606 001805 0336 001049 0000 000000
1517296511.284400:  1810 001810 2700 002700 0339 000339 1408 001408 1642 001642 0336 000336 0000 000000
1517296511.344746:  1810 001792 2700 002715 0339 000238 1408 001440 1642 001820 0336 001058 0000 000000
1517296511.344826:  1810 001792 2700 002715 0339 000238 1408 001440 1642 001820 0336 001058 0000 000000
1517296511.406639:  1810 065484 2700 000071 0339 065503 1408 065436 1642 065526 0336 064736 0000 065518
1517296511.467431:  1810 001792 2700 002728 0339 000216 1408 001431 1642 001837 0336 001060 0000 000000
1517296511.467493:  1810 001792 2700 002728 0339 000216 1408 001431 1642 001837 0336 001060 0000 000000
1517296511.529062:  1811 001811 2730 002730 0339 000339 1408 001408 1684 001684 0336 000336 0000 000000
1517296511.589834:  1811 001793 2730 002743 0339 000199 1408 001421 1684 001856 0336 001066 0000 000000
1517296511.589942:  1811 001793 2730 002743 0339 000199 1408 001421 1684 001856 0336 001066 0000 000000
1517296511.651856:  1811 065484 2730 000071 0339 065533 1408 065446 1684 065516 0336 064736 0000 065518
1517296511.712685:  1811 001793 2730 002756 0339 000186 1408 001415 1684 001875 0336 001074 0000 000000
1517296511.712762:  1811 001793 2730 002756 0339 000186 1408 001415 1684 001875 0336 001074 0000 000000
1517296511.774590:  1812 001812 2763 002763 0339 000339 1408 001408 1731 001731 0336 000336 0000 000000
1517296511.834667:  1812 001794 2763 002770 0339 000175 1408 001411 1731 001896 0336 001087 0000 000000
1517296511.834757:  1812 001794 2763 002770 0339 000175 1408 001411 1731 001896 0336 001087 0000 000000
1517296511.896572:  1812 065484 2763 000071 0339 000017 1408 065456 1731 065516 0336 064736 0000 065518
1517296511.957454:  1812 001795 2763 002784 0339 000167 1408 001407 1731 001919 0336 001102 0000 000000
1517296511.957549:  1812 001795 2763 002784 0339 000167 1408 001407 1731 001919 0336 001102 0000 000000
1517296512.019580:  1814 001814 2798 002798 0339 000339 1408 001408 1785 001785 0336 000336 0000 000000
1517296512.080353:  1814 001796 2798 002798 0339 000161 1408 001395 1785 001942 0336 001113 0000 000000
1517296512.080477:  1814 001796 2798 002798 0339 000161 1408 001395 1785 001942 0336 001113 0000 000000
1517296512.141996:  1814 065484 2798 000083 0339 000037 1408 065466 1785 065506 0336 064736 0000 065518
1517296512.202784:  1814 001798 2798 002813 0339 000156 1408 001388 1785 001967 0336 001120 0000 000000
1517296512.202879:  1814 001798 2798 002813 0339 000156 1408 001388 1785 001967 0336 001120 0000 000000
1517296512.264482:  1815 001815 2835 002835 0339 000339 1408 001408 1846 001846 0336 000336 0000 000000
1517296512.324569:  1815 001800 2835 002829 0339 000153 1408 001391 1846 001995 0336 001129 0000 000000
1517296512.324642:  1815 001800 2835 002829 0339 000153 1408 001391 1846 001995 0336 001129 0000 000000
1517296512.386237:  1815 065484 2835 000095 0339 000037 1408 065466 1846 065486 0336 064736 0000 065518
1517296512.447059:  1815 001802 2835 002844 0339 000149 1408 001389 1846 002020 0336 001141 0000 000000
1517296512.447131:  1815 001802 2835 002844 0339 000149 1408 001389 1846 002020 0336 001141 0000 000000
1517296512.508751:  1816 001816 2877 002877 0339 000339 1408 001408 1916 001916 0336 000336 0000 000000
1517296512.569577:  1816 001803 2877 002863 0339 000146 1408 001390 1916 002049 0336 001153 0000 000000
1517296512.569648:  1816 001803 2877 002863 0339 000146 1408 001390 1916 002049 0336 001153 0000 000000
1517296512.631619:  1816 065484 2877 000095 0339 000047 1408 065466 1916 065476 0336 064736 0000 065518
1517296512.692472:  1816 001805 2877 002883 0339 000144 1408 001390 1916 002080 0336 001168 0000 000000
1517296512.692530:  1816 001805 2877 002883 0339 000144 1408 001390 1916 002080 0336 001168 0000 000000
1517296512.754353:  1817 001817 2924 002924 0339 000339 1408 001408 1997 001997 0336 000336 0000 000000
1517296512.814496:  1817 001806 2924 002903 0339 000148 1408 001389 1997 002112 0336 001187 0000 000000
1517296512.814555:  1817 001806 2924 002903 0339 000148 1408 001389 1997 002112 0336 001187 0000 000000
1517296512.876356:  1817 065484 2924 000107 0339 000057 1408 065466 1997 065446 0336 064736 0000 065518
1517296512.937194:  1817 001806 2924 002925 0339 000138 1408 001388 1997 002146 0336 001206 0000 000000
1517296512.937265:  1817 001806 2924 002925 0339 000138 1408 001388 1997 002146 0336 001206 0000 000000
