1517294889.314453:  0000 001749 0000 000289 0000 003262 0000 002468 0000 003601 0000 001940 0000 000000
1517294889.915094:  0000 065460 0000 000011 0000 065393 0000 065446 0000 065376 0000 064815 0000 065518
1517294890.015873:  0000 001744 0000 000277 0000 003264 0000 002472 0000 003624 0000 001945 0000 000000
1517294890.015948:  0000 001744 0000 000277 0000 003264 0000 002472 0000 003624 0000 001945 0000 000000
1517294890.117665:  1752 001752 0300 000300 3238 003238 2466 002466 3596 003596 1938 001938 0000 000000
1517294890.218512:  1752 001732 0300 000281 3238 003192 2466 002471 3596 003682 1938 001966 0000 000000
1517294890.218591:  1752 001732 0300 000281 3238 003192 2466 002471 3596 003682 1938 001966 0000 000000
1517294890.314469:  1752 065496 0300 000023 3238 065453 2466 065446 3596 065486 1938 064775 0000 065518
1517294890.415239:  1752 001726 0300 000286 3238 003138 2466 002471 3596 003725 1938 001981 0000 000000
1517294890.415307:  1752 001726 0300 000286 3238 003138 2466 002471 3596 003725 1938 001981 0000 000000
1517294890.516917:  1760 001760 0323 000323 3191 003191 2462 002462 3587 003587 1936 001936 0000 000000
1517294890.617693:  1760 001724 0323 000295 3191 003091 2462 002469 3587 003762 1936 002004 0000 000000
1517294890.617820:  1760 001724 0323 000295 3191 003091 2462 002469 3587 003762 1936 002004 0000 000000
1517294890.719516:  1760 065508 0323 000035 3191 065493 2462 065446 3587 000030 1936 064736 0000 065518
1517294890.814484:  1760 001725 0323 000303 3191 003053 2462 002457 3587 003780 1936 002022 0000 000000
1517294890.814555:  1760 001725 0323 000303 3191 003053 2462 002457 3587 003780 1936 002022 0000 000000
1517294890.916127:  1767 001767 0346 000346 3142 003142 2459 002459 3576 003576 1934 001934 0000 000000
1517294891.016921:  1767 001729 0346 000310 3142 003022 2459 002446 3576 003786 1934 002029 0000 000000
1517294891.017018:  1767 001729 0346 000310 3142 003022 2459 002446 3576 003786 1934 002029 0000 000000
1517294891.118470:  1767 065496 0346 000047 3142 065503 2459 065456 3576 000050 1934 064736 0000 065518
1517294891.219293:  1767 001733 0346 000320 3142 002993 2459 002434 3576 003788 1934 002035 0000 000000
1517294891.219473:  1767 001733 0346 000320 3142 002993 2459 002434 3576 003788 1934 002035 0000 000000
1517294891.314465:  1773 001773 0370 000370 3091 003091 2456 002456 3564 003564 1932 001932 0000 000000
1517294891.415305:  1773 001739 0370 000329 3091 002967 2456 002428 3564 003786 1932 002035 0000 000000
1517294891.415371:  1773 001739 0370 000329 3091 002967 2456 002428 3564 003786 1932 002035 0000 000000
1517294891.517028:  1773 065496 0370 000047 3091 065513 2456 065466 3564 000060 1932 064736 0000 065518
1517294891.617911:  1773 001746 0370 000338 3091 002941 2456 002421 3564 003781 1932 002035 0000 000000
1517294891.617965:  1773 001746 0370 000338 3091 002941 2456 002421 3564 003781 1932 002035 0000 000000
1517294891.719771:  1780 001780 0393 000393 3039 003039 2453 002453 3551 003551 1929 001929 0000 000000
1517294891.814458:  1780 001751 0393 000348 3039 002914 2453 002415 3551 003775 1929 002031 0000 000000
1517294891.814554:  1780 001751 0393 000348 3039 002914 2453 002415 3551 003775 1929 002031 0000 000000
1517294891.916350:  1780 065484 0393 000059 3039 065513 2453 065476 3551 000060 1929 064736 0000 065518
1517294892.017210:  1780 001753 0393 000359 3039 002889 2453 002410 3551 003768 1929 002031 0000 000000
1517294892.017276:  1780 001753 0393 000359 3039 002889 2453 002410 3551 003768 1929 002031 0000 000000
1517294892.118889:  1785 001785 0417 000417 2985 002985 2450 002450 3536 003536 1927 001927 0000 000000
1517294892.219705:  1785 001754 0417 000371 2985 002862 2450 002407 3536 003759 1927 002024 0000 000000
1517294892.219832:  1785 001754 0417 000371 2985 002862 2450 002407 3536 003759 1927 002024 0000 000000
1517294892.314433:  1785 065496 0417 000059 2985 065513 2450 065486 3536 000060 1927 064736 0000 065518
1517294892.415273:  1785 001756 0417 000382 2985 002836 2450 002405 3536 003751 1927 002024 0000 000000
1517294892.415342:  1785 001756 0417 000382 2985 002836 2450 002405 3536 003751 1927 002024 0000 000000
1517294892.517128:  1791 001791 0441 000441 2930 002930 2447 002447 3521 003521 1924 001924 0000 000000
1517294892.617960:  1791 001825 0441 000394 2930 002807 2447 002403 3521 003745 1924 002023 0000 000000
1517294892.618036:  1791 001825 0441 000394 2930 002807 2447 002403 3521 003745 1924 002023 0000 000000
1517294892.719772:  1791 065496 0441 000059 2930 065503 2447 065486 3521 000060 1924 064736 0000 065518
1517294892.814478:  1791 001756 0441 000406 2930 002780 2447 002399 3521 003735 1924 002011 0000 000000
1517294892.814550:  1791 001756 0441 000406 2930 002780 2447 002399 3521 003735 1924 002011 0000 000000
1517294892.916203:  1796 001796 0465 000465 2874 002874 2444 002444 3504 003504 1921 001921 0000 000000
1517294893.016997:  1796 001756 0465 000417 2874 002752 2444 002395 3504 003726 1921 002011 0000 000000
1517294893.017091:  1796 001756 0465 000417 2874 002752 2444 002395 3504 003726 1921 002011 0000 000000
1517294893.118852:  1796 065496 0465 000059 2874 065503 2444 065486 3504 000060 1921 064736 0000 065518
1517294893.219794:  1796 001762 0465 000447 2874 002723 2444 002395 3504 003722 1921 002011 0000 000000
1517294893.219852:  1796 001762 0465 000447 2874 002723 2444 002395 3504 003722 1921 002011 0000 000000
1517294893.314469:  1800 001800 0489 000489 2816 002816 2441 002441 3486 003486 1918 001918 0000 000000
1517294893.415327:  1800 001766 0489 000441 2816 002695 2441 002393 3486 003712 1918 002001 0000 000000
1517294893.415404:  1800 001766 0489 000441 2816 002695 2441 002393 3486 003712 1918 002001 0000 000000
1517294893.517020:  1800 065496 0489 000059 2816 065503 2441 065486 3486 000060 1918 064736 0000 065518
1517294893.617847:  1800 001771 0489 000454 2816 002666 2441 002390 3486 003703 1918 002000 0000 000000
1517294893.617970:  1800 001771 0489 000454 2816 002666 2441 002390 3486 003703 1918 002000 0000 000000
1517294893.719687:  1805 001805 0514 000514 2757 002757 2438 002438 3468 003468 1915 001915 0000 000000
1517294893.814497:  1805 001776 0514 000466 2757 002637 2438 002388 3468 003693 1915 001988 0000 000000
1517294893.814572:  1805 001776 0514 000466 2757 002637 2438 002388 3468 003693 1915 001988 0000 000000
1517294893.916073:  1805 065496 0514 000059 2757 065503 2438 065496 3468 000070 1915 064745 0000 065518
1517294894.016899:  1805 001778 0514 000478 2757 002609 2438 002386 3468 003685 1915 001990 0000 000000
1517294894.016989:  1805 001778 0514 000478 2757 002609 2438 002386 3468 003685 1915 001990 0000 000000
1517294894.118681:  1809 001809 0539 000539 2697 002697 2435 002435 3448 003448 1912 001912 0000 000000
1517294894.219484:  1809 001779 0539 000490 2697 002579 2435 002384 3448 003677 1912 001988 0000 000000
1517294894.219536:  1809 001779 0539 000490 2697 002579 2435 002384 3448 003677 1912 001988 0000 000000
1517294894.314467:  1809 065496 0539 000059 2697 065503 2435 065496 3448 000070 1912 064755 0000 065518
1517294894.415252:  1809 001781 0539 000502 2697 002549 2435 002382 3448 003664 1912 001981 0000 000000
1517294894.415307:  1809 001781 0539 000502 2697 002549 2435 002382 3448 003664 1912 001981 0000 000000
1517294894.516993:  1813 001813 0564 000564 2636 002636 2432 002432 3427 003427 1908 001908 0000 000000
1517294894.617805:  1813 001782 0564 000515 2636 002520 2432 002380 3427 003653 1908 001973 0000 000000
1517294894.617868:  1813 001782 0564 000515 2636 002520 2432 002380 3427 003653 1908 001973 0000 000000
1517294894.719400:  1813 065496 0564 000059 2636 065503 2432 065496 3427 000070 1908 064765 0000 065518
1517294894.814463:  1813 001784 0564 000527 2636 002508 2432 002379 3427 003644 1908 001967 0000 000000
1517294894.814538:  1813 001784 0564 000527 2636 002508 2432 002379 3427 003644 1908 001967 0000 000000
1517294894.916176:  1817 001817 0589 000589 2573 002573 2429 002429 3405 003405 1905 001905 0000 000000
1517294895.016930:  1817 001785 0589 000540 2573 002459 2429 002377 3405 003634 1905 001963 0000 000000
1517294895.016998:  1817 001785 0589 000540 2573 002459 2429 002377 3405 003634 1905 001963 0000 000000
1517294895.118761:  1817 065496 0589 000059 2573 065493 2429 065496 3405 000070 1905 064765 0000 065518
1517294895.219589:  1817 001787 0589 000553 2573 002430 2429 002376 3405 003625 1905 001957 0000 000000
1517294895.219643:  1817 001787 0589 000553 2573 002430 2429 002376 3405 003625 1905 001957 0000 000000
1517294895.314464:  1820 001820 0615 000615 2510 002510 2426 002426 3382 003382 1901 001901 0000 000000
1517294895.415253:  1820 001787 0615 000564 2510 002396 2426 002372 3382 003613 1901 001956 0000 000000
1517294895.415330:  1820 001787 0615 000564 2510 002396 2426 002372 3382 003613 1901 001956 0000 000000
1517294895.517087:  1820 065496 0615 000059 2510 065493 2426 065496 3382 000070 1901 064775 0000 065518
1517294895.617840:  1820 001788 0615 000577 2510 002362 2426 002369 3382 003601 1901 001945 0000 000000
1517294895.617908:  1820 001788 0615 000577 2510 002362 2426 002369 3382 003601 1901 001945 0000 000000
1517294895.719458:  1824 001824 0641 000641 2445 002445 2423 002423 3359 003359 1897 001897 0000 000000
1517294895.814498:  1824 001789 0641 000591 2445 002331 2423 002368 3359 003591 1897 001942 0000 000000
1517294895.814575:  1824 001789 0641 000591 2445 002331 2423 002368 3359 003591 1897 001942 0000 000000
1517294895.916186:  1824 065496 0641 000059 2445 065493 2423 065496 3359 000070 1897 064775 0000 065518
1517294896.016970:  1824 001790 0641 000603 2445 002302 2423 002366 3359 003577 1897 001941 0000 000000
1517294896.017068:  1824 001790 0641 000603 2445 002302 2423 002366 3359 003577 1897 001941 0000 000000
1517294896.118838:  1827 001827 0667 000667 2379 002379 2420 002420 3334 003334 1894 001894 0000 000000
1517294896.219579:  1827 001792 0667 000617 2379 002269 2420 002365 3334 003564 1894 001928 0000 000000
1517294896.219656:  1827 001792 0667 000617 2379 002269 2420 002365 3334 003564 1894 001928 0000 000000
1517294896.314427:  1827 065496 0667 000059 2379 065493 2420 065496 3334 000070 1894 064785 0000 065518
1517294896.415049:  1827 001793 0667 000630 2379 002238 2420 002363 3334 003552 1894 001927 0000 000000
1517294896.415118:  1827 001793 0667 000630 2379 002238 2420 002363 3334 003552 1894 001927 0000 000000
1517294896.516796:  1830 001830 0694 000694 2312 002312 2417 002417 3309 003309 1889 001889 0000 000000
1517294896.617521:  1830 001794 0694 000644 2312 002205 2417 002361 3309 003540 1889 001914 0000 000000
1517294896.617576:  1830 001794 0694 000644 2312 002205 2417 002361 3309 003540 1889 001914 0000 000000
1517294896.719095:  1830 065496 0694 000059 2312 065493 2417 065496 3309 000070 1889 064795 0000 065518
1517294896.814464:  1830 001794 0694 000657 2312 002171 2417 002359 3309 003527 1889 001910 0000 000000
1517294896.814562:  1830 001794 0694 000657 2312 002171 2417 002359 3309 003527 1889 001910 0000 000000
1517294896.917898:  1833 001833 0721 000721 2245 002245 2414 002414 3282 003282 1885 001885 0000 000000
1517294897.018667:  1833 001795 0721 000671 2245 002138 2414 002359 3282 003513 1885 001902 0000 000000
1517294897.018734:  1833 001795 0721 000671 2245 002138 2414 002359 3282 003513 1885 001902 0000 000000
1517294897.120515:  1833 065508 0721 000059 2245 065483 2414 065496 3282 000070 1885 064805 0000 065518
1517294897.221398:  1833 001796 0721 000684 2245 002105 2414 002357 3282 003499 1885 001893 0000 000000
1517294897.221459:  1833 001796 0721 000684 2245 002105 2414 002357 3282 003499 1885 001893 0000 000000
1517294897.314435:  1836 001836 0749 000749 2176 002176 2410 002410 3255 003255 1881 001881 0000 000000
1517294897.415307:  1836 001802 0749 000698 2176 002072 2410 002357 3255 003488 1881 001895 0000 000000
1517294897.415361:  1836 001802 0749 000698 2176 002072 2410 002357 3255 003488 1881 001895 0000 000000
1517294897.517059:  1836 065496 0749 000059 2176 065483 2410 065496 3255 000080 1881 064805 0000 065518
1517294897.617946:  1836 001796 0749 000711 2176 002034 2410 002353 3255 003473 1881 001888 0000 000000
1517294897.618012:  1836 001796 0749 000711 2176 002034 2410 002353 3255 003473 1881 001888 0000 000000
1517294897.719728:  1839 001839 0777 000777 2106 002106 2407 002407 3226 003226 1876 001876 0000 000000
1517294897.814461:  1839 001808 0777 000726 2106 002001 2407 002353 3226 003458 1876 001875 0000 000000
1517294897.814515:  1839 001808 0777 000726 2106 002001 2407 002353 3226 003458 1876 001875 0000 000000
1517294897.916069:  1839 065496 0777 000059 2106 065483 2407 065496 3226 000070 1876 064815 0000 065518
1517294898.016893:  1839 001810 0777 000739 2106 001967 2407 002351 3226 003445 1876 001871 0000 000000
1517294898.016950:  1839 001810 0777 000739 2106 001967 2407 002351 3226 003445 1876 001871 0000 000000
1517294898.118586:  1841 001841 0805 000805 2036 002036 2403 002403 3197 003197 1871 001871 0000 000000
1517294898.219379:  1841 001813 0805 000753 2036 001931 2403 002350 3197 003430 1871 001860 0000 000000
1517294898.219435:  1841 001813 0805 000753 2036 001931 2403 002350 3197 003430 1871 001860 0000 000000
1517294898.314467:  1841 065484 0805 000059 2036 065483 2403 065496 3197 000080 1871 064825 0000 065518
1517294898.415234:  1841 001814 0805 000767 2036 001896 2403 002347 3197 003414 1871 001856 0000 000000
1517294898.415313:  1841 001814 0805 000767 2036 001896 2403 002347 3197 003414 1871 001856 0000 000000
1517294898.516936:  1844 001844 0834 000834 1964 001964 2400 002400 3167 003167 1866 001866 0000 000000
1517294898.617778:  1844 001807 0834 000782 1964 001862 2400 002346 3167 003398 1866 001848 0000 000000
1517294898.617836:  1844 001807 0834 000782 1964 001862 2400 002346 3167 003398 1866 001848 0000 000000
1517294898.719643:  1844 065484 0834 000059 1964 065483 2400 065496 3167 000070 1866 064835 0000 065518
1517294898.814464:  1844 001816 0834 000797 1964 001825 2400 002344 3167 003382 1866 001838 0000 000000
1517294898.814550:  1844 001816 0834 000797 1964 001825 2400 002344 3167 003382 1866 001838 0000 000000
1517294898.916164:  1846 001846 0863 000863 1892 001892 2396 002396 3135 003135 1861 001861 0000 000000
1517294899.016985:  1846 001817 0863 000812 1892 001790 2396 002343 3135 003367 1861 001832 0000 000000
1517294899.017043:  1846 001817 0863 000812 1892 001790 2396 002343 3135 003367 1861 001832 0000 000000
1517294899.118716:  1846 065496 0863 000059 1892 065483 2396 065496 3135 000080 1861 064785 0000 065518
1517294899.219531:  1846 001817 0863 000827 1892 001753 2396 002342 3135 003351 1861 001823 0000 000000
1517294899.219631:  1846 001817 0863 000827 1892 001753 2396 002342 3135 003351 1861 001823 0000 000000
1517294899.314466:  1848 001848 0893 000893 1819 001819 2391 002391 3103 003103 1856 001856 0000 000000
1517294899.415306:  1848 001817 0893 000841 1819 001716 2391 002340 3103 003337 1856 001817 0000 000000
1517294899.415411:  1848 001817 0893 000841 1819 001716 2391 002340 3103 003337 1856 001817 0000 000000
1517294899.517153:  1848 065496 0893 000071 1819 065483 2391 065486 3103 000040 1856 064855 0000 065518
1517294899.617954:  1848 001818 0893 000857 1819 001681 2391 002339 3103 003321 1856 001809 0000 000000
1517294899.618110:  1848 001818 0893 000857 1819 001681 2391 002339 3103 003321 1856 001809 0000 000000
1517294899.719907:  1851 001851 0924 000924 1746 001746 2387 002387 3070 003070 1850 001850 0000 000000
1517294899.814472:  1851 001818 0924 000907 1746 001644 2387 002338 3070 003304 1850 001801 0000 000000
1517294899.814562:  1851 001818 0924 000907 1746 001644 2387 002338 3070 003304 1850 001801 0000 000000
1517294899.816191:  1851 001818 0924 000907 1746 001644 2387 002338 3070 003304 1850 001801 0000 000000
1517294900.415254:  1851 065460 0924 065535 1746 065473 2387 065446 3070 065356 1850 064825 0000 065518
1517294900.516104:  1851 001817 0924 000907 1746 001554 2387 002328 3070 003299 1850 001784 0000 000000
1517294900.516170:  1851 001817 0924 000907 1746 001554 2387 002328 3070 003299 1850 001784 0000 000000
1517294900.617862:  1818 001818 0916 000916 1665 001665 2340 002340 3332 003332 1806 001806 0000 000000
1517294900.718673:  1818 001806 0916 000909 1665 001526 2340 002317 3332 003368 1806 001802 0000 000000
1517294900.718720:  1818 001806 0916 000909 1665 001526 2340 002317 3332 003368 1806 001802 0000 000000
1517294900.814481:  1818 065472 0916 000011 1665 000027 2340 065466 3332 065416 1806 064815 0000 065518
1517294900.915244:  1818 001794 0916 000912 1665 001517 2340 002312 3332 003431 1806 001828 0000 000000
1517294900.915320:  1818 001794 0916 000912 1665 001517 2340 002312 3332 003431 1806 001828 0000 000000
1517294901.016947:  1818 001818 0937 000937 1708 001708 2345 002345 3388 003388 1816 001816 0000 000000
1517294901.117717:  1818 001787 0937 000918 1708 001512 2345 002308 3388 003485 1816 001855 0000 000000
1517294901.117794:  1818 001787 0937 000918 1708 001512 2345 002308 3388 003485 1816 001855 0000 000000
1517294901.219377:  1818 065496 0937 000023 1708 000087 2345 065486 3388 065466 1816 064765 0000 065518
1517294901.314463:  1818 001786 0937 000924 1708 001510 2345 002304 3388 003538 1816 001884 0000 000000
1517294901.314533:  1818 001786 0937 000924 1708 001510 2345 002304 3388 003538 1816 001884 0000 000000
1517294901.416059:  1818 001818 0959 000959 1750 001750 2350 002350 3442 003442 1825 001825 0000 000000
1517294901.516858:  1818 001786 0959 000930 1750 001511 2350 002302 3442 003583 1825 001907 0000 000000
1517294901.516946:  1818 001786 0959 000930 1750 001511 2350 002302 3442 003583 1825 001907 0000 000000
1517294901.618540:  1818 065496 0959 000035 1750 000127 2350 065496 3442 065506 1825 064736 0000 065518
1517294901.719326:  1818 001786 0959 000938 1750 001510 2350 002300 3442 003625 1825 001932 0000 000000
1517294901.719379:  1818 001786 0959 000938 1750 001510 2350 002300 3442 003625 1825 001932 0000 000000
1517294901.814460:  1818 001818 0981 000981 1790 001790 2354 002354 3496 003496 1834 001834 0000 000000
1517294901.915197:  1818 001786 0981 000946 1790 001511 2354 002297 3496 003660 1834 001948 0000 000000
1517294901.915294:  1818 001786 0981 000946 1790 001511 2354 002297 3496 003660 1834 001948 0000 000000
1517294902.017088:  1818 065496 0981 000047 1790 000157 2354 065496 3496 065526 1834 064736 0000 065518
1517294902.117911:  1818 001786 0981 000955 1790 001521 2354 002297 3496 003691 1834 001967 0000 000000
1517294902.118105:  1818 001786 0981 000955 1790 001521 2354 002297 3496 003691 1834 001967 0000 000000
1517294902.219748:  1818 001818 1006 001006 1829 001829 2358 002358 3549 003549 1843 001843 0000 000000
1517294902.314427:  1818 001786 1006 000965 1829 001535 2358 002296 3549 003722 1843 001985 0000 000000
1517294902.314513:  1818 001786 1006 000965 1829 001535 2358 002296 3549 003722 1843 001985 0000 000000
1517294902.416145:  1818 065496 1006 000047 1829 000167 2358 065506 3549 000000 1843 064736 0000 065518
1517294902.516952:  1818 001786 1006 000974 1829 001550 2358 002295 3549 003748 1843 001997 0000 000000
1517294902.517038:  1818 001786 1006 000974 1829 001550 2358 002295 3549 003748 1843 001997 0000 000000
1517294902.618773:  1818 001818 1031 001031 1867 001867 2361 002361 3600 003600 1852 001852 0000 000000
1517294902.719638:  1818 001786 1031 000986 1867 001567 2361 002296 3600 003774 1852 002014 0000 000000
1517294902.719709:  1818 001786 1031 000986 1867 001567 2361 002296 3600 003774 1852 002014 0000 000000
1517294902.814461:  1818 065496 1031 000059 1867 000167 2361 065506 3600 000000 1852 064736 0000 065518
1517294902.915155:  1818 001786 1031 000997 1867 001585 2361 002296 3600 003800 1852 002023 0000 000000
1517294902.915238:  1818 001786 1031 000997 1867 001585 2361 002296 3600 003800 1852 002023 0000 000000
1517294903.016858:  1818 001818 1057 001057 1903 001903 2364 002364 3650 003650 1861 001861 0000 000000
1517294903.117613:  1818 001786 1057 001009 1903 001603 2364 002296 3650 003826 1861 002035 0000 000000
1517294903.117680:  1818 001786 1057 001009 1903 001603 2364 002296 3650 003826 1861 002035 0000 000000
1517294903.219256:  1818 065496 1057 000059 1903 000167 2364 065516 3650 000000 1861 064736 0000 065518
1517294903.314463:  1818 001786 1057 001022 1903 001622 2364 002296 3650 003851 1861 002053 0000 000000
1517294903.314527:  1818 001786 1057 001022 1903 001622 2364 002296 3650 003851 1861 002053 0000 000000
1517294903.416329:  1818 001818 1085 001085 1938 001938 2367 002367 3698 003698 1869 001869 0000 000000
1517294903.517071:  1818 001786 1085 001034 1938 001639 2367 002295 3698 003875 1869 002060 0000 000000
1517294903.517141:  1818 001786 1085 001034 1938 001639 2367 002295 3698 003875 1869 002060 0000 000000
1517294903.618938:  1818 065496 1085 000059 1938 000187 2367 065516 3698 000000 1869 064736 0000 065518
1517294903.719743:  1818 001788 1085 001047 1938 001655 2367 002296 3698 003899 1869 002071 0000 000000
1517294903.719798:  1818 001788 1085 001047 1938 001655 2367 002296 3698 003899 1869 002071 0000 000000
1517294903.814460:  1818 001818 1114 001114 1971 001971 2369 002369 3745 003745 1877 001877 0000 000000
1517294903.915291:  1818 001789 1114 001061 1971 001671 2369 002295 3745 003922 1877 002082 0000 000000
1517294903.915358:  1818 001789 1114 001061 1971 001671 2369 002295 3745 003922 1877 002082 0000 000000
1517294904.017042:  1818 065484 1114 000071 1971 000167 2369 065516 3745 000000 1877 064736 0000 065518
1517294904.117868:  1818 001790 1114 001076 1971 001689 2369 002295 3745 003941 1877 002095 0000 000000
1517294904.117964:  1818 001790 1114 001076 1971 001689 2369 002295 3745 003941 1877 002095 0000 000000
1517294904.219681:  1818 001818 1144 001144 2003 002003 2371 002371 3791 003791 1885 001885 0000 000000
1517294904.314518:  1818 001791 1144 001091 2003 001706 2371 002296 3791 003943 1885 002102 0000 000000
1517294904.314610:  1818 001791 1144 001091 2003 001706 2371 002296 3791 003943 1885 002102 0000 000000
1517294904.415950:  1818 065484 1144 000071 2003 000167 2371 065516 3791 065506 1885 064736 0000 065518
1517294904.516716:  1818 001793 1144 001106 2003 001723 2371 002295 3791 003944 1885 002105 0000 000000
1517294904.516793:  1818 001793 1144 001106 2003 001723 2371 002295 3791 003944 1885 002105 0000 000000
1517294904.618607:  1818 001818 1175 001175 2033 002033 2373 002373 3834 003834 1893 001893 0000 000000
1517294904.719410:  1818 001793 1175 001121 2033 001739 2373 002296 3834 003944 1893 002106 0000 000000
1517294904.719500:  1818 001793 1175 001121 2033 001739 2373 002296 3834 003944 1893 002106 0000 000000
1517294904.814462:  1818 065484 1175 000071 2033 000167 2373 065516 3834 065456 1893 064736 0000 065518
1517294904.915203:  1818 001794 1175 001101 2033 001755 2373 002296 3834 003944 1893 002105 0000 000000
1517294904.915258:  1818 001794 1175 001101 2033 001755 2373 002296 3834 003944 1893 002105 0000 000000
1517294905.016793:  1818 001818 1207 001207 2061 002061 2375 002375 3877 003877 1901 001901 0000 000000
1517294905.117617:  1818 001794 1207 001154 2061 001771 2375 002296 3877 003944 1901 002108 0000 000000
1517294905.117686:  1818 001794 1207 001154 2061 001771 2375 002296 3877 003944 1901 002108 0000 000000
1517294905.219293:  1818 065484 1207 000071 2061 000157 2375 065516 3877 065416 1901 064736 0000 065518
1517294905.314458:  1818 001795 1207 001172 2061 001786 2375 002296 3877 003945 1901 002108 0000 000000
1517294905.314563:  1818 001795 1207 001172 2061 001786 2375 002296 3877 003945 1901 002108 0000 000000
1517294905.416244:  1818 001818 1241 001241 2088 002088 2376 002376 3917 003917 1908 001908 0000 000000
1517294905.517058:  1818 001795 1241 001189 2088 001800 2376 002296 3917 003944 1908 002109 0000 000000
1517294905.517127:  1818 001795 1241 001189 2088 001800 2376 002296 3917 003944 1908 002109 0000 000000
1517294905.618643:  1818 065484 1241 000071 2088 000157 2376 065526 3917 065376 1908 064736 0000 065518
1517294905.719462:  1818 001795 1241 001206 2088 001813 2376 002296 3917 003944 1908 002109 0000 000000
1517294905.719554:  1818 001795 1241 001206 2088 001813 2376 002296 3917 003944 1908 002109 0000 000000
1517294905.814457:  1818 001818 1276 001276 2114 002114 2377 002377 3956 003956 1916 001916 0000 000000
1517294905.915328:  1818 001796 1276 001223 2114 001825 2377 002295 3956 003945 1916 002105 0000 000000
1517294905.915424:  1818 001796 1276 001223 2114 001825 2377 002295 3956 003945 1916 002105 0000 000000
1517294906.017067:  1818 065484 1276 000071 2114 000157 2377 065526 3956 065346 1916 064736 0000 065518
1517294906.117921:  1818 001796 1276 001242 2114 001839 2377 002296 3956 003944 1916 002110 0000 000000
1517294906.117996:  1818 001796 1276 001242 2114 001839 2377 002296 3956 003944 1916 002110 0000 000000
1517294906.219672:  1818 001818 1311 001311 2138 002138 2378 002378 3993 003993 1923 001923 0000 000000
1517294906.314462:  1818 001796 1311 001259 2138 001851 2378 002297 3993 003944 1923 002110 0000 000000
1517294906.314579:  1818 001796 1311 001259 2138 001851 2378 002297 3993 003944 1923 002110 0000 000000
1517294906.416318:  1818 065484 1311 000071 2138 000157 2378 065526 3993 065316 1923 064736 0000 065518
1517294906.517109:  1818 001796 1311 001276 2138 001863 2378 002295 3993 003944 1923 002106 0000 000000
1517294906.517196:  1818 001796 1311 001276 2138 001863 2378 002295 3993 003944 1923 002106 0000 000000
1517294906.618719:  1818 001818 1348 001348 2160 002160 2378 002378 4028 004028 1930 001930 0000 000000
1517294906.719514:  1818 001795 1348 001295 2160 001877 2378 002296 4028 003942 1930 002112 0000 000000
1517294906.719621:  1818 001795 1348 001295 2160 001877 2378 002296 4028 003942 1930 002112 0000 000000
1517294906.814462:  1818 065484 1348 000071 2160 000147 2378 065526 4028 065276 1930 064736 0000 065518
1517294906.915351:  1818 001796 1348 001311 2160 001887 2378 002296 4028 003945 1930 002106 0000 000000
1517294906.915457:  1818 001796 1348 001311 2160 001887 2378 002296 4028 003945 1930 002106 0000 000000
1517294907.018919:  1818 001818 1386 001386 2180 002180 2378 002378 4062 004062 1937 001937 0000 000000
1517294907.119728:  1818 001795 1386 001330 2180 001898 2378 002296 4062 003944 1937 002112 0000 000000
1517294907.119798:  1818 001795 1386 001330 2180 001898 2378 002296 4062 003944 1937 002112 0000 000000
1517294907.221417:  1818 065484 1386 000071 2180 000147 2378 065526 4062 065246 1937 064736 0000 065518
1517294907.314449:  1818 001796 1386 001348 2180 001908 2378 002304 4062 003944 1937 002113 0000 000000
1517294907.314539:  1818 001796 1386 001348 2180 001908 2378 002304 4062 003944 1937 002113 0000 000000
1517294907.416295:  1818 001818 1424 001424 2199 002199 2378 002378 4079 004079 1944 001944 0000 000000
1517294907.517110:  1818 001796 1424 001368 2199 001917 2378 002296 4079 003945 1944 002108 0000 000000
1517294907.517188:  1818 001796 1424 001368 2199 001917 2378 002296 4079 003945 1944 002108 0000 000000
1517294907.618730:  1818 065484 1424 000071 2199 000147 2378 065526 4079 065246 1944 064736 0000 065518
1517294907.719639:  1818 001795 1424 001386 2199 001927 2378 002296 4079 003944 1944 002113 0000 000000
1517294907.719713:  1818 001795 1424 001386 2199 001927 2378 002296 4079 003944 1944 002113 0000 000000
1517294907.814461:  1818 001818 1464 001464 2216 002216 2378 002378 4079 004079 1951 001951 0000 000000
1517294907.915349:  1818 001796 1464 001405 2216 001937 2378 002295 4079 003944 1951 002109 0000 000000
1517294907.915405:  1818 001796 1464 001405 2216 001937 2378 002295 4079 003944 1951 002109 0000 000000
1517294908.017036:  1818 065484 1464 000071 2216 000147 2378 065526 4079 065246 1951 064736 0000 065518
1517294908.117925:  1818 001795 1464 001425 2216 001946 2378 002296 4079 003945 1951 002109 0000 000000
1517294908.118013:  1818 001795 1464 001425 2216 001946 2378 002296 4079 003945 1951 002109 0000 000000
1517294908.219631:  1818 001818 1505 001505 2231 002231 2378 002378 4079 004079 1957 001957 0000 000000
1517294908.314462:  1818 001795 1505 001447 2231 001955 2378 002296 4079 003944 1957 002113 0000 000000
1517294908.314558:  1818 001795 1505 001447 2231 001955 2378 002296 4079 003944 1957 002113 0000 000000
1517294908.416302:  1818 065484 1505 000071 2231 000137 2378 065526 4079 065246 1957 064736 0000 065518
1517294908.517006:  1818 001796 1505 001466 2231 001964 2378 002297 4079 003944 1957 002110 0000 000000
1517294908.517114:  1818 001796 1505 001466 2231 001964 2378 002297 4079 003944 1957 002110 0000 000000
1517294908.618962:  1818 001818 1546 001546 2245 002245 2377 002377 4079 004079 1964 001964 0000 000000
1517294908.719909:  1818 001796 1546 001453 2245 001972 2377 002296 4079 003945 1964 002113 0000 000000
1517294908.719985:  1818 001796 1546 001453 2245 001972 2377 002296 4079 003945 1964 002113 0000 000000
1517294908.814462:  1818 065484 1546 000071 2245 000137 2377 065526 4079 065246 1964 064736 0000 065518
1517294908.915156:  1818 001796 1546 001507 2245 001980 2377 002296 4079 003945 1964 002111 0000 000000
1517294908.915222:  1818 001796 1546 001507 2245 001980 2377 002296 4079 003945 1964 002111 0000 000000
1517294909.016847:  1818 001818 1588 001588 2257 002257 2376 002376 4079 004079 1970 001970 0000 000000
1517294909.117613:  1818 001796 1588 001528 2257 001988 2376 002296 4079 003944 1970 002112 0000 000000
1517294909.117689:  1818 001796 1588 001528 2257 001988 2376 002296 4079 003944 1970 002112 0000 000000
1517294909.219376:  1818 065484 1588 000083 2257 000137 2376 065526 4079 065246 1970 064736 0000 065518
1517294909.314471:  1818 001796 1588 001550 2257 001994 2376 002296 4079 003945 1970 002111 0000 000000
1517294909.314559:  1818 001796 1588 001550 2257 001994 2376 002296 4079 003945 1970 002111 0000 000000
1517294909.416237:  1818 001818 1631 001631 2267 002267 2375 002375 4079 004079 1977 001977 0000 000000
1517294909.517054:  1818 001796 1631 001571 2267 001999 2375 002297 4079 003946 1977 002112 0000 000000
1517294909.517126:  1818 001796 1631 001571 2267 001999 2375 002297 4079 003946 1977 002112 0000 000000
1517294909.618861:  1818 065484 1631 000083 2267 000127 2375 065516 4079 065246 1977 064736 0000 065518
1517294909.719693:  1818 001795 1631 001593 2267 002006 2375 002297 4079 003944 1977 002111 0000 000000
1517294909.719768:  1818 001795 1631 001593 2267 002006 2375 002297 4079 003944 1977 002111 0000 000000
1517294909.814450:  1818 001818 1675 001675 2275 002275 2374 002374 4079 004079 1983 001983 0000 000000
1517294909.915155:  1818 001796 1675 001614 2275 002012 2374 002297 4079 003944 1983 002113 0000 000000
1517294909.915246:  1818 001796 1675 001614 2275 002012 2374 002297 4079 003944 1983 002113 0000 000000
1517294910.016750:  1818 065484 1675 000083 2275 000127 2374 065516 4079 065246 1983 064736 0000 065518
1517294910.117579:  1818 001796 1675 001635 2275 002016 2374 002297 4079 003944 1983 002114 0000 000000
1517294910.117677:  1818 001796 1675 001635 2275 002016 2374 002297 4079 003944 1983 002114 0000 000000
1517294910.219410:  1818 001818 1719 001719 2282 002282 2373 002373 4079 004079 1989 001989 0000 000000
1517294910.314430:  1818 001795 1719 001657 2282 002020 2373 002298 4079 003944 1989 002109 0000 000000
1517294910.314495:  1818 001795 1719 001657 2282 002020 2373 002298 4079 003944 1989 002109 0000 000000
