1517291410.177868:  0000 00001756 0000 00000188 0000 00003482 0000 00002449 0000 00003369 0000 00001830 0000 00000000
1517291410.879222:  1755 00001699 0188 00000179 3482 00003460 2449 00002520 3369 00003329 1829 00001824 0000 00000000
1517291411.081925:  1755 00001554 0188 00000178 3482 00003357 2449 00002478 3369 00003216 1829 00001794 0000 00000000
1517291411.278623:  1765 00001458 0210 00000179 3443 00003259 2444 00002428 3367 00003118 1828 00001746 0000 00000000
1517291411.480985:  1765 00001401 0210 00000180 3443 00003163 2444 00002370 3367 00003029 1828 00001705 0000 00000000
1517291411.677844:  1773 00001370 0233 00000183 3402 00003078 2441 00002317 3364 00002962 1826 00001665 0000 00000000
1517291411.880162:  1773 00001360 0233 00000184 3402 00003004 2441 00002264 3364 00002924 1826 00001631 0000 00000000
1517291412.082622:  1781 00001359 0256 00000189 3360 00002940 2437 00002214 3359 00002905 1825 00001618 0000 00000000
1517291412.278693:  1781 00001357 0256 00000192 3360 00002888 2437 00002165 3359 00002892 1825 00001600 0000 00000000
1517291412.481074:  1788 00001358 0278 00000199 3315 00002845 2434 00002120 3352 00002884 1823 00001592 0000 00000000
1517291412.677852:  1788 00001363 0278 00000204 3315 00002811 2434 00002079 3352 00002877 1823 00001592 0000 00000000
1517291412.880288:  1794 00001368 0301 00000212 3270 00002783 2430 00002048 3343 00002874 1821 00001585 0000 00000000
1517291413.082636:  1794 00001372 0301 00000220 3270 00002753 2430 00002018 3343 00002870 1821 00001586 0000 00000000
1517291413.278579:  1800 00001377 0324 00000227 3222 00002729 2427 00001993 3332 00002867 1818 00001581 0000 00000000
1517291413.480960:  1800 00001383 0324 00000237 3222 00002705 2427 00001970 3332 00002864 1818 00001579 0000 00000000
1517291413.677843:  1806 00001387 0347 00000246 3173 00002677 2424 00001950 3320 00002859 1816 00001584 0000 00000000
1517291413.880244:  1806 00001391 0347 00000257 3173 00002655 2424 00001936 3320 00002852 1816 00001575 0000 00000000
1517291414.082687:  1811 00001393 0371 00000267 3123 00002626 2420 00001921 3307 00002842 1813 00001575 0000 00000000
1517291414.278611:  1811 00001392 0371 00000278 3123 00002608 2420 00001919 3307 00002839 1813 00001568 0000 00000000
1517291414.481137:  1816 00001392 0394 00000291 3071 00002581 2417 00001908 3293 00002830 1811 00001565 0000 00000000
1517291414.677841:  1816 00001394 0394 00000305 3071 00002553 2417 00001900 3293 00002821 1811 00001564 0000 00000000
1517291414.880543:  1821 00001395 0418 00000317 3017 00002527 2414 00001893 3277 00002812 1808 00001554 0000 00000000
1517291415.083069:  1821 00001395 0418 00000330 3017 00002500 2414 00001890 3277 00002807 1808 00001556 0000 00000000
1517291415.278616:  1825 00001398 0441 00000342 2963 00002475 2411 00001887 3260 00002799 1805 00001548 0000 00000000
1517291415.481174:  1825 00001402 0441 00000351 2963 00002449 2411 00001885 3260 00002792 1805 00001546 0000 00000000
1517291415.677844:  1829 00001408 0465 00000362 2907 00002421 2408 00001882 3242 00002784 1801 00001544 0000 00000000
1517291415.880153:  1829 00001413 0465 00000374 2907 00002395 2408 00001878 3242 00002775 1801 00001537 0000 00000000
1517291416.082455:  1833 00001417 0490 00000387 2849 00002364 2404 00001875 3223 00002765 1798 00001533 0000 00000000
1517291416.278590:  1833 00001420 0490 00000400 2849 00002338 2404 00001873 3223 00002763 1798 00001531 0000 00000000
1517291416.480921:  1837 00001423 0514 00000413 2790 00002308 2401 00001872 3202 00002743 1794 00001523 0000 00000000
1517291416.677841:  1837 00001425 0514 00000425 2790 00002280 2401 00001871 3202 00002734 1794 00001519 0000 00000000
1517291416.880412:  1840 00001429 0539 00000439 2730 00002249 2398 00001867 3181 00002723 1791 00001513 0000 00000000
1517291417.082954:  1840 00001432 0539 00000452 2730 00002218 2398 00001863 3181 00002712 1791 00001507 0000 00000000
1517291417.278644:  1843 00001427 0564 00000462 2669 00002190 2394 00001862 3159 00002701 1787 00001507 0000 00000000
1517291417.481270:  1843 00001424 0564 00000474 2669 00002160 2394 00001860 3159 00002688 1787 00001496 0000 00000000
1517291417.677849:  1846 00001424 0589 00000485 2607 00002128 2391 00001857 3136 00002678 1783 00001492 0000 00000000
1517291417.880326:  1846 00001425 0589 00000499 2607 00002099 2391 00001856 3136 00002668 1783 00001486 0000 00000000
1517291418.082684:  1849 00001426 0614 00000494 2543 00002069 2387 00001853 3112 00002654 1778 00001480 0000 00000000
1517291418.278588:  1849 00001428 0614 00000525 2543 00002038 2387 00001851 3112 00002642 1778 00001479 0000 00000000
1517291418.481014:  1852 00001429 0640 00000539 2479 00002004 2383 00001849 3087 00002629 1774 00001468 0000 00000000
1517291418.677839:  1852 00001430 0640 00000553 2479 00001971 2383 00001846 3087 00002617 1774 00001462 0000 00000000
1517291418.880255:  1854 00001430 0666 00000566 2413 00001938 2379 00001845 3061 00002603 1769 00001455 0000 00000000
1517291419.082627:  1854 00001431 0666 00000579 2413 00001905 2379 00001843 3061 00002590 1769 00001449 0000 00000000
1517291419.278597:  1857 00001431 0693 00000592 2346 00001872 2375 00001841 3034 00002577 1764 00001447 0000 00000000
1517291419.481002:  1857 00001432 0693 00000606 2346 00001838 2375 00001839 3034 00002564 1764 00001436 0000 00000000
1517291419.677861:  1859 00001432 0720 00000619 2278 00001805 2371 00001838 3007 00002551 1759 00001425 0000 00000000
1517291419.880350:  1859 00001433 0720 00000632 2278 00001754 2371 00001837 3007 00002538 1759 00001428 0000 00000000
1517291420.082840:  1861 00001434 0747 00000646 2210 00001737 2366 00001835 2979 00002524 1754 00001417 0000 00000000
1517291420.278602:  1861 00001435 0747 00000658 2210 00001704 2366 00001833 2979 00002511 1754 00001415 0000 00000000
1517291420.480992:  1864 00001436 0775 00000672 2140 00001669 2362 00001831 2949 00002497 1748 00001404 0000 00000000
1517291420.677841:  1864 00001437 0775 00000686 2140 00001635 2362 00001829 2949 00002484 1748 00001397 0000 00000000
1517291420.679646:  1864 00001437 0775 00000686 2140 00001635 2362 00001829 2949 00002484 1748 00001397 0000 00000000
