1517294654.265826:  0000 001752 0000 000274 0000 003281 0000 002473 0000 003585 0000 001931 0000 000000
1517294654.841629:  0000 065460 0000 065535 0000 065403 0000 065446 0000 065376 0000 064815 0000 065518
1517294654.917521:  0000 001750 0000 000268 0000 003274 0000 002474 0000 003600 0000 001931 0000 000000
1517294654.917611:  0000 001750 0000 000268 0000 003274 0000 002474 0000 003600 0000 001931 0000 000000
1517294654.994401:  1794 001794 0277 000277 3273 003273 2455 002455 3587 003587 1924 001924 0000 000000
1517294655.070215:  1794 001746 0277 000269 3273 003224 2455 002473 3587 003645 1924 001943 0000 000000
1517294655.070287:  1794 001746 0277 000269 3273 003224 2455 002473 3587 003645 1924 001943 0000 000000
1517294655.146964:  1794 000020 0277 000011 3273 065463 2455 065416 3587 065446 1924 064775 0000 065518
1517294655.222809:  1794 001762 0277 000271 3273 003185 2455 002474 3587 003684 1924 001961 0000 000000
1517294655.222864:  1794 001762 0277 000271 3273 003185 2455 002474 3587 003684 1924 001961 0000 000000
1517294655.296082:  1879 001879 0285 000285 3258 003258 2421 002421 3593 003593 1912 001912 0000 000000
1517294655.371918:  1879 001791 0285 000275 3258 003152 2421 002471 3593 003721 1912 001976 0000 000000
1517294655.372005:  1879 001791 0285 000275 3258 003152 2421 002471 3593 003721 1912 001976 0000 000000
1517294655.448514:  1879 000056 0285 000011 3258 065513 2421 065386 3593 065516 1912 064736 0000 065518
1517294655.524153:  1879 001824 0285 000277 3258 003128 2421 002461 3593 003750 1912 001998 0000 000000
1517294655.524220:  1879 001824 0285 000277 3258 003128 2421 002461 3593 003750 1912 001998 0000 000000
1517294655.600791:  1962 001962 0294 000294 3240 003240 2388 002388 3598 003598 1901 001901 0000 000000
1517294655.676533:  1962 001858 0294 000281 3240 003106 2388 002441 3598 003772 1901 002006 0000 000000
1517294655.676587:  1962 001858 0294 000281 3240 003106 2388 002441 3598 003772 1901 002006 0000 000000
1517294655.753054:  1962 000068 0294 000011 3240 065533 2388 065386 3598 000020 1901 064736 0000 065518
1517294655.816420:  1962 001893 0294 000284 3240 003089 2388 002426 3598 003786 1901 002016 0000 000000
1517294655.816489:  1962 001893 0294 000284 3240 003089 2388 002426 3598 003786 1901 002016 0000 000000
1517294655.893104:  2044 002044 0304 000304 3220 003220 2356 002356 3605 003605 1889 001889 0000 000000
1517294655.968879:  2044 001934 0304 000287 3220 003076 2356 002407 3605 003798 1889 002029 0000 000000
1517294655.968936:  2044 001934 0304 000287 3220 003076 2356 002407 3605 003798 1889 002029 0000 000000
1517294656.045495:  2044 000080 0304 000023 3220 000007 2356 065396 3605 000030 1889 064736 0000 065518
1517294656.121234:  2044 001973 0304 000291 3220 003064 2356 002395 3605 003807 1889 002035 0000 000000
1517294656.121300:  2044 001973 0304 000291 3220 003064 2356 002395 3605 003807 1889 002035 0000 000000
1517294656.197906:  2122 002122 0314 000314 3198 003198 2326 002326 3611 003611 1878 001878 0000 000000
1517294656.265804:  2122 002013 0314 000294 3198 003047 2326 002374 3611 003812 1878 002035 0000 000000
1517294656.265880:  2122 002013 0314 000294 3198 003047 2326 002374 3611 003812 1878 002035 0000 000000
1517294656.342812:  2122 000080 0314 000023 3198 000007 2326 065396 3611 000040 1878 064736 0000 065518
1517294656.418668:  2122 002051 0314 000299 3198 003035 2326 002360 3611 003816 1878 002043 0000 000000
1517294656.418746:  2122 002051 0314 000299 3198 003035 2326 002360 3611 003816 1878 002043 0000 000000
1517294656.495393:  2199 002199 0326 000326 3174 003174 2296 002296 3617 003617 1868 001868 0000 000000
1517294656.571150:  2199 002089 0326 000303 3174 003022 2296 002343 3617 003819 1868 002043 0000 000000
1517294656.571203:  2199 002089 0326 000303 3174 003022 2296 002343 3617 003819 1868 002043 0000 000000
1517294656.647955:  2199 000068 0326 000023 3174 000007 2296 065396 3617 000040 1868 064736 0000 065518
1517294656.723593:  2199 002129 0326 000306 3174 003012 2296 002327 3617 003823 1868 002052 0000 000000
1517294656.723691:  2199 002129 0326 000306 3174 003012 2296 002327 3617 003823 1868 002052 0000 000000
1517294656.796099:  2272 002272 0338 000338 3149 003149 2267 002267 3623 003623 1857 001857 0000 000000
1517294656.871935:  2272 002167 0338 000310 3149 003003 2267 002310 3623 003827 1857 002046 0000 000000
1517294656.872030:  2272 002167 0338 000310 3149 003003 2267 002310 3623 003827 1857 002046 0000 000000
1517294656.948733:  2272 000068 0338 000035 3149 065533 2267 065406 3623 000040 1857 064736 0000 065518
1517294657.024517:  2272 002204 0338 000316 3149 002991 2267 002293 3623 003830 1857 002055 0000 000000
1517294657.024615:  2272 002204 0338 000316 3149 002991 2267 002293 3623 003830 1857 002055 0000 000000
1517294657.101505:  2343 002343 0351 000351 3121 003121 2240 002240 3629 003629 1847 001847 0000 000000
1517294657.177131:  2343 002174 0351 000321 3121 002980 2240 002279 3629 003833 1847 002049 0000 000000
1517294657.177184:  2343 002174 0351 000321 3121 002980 2240 002279 3629 003833 1847 002049 0000 000000
1517294657.253843:  2343 000056 0351 000035 3121 065533 2240 065406 3629 000040 1847 064736 0000 065518
1517294657.316433:  2343 002278 0351 000326 3121 002969 2240 002265 3629 003836 1847 002052 0000 000000
1517294657.316501:  2343 002278 0351 000326 3121 002969 2240 002265 3629 003836 1847 002052 0000 000000
1517294657.393422:  2411 002411 0365 000365 3091 003091 2214 002214 3635 003635 1837 001837 0000 000000
1517294657.469283:  2411 002313 0365 000330 3091 002955 2214 002249 3635 003839 1837 002056 0000 000000
1517294657.469337:  2411 002313 0365 000330 3091 002955 2214 002249 3635 003839 1837 002056 0000 000000
1517294657.545916:  2411 000056 0365 000035 3091 065523 2214 065406 3635 000040 1837 064736 0000 065518
1517294657.621786:  2411 002348 0365 000336 3091 002940 2214 002235 3635 003842 1837 002061 0000 000000
1517294657.621886:  2411 002348 0365 000336 3091 002940 2214 002235 3635 003842 1837 002061 0000 000000
1517294657.698483:  2476 002476 0379 000379 3059 003059 2188 002188 3641 003641 1827 001827 0000 000000
1517294657.765845:  2476 002385 0379 000342 3059 002926 2188 002220 3641 003846 1827 002056 0000 000000
1517294657.765905:  2476 002385 0379 000342 3059 002926 2188 002220 3641 003846 1827 002056 0000 000000
1517294657.842560:  2476 000044 0379 000047 3059 065523 2188 065416 3641 000040 1827 064736 0000 065518
1517294657.918326:  2476 002417 0379 000348 3059 002911 2188 002204 3641 003849 1827 002059 0000 000000
1517294657.918414:  2476 002417 0379 000348 3059 002911 2188 002204 3641 003849 1827 002059 0000 000000
1517294657.995018:  2538 002538 0394 000394 3025 003025 2164 002164 3646 003646 1817 001817 0000 000000
1517294658.070757:  2538 002452 0394 000354 3025 002895 2164 002190 3646 003851 1817 002057 0000 000000
1517294658.070875:  2538 002452 0394 000354 3025 002895 2164 002190 3646 003851 1817 002057 0000 000000
1517294658.147514:  2538 000044 0394 000047 3025 065523 2164 065416 3646 000040 1817 064736 0000 065518
1517294658.223269:  2538 002483 0394 000361 3025 002880 2164 002180 3646 003855 1817 002067 0000 000000
1517294658.223333:  2538 002483 0394 000361 3025 002880 2164 002180 3646 003855 1817 002067 0000 000000
1517294658.296035:  2598 002598 0410 000410 2990 002990 2141 002141 3651 003651 1808 001808 0000 000000
1517294658.371827:  2598 002513 0410 000366 2990 002863 2141 002166 3651 003857 1808 002060 0000 000000
1517294658.371895:  2598 002513 0410 000366 2990 002863 2141 002166 3651 003857 1808 002060 0000 000000
1517294658.448502:  2598 000032 0410 000047 2990 065513 2141 065426 3651 000040 1808 064736 0000 065518
1517294658.524256:  2598 002542 0410 000373 2990 002846 2141 002151 3651 003861 1808 002071 0000 000000
1517294658.524313:  2598 002542 0410 000373 2990 002846 2141 002151 3651 003861 1808 002071 0000 000000
1517294658.600815:  2655 002655 0426 000426 2952 002952 2119 002119 3655 003655 1798 001798 0000 000000
1517294658.676605:  2655 002573 0426 000379 2952 002827 2119 002139 3655 003863 1798 002068 0000 000000
1517294658.676660:  2655 002573 0426 000379 2952 002827 2119 002139 3655 003863 1798 002068 0000 000000
1517294658.753169:  2655 000032 0426 000059 2952 065513 2119 065426 3655 000040 1798 064736 0000 065518
1517294658.816392:  2655 002600 0426 000386 2952 002811 2119 002128 3655 003867 1798 002065 0000 000000
1517294658.816466:  2655 002600 0426 000386 2952 002811 2119 002128 3655 003867 1798 002065 0000 000000
1517294658.893235:  2709 002709 0444 000444 2913 002913 2097 002097 3659 003659 1789 001789 0000 000000
1517294658.969060:  2709 002630 0444 000395 2913 002792 2097 002115 3659 003869 1789 002066 0000 000000
1517294658.969131:  2709 002630 0444 000395 2913 002792 2097 002115 3659 003869 1789 002066 0000 000000
1517294659.046023:  2709 000020 0444 000059 2913 065513 2097 065426 3659 000040 1789 064736 0000 065518
1517294659.121842:  2709 002660 0444 000403 2913 002773 2097 002102 3659 003869 1789 002074 0000 000000
1517294659.121922:  2709 002660 0444 000403 2913 002773 2097 002102 3659 003869 1789 002074 0000 000000
1517294659.198403:  2760 002760 0461 000461 2872 002872 2077 002077 3662 003662 1779 001779 0000 000000
1517294659.265843:  2760 002687 0461 000411 2872 002753 2077 002092 3662 003870 1779 002069 0000 000000
1517294659.265892:  2760 002687 0461 000411 2872 002753 2077 002092 3662 003870 1779 002069 0000 000000
1517294659.342445:  2760 000020 0461 000059 2872 065503 2077 065436 3662 000040 1779 064736 0000 065518
1517294659.418169:  2760 002712 0461 000420 2872 002732 2077 002079 3662 003870 1779 002076 0000 000000
1517294659.418240:  2760 002712 0461 000420 2872 002732 2077 002079 3662 003870 1779 002076 0000 000000
1517294659.494790:  2809 002809 0479 000479 2829 002829 2057 002057 3665 003665 1769 001769 0000 000000
1517294659.570592:  2809 002739 0479 000427 2829 002712 2057 002069 3665 003870 1769 002069 0000 000000
1517294659.570664:  2809 002739 0479 000427 2829 002712 2057 002069 3665 003870 1769 002069 0000 000000
1517294659.647205:  2809 000020 0479 000059 2829 065503 2057 065436 3665 000040 1769 064736 0000 065518
1517294659.722944:  2809 002764 0479 000436 2829 002689 2057 002058 3665 003870 1769 002073 0000 000000
1517294659.723011:  2809 002764 0479 000436 2829 002689 2057 002058 3665 003870 1769 002073 0000 000000
1517294659.796056:  2855 002855 0498 000498 2784 002784 2038 002038 3667 003667 1760 001760 0000 000000
1517294659.871872:  2855 002784 0498 000444 2784 002669 2038 002045 3667 003870 1760 002068 0000 000000
1517294659.871951:  2855 002784 0498 000444 2784 002669 2038 002045 3667 003870 1760 002068 0000 000000
1517294659.948701:  2855 000020 0498 000071 2784 065503 2038 065436 3667 000040 1760 064736 0000 065518
1517294660.024376:  2855 002810 0498 000453 2784 002647 2038 002033 3667 003862 1760 002072 0000 000000
1517294660.024431:  2855 002810 0498 000453 2784 002647 2038 002033 3667 003862 1760 002072 0000 000000
1517294660.101139:  2900 002900 0517 000517 2738 002738 2020 002020 3670 003670 1750 001750 0000 000000
1517294660.176957:  2900 002834 0517 000464 2738 002627 2020 002025 3670 003873 1750 002073 0000 000000
1517294660.177025:  2900 002834 0517 000464 2738 002627 2020 002025 3670 003873 1750 002073 0000 000000
1517294660.253635:  2900 000008 0517 000059 2738 065493 2020 065436 3670 000040 1750 064736 0000 065518
1517294660.316391:  2900 002855 0517 000474 2738 002605 2020 002017 3670 003875 1750 002076 0000 000000
1517294660.316466:  2900 002855 0517 000474 2738 002605 2020 002017 3670 003875 1750 002076 0000 000000
1517294660.393075:  2942 002942 0537 000537 2690 002690 2003 002003 3671 003671 1740 001740 0000 000000
1517294660.468956:  2942 002877 0537 000484 2690 002581 2003 002006 3671 003876 1740 002072 0000 000000
1517294660.469030:  2942 002877 0537 000484 2690 002581 2003 002006 3671 003876 1740 002072 0000 000000
1517294660.545764:  2942 000008 0537 000059 2690 065493 2003 065446 3671 000040 1740 064736 0000 065518
1517294660.621565:  2942 002899 0537 000494 2690 002556 2003 001994 3671 003880 1740 002080 0000 000000
1517294660.621640:  2942 002899 0537 000494 2690 002556 2003 001994 3671 003880 1740 002080 0000 000000
1517294660.698191:  2981 002981 0558 000558 2640 002640 1986 001986 3672 003672 1730 001730 0000 000000
1517294660.765837:  2981 002922 0558 000505 2640 002533 1986 001985 3672 003881 1730 002073 0000 000000
1517294660.765903:  2981 002922 0558 000505 2640 002533 1986 001985 3672 003881 1730 002073 0000 000000
1517294660.842679:  2981 065532 0558 000047 2640 065493 1986 065446 3672 000040 1730 064736 0000 065518
1517294660.918436:  2981 002942 0558 000514 2640 002509 1986 001975 3672 003874 1730 002082 0000 000000
1517294660.918540:  2981 002942 0558 000514 2640 002509 1986 001975 3672 003874 1730 002082 0000 000000
1517294660.995124:  3019 003019 0578 000578 2589 002589 1970 001970 3673 003673 1720 001720 0000 000000
1517294661.070898:  3019 002963 0578 000523 2589 002484 1970 001965 3673 003882 1720 002075 0000 000000
1517294661.070947:  3019 002963 0578 000523 2589 002484 1970 001965 3673 003882 1720 002075 0000 000000
1517294661.147623:  3019 065532 0578 000071 2589 065493 1970 065446 3673 000040 1720 064736 0000 065518
1517294661.223401:  3019 002981 0578 000535 2589 002460 1970 001954 3673 003882 1720 002080 0000 000000
1517294661.223470:  3019 002981 0578 000535 2589 002460 1970 001954 3673 003882 1720 002080 0000 000000
1517294661.296074:  3055 003055 0600 000600 2536 002536 1954 001954 3674 003674 1710 001710 0000 000000
1517294661.371872:  3055 003001 0600 000546 2536 002436 1954 001944 3674 003882 1710 002077 0000 000000
1517294661.371985:  3055 003001 0600 000546 2536 002436 1954 001944 3674 003882 1710 002077 0000 000000
1517294661.448578:  3055 065532 0600 000071 2536 065483 1954 065456 3674 000040 1710 064736 0000 065518
1517294661.524310:  3055 003018 0600 000557 2536 002410 1954 001934 3674 003882 1710 002078 0000 000000
1517294661.524400:  3055 003018 0600 000557 2536 002410 1954 001934 3674 003882 1710 002078 0000 000000
1517294661.600922:  3090 003090 0622 000622 2482 002482 1939 001939 3674 003674 1700 001700 0000 000000
1517294661.676706:  3090 003036 0622 000567 2482 002382 1939 001925 3674 003883 1700 002084 0000 000000
1517294661.676765:  3090 003036 0622 000567 2482 002382 1939 001925 3674 003883 1700 002084 0000 000000
1517294661.753306:  3090 065532 0622 000071 2482 065483 1939 065456 3674 000040 1700 064736 0000 065518
1517294661.816426:  3090 003052 0622 000578 2482 002359 1939 001919 3674 003883 1700 002080 0000 000000
1517294661.816496:  3090 003052 0622 000578 2482 002359 1939 001919 3674 003883 1700 002080 0000 000000
1517294661.893030:  3122 003122 0644 000644 2426 002426 1925 001925 3674 003674 1689 001689 0000 000000
1517294661.968812:  3122 003069 0644 000590 2426 002331 1925 001910 3674 003883 1689 002074 0000 000000
1517294661.968892:  3122 003069 0644 000590 2426 002331 1925 001910 3674 003883 1689 002074 0000 000000
1517294662.045504:  3122 065532 0644 000071 2426 065473 1925 065456 3674 000050 1689 064736 0000 065518
1517294662.121291:  3122 003083 0644 000600 2426 002304 1925 001902 3674 003883 1689 002083 0000 000000
1517294662.121382:  3122 003083 0644 000600 2426 002304 1925 001902 3674 003883 1689 002083 0000 000000
1517294662.198082:  3153 003153 0667 000667 2368 002368 1911 001911 3673 003673 1679 001679 0000 000000
1517294662.265881:  3153 003101 0667 000612 2368 002277 1911 001894 3673 003883 1679 002080 0000 000000
1517294662.265969:  3153 003101 0667 000612 2368 002277 1911 001894 3673 003883 1679 002080 0000 000000
