1517296226.585841:  0000 001754 0000 002343 0000 001215 0000 002169 0000 001747 0000 001032 0000 000000
1517296227.146615:  0000 065472 0000 000071 0000 065393 0000 065456 0000 065366 0000 064736 0000 065518
1517296227.207368:  0000 001753 0000 002348 0000 001206 0000 002173 0000 001758 0000 001033 0000 000000
1517296227.207455:  0000 001753 0000 002348 0000 001206 0000 002173 0000 001758 0000 001033 0000 000000
1517296227.269078:  1770 001770 2341 002341 1218 001218 2160 002160 1752 001752 1029 001029 0000 000000
1517296227.329952:  1770 001753 2341 002366 1218 001160 2160 002173 1752 001800 1029 001044 0000 000000
1517296227.330018:  1770 001753 2341 002366 1218 001160 2160 002173 1752 001800 1029 001044 0000 000000
1517296227.391762:  1770 065508 2341 000035 1218 065473 2160 065436 1752 065426 1029 064736 0000 065518
1517296227.452552:  1770 001752 2341 002376 1218 001129 2160 002172 1752 001840 1029 001056 0000 000000
1517296227.452624:  1770 001752 2341 002376 1218 001129 2160 002172 1752 001840 1029 001056 0000 000000
1517296227.514169:  1804 001804 2340 002340 1225 001225 2143 002143 1762 001762 1025 001025 0000 000000
1517296227.574925:  1804 001758 2340 002386 1225 001103 2143 002172 1762 001878 1025 001068 0000 000000
1517296227.574977:  1804 001758 2340 002386 1225 001103 2143 002172 1762 001878 1025 001068 0000 000000
1517296227.636471:  1804 065532 2340 000011 1225 065523 2143 065426 1762 065486 1025 064736 0000 065518
1517296227.697224:  1804 001768 2340 002394 1225 001085 2143 002173 1762 001909 1025 001081 0000 000000
1517296227.697307:  1804 001768 2340 002394 1225 001085 2143 002173 1762 001909 1025 001081 0000 000000
1517296227.759153:  1837 001837 2338 002338 1231 001231 2126 002126 1771 001771 1021 001021 0000 000000
1517296227.819884:  1837 001781 2338 002400 1231 001072 2126 002167 1771 001937 1021 001097 0000 000000
1517296227.819949:  1837 001781 2338 002400 1231 001072 2126 002167 1771 001937 1021 001097 0000 000000
1517296227.881701:  1837 000008 2338 065535 1231 000017 2126 065416 1771 000000 1021 064736 0000 065518
1517296227.942499:  1837 001801 2338 002404 1231 001062 2126 002160 1771 001958 1021 001114 0000 000000
1517296227.942551:  1837 001801 2338 002404 1231 001062 2126 002160 1771 001958 1021 001114 0000 000000
1517296228.004368:  1871 001871 2337 002337 1235 001235 2108 002108 1779 001779 1015 001015 0000 000000
1517296228.065141:  1871 001818 2337 002408 1235 001055 2108 002150 1779 001973 1015 001123 0000 000000
1517296228.065227:  1871 001818 2337 002408 1235 001055 2108 002150 1779 001973 1015 001123 0000 000000
1517296228.126215:  1871 000008 2337 065523 1235 000037 2108 065416 1779 000020 1015 064736 0000 065518
1517296228.186977:  1871 001835 2337 002412 1235 001049 2108 002141 1779 001986 1015 001140 0000 000000
1517296228.187044:  1871 001835 2337 002412 1235 001049 2108 002141 1779 001986 1015 001140 0000 000000
1517296228.248732:  1905 001905 2336 002336 1238 001238 2089 002089 1787 001787 1010 001010 0000 000000
1517296228.309463:  1905 001851 2336 002414 1238 001045 2089 002133 1787 001994 1010 001215 0000 000000
1517296228.309516:  1905 001851 2336 002414 1238 001045 2089 002133 1787 001994 1010 001215 0000 000000
1517296228.371167:  1905 000008 2336 065511 1238 000047 2089 065416 1787 000030 1010 064736 0000 065518
1517296228.431933:  1905 001868 2336 002417 1238 001041 2089 002123 1787 002000 1010 001148 0000 000000
1517296228.431999:  1905 001868 2336 002417 1238 001041 2089 002123 1787 002000 1010 001148 0000 000000
1517296228.493822:  1939 001939 2336 002336 1240 001240 2070 002070 1793 001793 1004 001004 0000 000000
1517296228.554521:  1939 001885 2336 002419 1240 001037 2070 002115 1793 002005 1004 001148 0000 000000
1517296228.554588:  1939 001885 2336 002419 1240 001037 2070 002115 1793 002005 1004 001148 0000 000000
1517296228.616061:  1939 000008 2336 065511 1240 000057 2070 065406 1793 000040 1004 064736 0000 065518
1517296228.676883:  1939 001903 2336 002422 1240 001035 2070 002105 1793 002009 1004 001150 0000 000000
1517296228.676949:  1939 001903 2336 002422 1240 001035 2070 002105 1793 002009 1004 001150 0000 000000
1517296228.738622:  1973 001973 2336 002336 1240 001240 2050 002050 1800 001800 0997 000997 0000 000000
1517296228.799440:  1973 001919 2336 002424 1240 001032 2050 002095 1800 002013 0997 001154 0000 000000
1517296228.799495:  1973 001919 2336 002424 1240 001032 2050 002095 1800 002013 0997 001154 0000 000000
1517296228.861213:  1973 000008 2336 065511 1240 000057 2050 065406 1800 000040 0997 064736 0000 065518
1517296228.921919:  1973 001935 2336 002426 1240 001030 2050 002086 1800 002018 0997 001155 0000 000000
1517296228.921970:  1973 001935 2336 002426 1240 001030 2050 002086 1800 002018 0997 001155 0000 000000
1517296228.983609:  2007 002007 2336 002336 1238 001238 2030 002030 1805 001805 0990 000990 0000 000000
1517296229.044433:  2007 001951 2336 002427 1238 001028 2030 002076 1805 002021 0990 001161 0000 000000
1517296229.044508:  2007 001951 2336 002427 1238 001028 2030 002076 1805 002021 0990 001161 0000 000000
1517296229.106037:  2007 000008 2336 065499 1238 000067 2030 065406 1805 000040 0990 064736 0000 065518
1517296229.166822:  2007 001967 2336 002429 1238 001027 2030 002069 1805 002027 0990 001168 0000 000000
1517296229.166940:  2007 001967 2336 002429 1238 001027 2030 002069 1805 002027 0990 001168 0000 000000
1517296229.228453:  2041 002041 2337 002337 1236 001236 2009 002009 1810 001810 0982 000982 0000 000000
1517296229.289239:  2041 001983 2337 002430 1236 001025 2009 002059 1810 002030 0982 001171 0000 000000
1517296229.289328:  2041 001983 2337 002430 1236 001025 2009 002059 1810 002030 0982 001171 0000 000000
1517296229.351218:  2041 000008 2337 065499 1236 000067 2009 065406 1810 000040 0982 064736 0000 065518
1517296229.412018:  2041 001999 2337 002431 1236 001023 2009 002047 1810 002031 0982 001167 0000 000000
1517296229.412105:  2041 001999 2337 002431 1236 001023 2009 002047 1810 002031 0982 001167 0000 000000
1517296229.474102:  2076 002076 2338 002338 1232 001232 1987 001987 1815 001815 0973 000973 0000 000000
1517296229.535005:  2076 002017 2338 002432 1232 001022 1987 002038 1815 002033 0973 001165 0000 000000
1517296229.535057:  2076 002017 2338 002432 1232 001022 1987 002038 1815 002033 0973 001165 0000 000000
1517296229.595940:  2076 000008 2338 065499 1232 000057 1987 065406 1815 000040 0973 064736 0000 065518
1517296229.656851:  2076 002033 2338 002433 1232 001020 1987 002024 1815 002035 0973 001166 0000 000000
1517296229.656928:  2076 002033 2338 002433 1232 001020 1987 002024 1815 002035 0973 001166 0000 000000
1517296229.718477:  2110 002110 2339 002339 1226 001226 1965 001965 1819 001819 0964 000964 0000 000000
1517296229.779260:  2110 002049 2339 002434 1226 001019 1965 002017 1819 002037 0964 001169 0000 000000
1517296229.779351:  2110 002049 2339 002434 1226 001019 1965 002017 1819 002037 0964 001169 0000 000000
1517296229.841345:  2110 000020 2339 065499 1226 000057 1965 065406 1819 000040 0964 064736 0000 065518
1517296229.902106:  2110 002065 2339 002435 1226 001017 1965 002007 1819 002039 0964 001169 0000 000000
1517296229.902163:  2110 002065 2339 002435 1226 001017 1965 002007 1819 002039 0964 001169 0000 000000
1517296229.963543:  2144 002144 2341 002341 1220 001220 1942 001942 1822 001822 0954 000954 0000 000000
1517296230.024316:  2144 002084 2341 002436 1220 001012 1942 001995 1822 002041 0954 001174 0000 000000
1517296230.024423:  2144 002084 2341 002436 1220 001012 1942 001995 1822 002041 0954 001174 0000 000000
1517296230.085837:  2144 000008 2341 065499 1220 000057 1942 065396 1822 000040 0954 064736 0000 065518
1517296230.146608:  2144 002103 2341 002438 1220 001012 1942 001984 1822 002043 0954 001179 0000 000000
1517296230.146674:  2144 002103 2341 002438 1220 001012 1942 001984 1822 002043 0954 001179 0000 000000
1517296230.208327:  2178 002178 2343 002343 1211 001211 1918 001918 1826 001826 0943 000943 0000 000000
1517296230.269053:  2178 002121 2343 002438 1211 001008 1918 001972 1826 002043 0943 001177 0000 000000
1517296230.269114:  2178 002121 2343 002438 1211 001008 1918 001972 1826 002043 0943 001177 0000 000000
1517296230.331037:  2178 000008 2343 065499 1211 000057 1918 065406 1826 000040 0943 064736 0000 065518
1517296230.391901:  2178 002140 2343 002440 1211 001005 1918 001957 1826 002045 0943 001174 0000 000000
1517296230.391969:  2178 002140 2343 002440 1211 001005 1918 001957 1826 002045 0943 001174 0000 000000
1517296230.453929:  2213 002213 2346 002346 1202 001202 1893 001893 1829 001829 0931 000931 0000 000000
1517296230.514760:  2213 002158 2346 002441 1202 001003 1893 001948 1829 002044 0931 001171 0000 000000
1517296230.514889:  2213 002158 2346 002441 1202 001003 1893 001948 1829 002044 0931 001171 0000 000000
1517296230.576952:  2213 000008 2346 065499 1202 000047 1893 065396 1829 000040 0931 064736 0000 065518
1517296230.636466:  2213 002177 2346 002442 1202 001001 1893 001936 1829 002045 0931 001173 0000 000000
1517296230.636534:  2213 002177 2346 002442 1202 001001 1893 001936 1829 002045 0931 001173 0000 000000
1517296230.698167:  2247 002247 2349 002349 1191 001191 1867 001867 1832 001832 0919 000919 0000 000000
1517296230.758994:  2247 002196 2349 002443 1191 000997 1867 001925 1832 002046 0919 001173 0000 000000
1517296230.759081:  2247 002196 2349 002443 1191 000997 1867 001925 1832 002046 0919 001173 0000 000000
1517296230.820881:  2247 000008 2349 065499 1191 000037 1867 065396 1832 000040 0919 064736 0000 065518
1517296230.881764:  2247 002213 2349 002445 1191 000994 1867 001915 1832 002046 0919 001175 0000 000000
1517296230.881842:  2247 002213 2349 002445 1191 000994 1867 001915 1832 002046 0919 001175 0000 000000
1517296230.943826:  2280 002280 2352 002352 1179 001179 1840 001840 1834 001834 0905 000905 0000 000000
1517296231.004596:  2280 002231 2352 002446 1179 000991 1840 001905 1834 002047 0905 001179 0000 000000
1517296231.004672:  2280 002231 2352 002446 1179 000991 1840 001905 1834 002047 0905 001179 0000 000000
1517296231.066633:  2280 065532 2352 065499 1179 000037 1840 065386 1834 000040 0905 064736 0000 065518
1517296231.126247:  2280 002249 2352 002447 1179 000987 1840 001892 1834 002048 0905 001183 0000 000000
1517296231.126325:  2280 002249 2352 002447 1179 000987 1840 001892 1834 002048 0905 001183 0000 000000
1517296231.188083:  2314 002314 2356 002356 1165 001165 1813 001813 1837 001837 0891 000891 0000 000000
1517296231.248827:  2314 002264 2356 002447 1165 000982 1813 001879 1837 002050 0891 001179 0000 000000
1517296231.248907:  2314 002264 2356 002447 1165 000982 1813 001879 1837 002050 0891 001179 0000 000000
1517296231.310696:  2314 065532 2356 065499 1165 000027 1813 065386 1837 000040 0891 064736 0000 065518
1517296231.371478:  2314 002280 2356 002448 1165 000977 1813 001867 1837 002054 0891 001176 0000 000000
1517296231.371574:  2314 002280 2356 002448 1165 000977 1813 001867 1837 002054 0891 001176 0000 000000
1517296231.433156:  2348 002348 2360 002360 1151 001151 1785 001785 1840 001840 0876 000876 0000 000000
1517296231.493878:  2348 002298 2360 002450 1151 000972 1785 001854 1840 002057 0876 001176 0000 000000
1517296231.493934:  2348 002298 2360 002450 1151 000972 1785 001854 1840 002057 0876 001176 0000 000000
1517296231.555834:  2348 065532 2360 065511 1151 000027 1785 065386 1840 000040 0876 064736 0000 065518
1517296231.616097:  2348 002313 2360 002451 1151 000965 1785 001841 1840 002059 0876 001179 0000 000000
1517296231.616191:  2348 002313 2360 002451 1151 000965 1785 001841 1840 002059 0876 001179 0000 000000
1517296231.677986:  2381 002381 2365 002365 1134 001134 1756 001756 1843 001843 0860 000860 0000 000000
1517296231.738758:  2381 002327 2365 002453 1134 000959 1756 001828 1843 001993 0860 001179 0000 000000
1517296231.738874:  2381 002327 2365 002453 1134 000959 1756 001828 1843 001993 0860 001179 0000 000000
1517296231.800359:  2381 000008 2365 065511 1134 000027 1756 065376 1843 000040 0860 064736 0000 065518
1517296231.861195:  2381 002361 2365 002455 1134 000953 1756 001815 1843 002064 0860 001183 0000 000000
1517296231.861281:  2381 002361 2365 002455 1134 000953 1756 001815 1843 002064 0860 001183 0000 000000
1517296231.923254:  2414 002414 2370 002370 1117 001117 1726 001726 1846 001846 0844 000844 0000 000000
1517296231.984147:  2414 002360 2370 002456 1117 000947 1726 001802 1846 002065 0844 001190 0000 000000
1517296231.984221:  2414 002360 2370 002456 1117 000947 1726 001802 1846 002065 0844 001190 0000 000000
1517296232.046103:  2414 000008 2370 065511 1117 000017 1726 065376 1846 000040 0844 064736 0000 065518
1517296232.106037:  2414 002376 2370 002458 1117 000940 1726 001785 1846 002065 0844 001189 0000 000000
1517296232.106127:  2414 002376 2370 002458 1117 000940 1726 001785 1846 002065 0844 001189 0000 000000
1517296232.167762:  2447 002447 2375 002375 1098 001098 1695 001695 1850 001850 0826 000826 0000 000000
1517296232.228432:  2447 002392 2375 002460 1098 000933 1695 001772 1850 002067 0826 001186 0000 000000
1517296232.228504:  2447 002392 2375 002460 1098 000933 1695 001772 1850 002067 0826 001186 0000 000000
1517296232.290010:  2447 000008 2375 065511 1098 000017 1695 065376 1850 000040 0826 064736 0000 065518
1517296232.350704:  2447 002408 2375 002462 1098 000925 1695 001759 1850 002067 0826 001183 0000 000000
1517296232.350770:  2447 002408 2375 002462 1098 000925 1695 001759 1850 002067 0826 001183 0000 000000
1517296232.412259:  2480 002480 2381 002381 1078 001078 1664 001664 1854 001854 0808 000808 0000 000000
1517296232.472995:  2480 002425 2381 002464 1078 000916 1664 001746 1854 002068 0808 001184 0000 000000
1517296232.473051:  2480 002425 2381 002464 1078 000916 1664 001746 1854 002068 0808 001184 0000 000000
1517296232.534930:  2480 000008 2381 065511 1078 000007 1664 065376 1854 000040 0808 064736 0000 065518
1517296232.585872:  2480 002440 2381 002466 1078 000909 1664 001730 1854 002069 0808 001184 0000 000000
1517296232.586003:  2480 002440 2381 002466 1078 000909 1664 001730 1854 002069 0808 001184 0000 000000
1517296232.647744:  2512 002512 2388 002388 1057 001057 1632 001632 1859 001859 0788 000788 0000 000000
1517296232.708507:  2512 002454 2388 002467 1057 000900 1632 001716 1859 002070 0788 001189 0000 000000
1517296232.708572:  2512 002454 2388 002467 1057 000900 1632 001716 1859 002070 0788 001189 0000 000000
1517296232.770246:  2512 000008 2388 065523 1057 000007 1632 065366 1859 000030 0788 064736 0000 065518
1517296232.831062:  2512 002472 2388 002470 1057 000892 1632 001702 1859 002072 0788 001186 0000 000000
1517296232.831162:  2512 002472 2388 002470 1057 000892 1632 001702 1859 002072 0788 001186 0000 000000
1517296232.892651:  2544 002544 2395 002395 1034 001034 1599 001599 1864 001864 0768 000768 0000 000000
1517296232.953355:  2544 002489 2395 002473 1034 000882 1599 001688 1864 002075 0768 001185 0000 000000
1517296232.953410:  2544 002489 2395 002473 1034 000882 1599 001688 1864 002075 0768 001185 0000 000000
1517296233.015007:  2544 000008 2395 065523 1034 065533 1599 065366 1864 000040 0768 064736 0000 065518
1517296233.075708:  2544 002504 2395 002476 1034 000871 1599 001674 1864 002078 0768 001188 0000 000000
1517296233.075783:  2544 002504 2395 002476 1034 000871 1599 001674 1864 002078 0768 001188 0000 000000
1517296233.136415:  2576 002576 2402 002402 1011 001011 1565 001565 1871 001871 0748 000748 0000 000000
1517296233.197244:  2576 002520 2402 002479 1011 000861 1565 001659 1871 002082 0748 001189 0000 000000
1517296233.197312:  2576 002520 2402 002479 1011 000861 1565 001659 1871 002082 0748 001189 0000 000000
