1517554695.624350:  0000 001318 0000 000256 0000 002913 0000 001961 0000 002888 0000 001593 0000 000000
1517554696.185107:  0000 065036 0000 065535 0000 065046 0000 065036 0000 000500 0000 064736 0000 065518
1517554696.245946:  0000 001309 0000 000257 0000 002881 0000 001962 0000 002875 0000 001595 0000 000000
1517554696.246019:  0000 001309 0000 000257 0000 002881 0000 001962 0000 002875 0000 001595 0000 000000
1517554696.307743:  1337 001337 0253 000253 2917 002917 1952 001952 2897 002897 1589 001589 0000 000000
1517554696.368586:  1337 001222 0253 000256 2917 002829 1952 001942 2897 002812 1589 001582 0000 000000
1517554696.368655:  1337 001222 0253 000256 2917 002829 1952 001942 2897 002812 1589 001582 0000 000000
1517554696.430269:  1337 065240 0253 065535 2917 065156 1952 065046 2897 000380 1589 064746 0000 065518
1517554696.491107:  1337 001135 0253 000258 2917 002770 1952 001917 2897 002749 1589 001561 0000 000000
1517554696.491184:  1337 001135 0253 000258 2917 002770 1952 001917 2897 002749 1589 001561 0000 000000
1517554696.552730:  1377 001377 0249 000249 2925 002925 1934 001934 2917 002917 1583 001583 0000 000000
1517554696.613571:  1377 001072 0249 000257 2925 002711 1934 001888 2917 002691 1583 001536 0000 000000
1517554696.613624:  1377 001072 0249 000257 2925 002711 1934 001888 2917 002691 1583 001536 0000 000000
1517554696.674935:  1377 065444 0249 065523 2925 065276 1934 065076 2917 000240 1583 064786 0000 065518
1517554696.735705:  1377 001033 0249 000258 2925 002658 1934 001863 2917 002639 1583 001511 0000 000000
1517554696.735776:  1377 001033 0249 000258 2925 002658 1934 001863 2917 002639 1583 001511 0000 000000
1517554696.797326:  1418 001418 0246 000246 2933 002933 1916 001916 2937 002937 1577 001577 0000 000000
1517554696.858069:  1418 001003 0246 000258 2933 002609 1916 001832 2937 002592 1577 001485 0000 000000
1517554696.858157:  1418 001003 0246 000258 2933 002609 1916 001832 2937 002592 1577 001485 0000 000000
1517554696.919952:  1418 000028 0246 065523 2933 065376 1916 065126 2937 000130 1577 064836 0000 065518
1517554696.980686:  1418 000991 0246 000257 2933 002566 1916 001805 2937 002554 1577 001530 0000 000000
1517554696.980752:  1418 000991 0246 000257 2933 002566 1916 001805 2937 002554 1577 001530 0000 000000
1517554697.042417:  1460 001460 0242 000242 2940 002940 1898 001898 2958 002958 1571 001571 0000 000000
1517554697.103191:  1460 000991 0242 000258 2940 002530 1898 001775 2958 002521 1571 001441 0000 000000
1517554697.103287:  1460 000991 0242 000258 2940 002530 1898 001775 2958 002521 1571 001441 0000 000000
1517554697.164698:  1460 000088 0242 065523 2940 065456 1898 065156 2958 000050 1571 064866 0000 065518
1517554697.225473:  1460 000995 0242 000258 2940 002500 1898 001747 2958 002502 1571 001425 0000 000000
1517554697.225541:  1460 000995 0242 000258 2940 002500 1898 001747 2958 002502 1571 001425 0000 000000
1517554697.287259:  1503 001503 0239 000239 2946 002946 1880 001880 2979 002979 1565 001565 0000 000000
1517554697.348114:  1503 001003 0239 000258 2946 002475 1880 001719 2979 002492 1565 001413 0000 000000
1517554697.348182:  1503 001003 0239 000258 2946 002475 1880 001719 2979 002492 1565 001413 0000 000000
1517554697.409816:  1503 000112 0239 065511 2946 065516 1880 065196 2979 065476 1565 064886 0000 065518
1517554697.470607:  1503 001013 0239 000258 2946 002454 1880 001692 2979 002490 1565 001405 0000 000000
1517554697.470695:  1503 001013 0239 000258 2946 002454 1880 001692 2979 002490 1565 001405 0000 000000
1517554697.532256:  1546 001546 0236 000236 2952 002952 1862 001862 3000 003000 1560 001560 0000 000000
1517554697.593102:  1546 001029 0236 000258 2952 002439 1862 001663 3000 002493 1560 001402 0000 000000
1517554697.593172:  1546 001029 0236 000258 2952 002439 1862 001663 3000 002493 1560 001402 0000 000000
1517554697.654623:  1546 000124 0236 065511 2952 000020 1862 065236 3000 065526 1560 064886 0000 065518
1517554697.715363:  1546 001046 0236 000259 2952 002435 1862 001639 3000 002498 1560 001401 0000 000000
1517554697.715432:  1546 001046 0236 000259 2952 002435 1862 001639 3000 002498 1560 001401 0000 000000
1517554697.777021:  1590 001590 0233 000233 2957 002957 1844 001844 3022 003022 1554 001554 0000 000000
1517554697.837778:  1590 001064 0233 000259 2957 002423 1844 001612 3022 002505 1554 001402 0000 000000
1517554697.837846:  1590 001064 0233 000259 2957 002423 1844 001612 3022 002505 1554 001402 0000 000000
1517554697.899371:  1590 000136 0233 065511 2957 000030 1844 065266 3022 065516 1554 064876 0000 065518
1517554697.960243:  1590 001083 0233 000258 2957 002418 1844 001586 3022 002513 1554 001403 0000 000000
1517554697.960321:  1590 001083 0233 000258 2957 002418 1844 001586 3022 002513 1554 001403 0000 000000
1517554698.022214:  1635 001635 0231 000231 2961 002961 1826 001826 3044 003044 1549 001549 0000 000000
1517554698.083064:  1635 001104 0231 000259 2961 002414 1826 001561 3044 002523 1549 001407 0000 000000
1517554698.083150:  1635 001104 0231 000259 2961 002414 1826 001561 3044 002523 1549 001407 0000 000000
1517554698.144526:  1635 000148 0231 065511 2961 000050 1826 065296 3044 065516 1549 064866 0000 065518
1517554698.205332:  1635 001127 0231 000259 2961 002411 1826 001535 3044 002535 1549 001412 0000 000000
1517554698.205422:  1635 001127 0231 000259 2961 002411 1826 001535 3044 002535 1549 001412 0000 000000
1517554698.267264:  1680 001680 0229 000229 2965 002965 1808 001808 3066 003066 1544 001544 0000 000000
1517554698.328021:  1680 001150 0229 000259 2965 002407 1808 001511 3066 002547 1544 001417 0000 000000
1517554698.328085:  1680 001150 0229 000259 2965 002407 1808 001511 3066 002547 1544 001417 0000 000000
1517554698.390015:  1680 000148 0229 065499 2965 000050 1808 065336 3066 065516 1544 064856 0000 065518
1517554698.450923:  1680 001172 0229 000259 2965 002406 1808 001487 3066 002557 1544 001420 0000 000000
1517554698.451000:  1680 001172 0229 000259 2965 002406 1808 001487 3066 002557 1544 001420 0000 000000
1517554698.512856:  1726 001726 0227 000227 2969 002969 1791 001791 3089 003089 1539 001539 0000 000000
1517554698.573800:  1726 001198 0227 000260 2969 002406 1791 001466 3089 002572 1539 001430 0000 000000
1517554698.573855:  1726 001198 0227 000260 2969 002406 1791 001466 3089 002572 1539 001430 0000 000000
1517554698.634452:  1726 000148 0227 065499 2969 000060 1791 065356 3089 065516 1539 064836 0000 065518
1517554698.695129:  1726 001218 0227 000259 2969 002403 1791 001440 3089 002578 1539 001432 0000 000000
1517554698.695229:  1726 001218 0227 000259 2969 002403 1791 001440 3089 002578 1539 001432 0000 000000
1517554698.756896:  1772 001772 0226 000226 2971 002971 1773 001773 3112 003112 1534 001534 0000 000000
1517554698.817664:  1772 001240 0226 000259 2971 002402 1773 001419 3112 002589 1534 001437 0000 000000
1517554698.817758:  1772 001240 0226 000259 2971 002402 1773 001419 3112 002589 1534 001437 0000 000000
1517554698.879729:  1772 000148 0226 065499 2971 000070 1773 065386 3112 065516 1534 064826 0000 065518
1517554698.940558:  1772 001264 0226 000260 2971 002402 1773 001398 3112 002602 1534 001444 0000 000000
1517554698.940614:  1772 001264 0226 000260 2971 002402 1773 001398 3112 002602 1534 001444 0000 000000
1517554699.002169:  1819 001819 0225 000225 2974 002974 1756 001756 3135 003135 1530 001530 0000 000000
1517554699.062970:  1819 001287 0225 000260 2974 002401 1756 001396 3135 002614 1530 001449 0000 000000
1517554699.063007:  1819 001287 0225 000260 2974 002401 1756 001396 3135 002614 1530 001449 0000 000000
1517554699.124340:  1819 000148 0225 065499 2974 000070 1756 065386 3135 065516 1530 064806 0000 065518
1517554699.184981:  1819 001309 0225 000259 2974 002398 1756 001394 3135 002626 1530 001455 0000 000000
1517554699.185050:  1819 001309 0225 000259 2974 002398 1756 001394 3135 002626 1530 001455 0000 000000
1517554699.246672:  1866 001866 0224 000224 2975 002975 1738 001738 3158 003158 1525 001525 0000 000000
1517554699.307458:  1866 001334 0224 000259 2975 002397 1738 001394 3158 002637 1525 001459 0000 000000
1517554699.307525:  1866 001334 0224 000259 2975 002397 1738 001394 3158 002637 1525 001459 0000 000000
1517554699.369462:  1866 000148 0224 065499 2975 000080 1738 065366 3158 065516 1525 064796 0000 065518
1517554699.430197:  1866 001357 0224 000258 2975 002397 1738 001392 3158 002646 1525 001461 0000 000000
1517554699.430270:  1866 001357 0224 000258 2975 002397 1738 001392 3158 002646 1525 001461 0000 000000
1517554699.491915:  1913 001913 0224 000224 2976 002976 1721 001721 3182 003182 1521 001521 0000 000000
1517554699.552671:  1913 001379 0224 000259 2976 002396 1721 001394 3182 002662 1521 001471 0000 000000
1517554699.552748:  1913 001379 0224 000259 2976 002396 1721 001394 3182 002662 1521 001471 0000 000000
1517554699.614632:  1913 000148 0224 065499 2976 000080 1721 065356 3182 065516 1521 064776 0000 065518
1517554699.674873:  1913 001401 0224 000259 2976 002395 1721 001393 3182 002674 1521 001477 0000 000000
1517554699.674928:  1913 001401 0224 000259 2976 002395 1721 001393 3182 002674 1521 001477 0000 000000
1517554699.736764:  1961 001961 0224 000224 2976 002976 1704 001704 3205 003205 1517 001517 0000 000000
1517554699.797569:  1961 001423 0224 000260 2976 002394 1704 001395 3205 002688 1517 001487 0000 000000
1517554699.797660:  1961 001423 0224 000260 2976 002394 1704 001395 3205 002688 1517 001487 0000 000000
1517554699.859522:  1961 000148 0224 065499 2976 000080 1704 065336 3205 065516 1517 064756 0000 065518
1517554699.920300:  1961 001447 0224 000259 2976 002394 1704 001393 3205 002698 1517 001490 0000 000000
1517554699.920430:  1961 001447 0224 000259 2976 002394 1704 001393 3205 002698 1517 001490 0000 000000
1517554699.982254:  2008 002008 0224 000224 2976 002976 1688 001688 3229 003229 1514 001514 0000 000000
1517554700.043089:  2008 001471 0224 000259 2976 002394 1688 001393 3229 002708 1514 001495 0000 000000
1517554700.043134:  2008 001471 0224 000259 2976 002394 1688 001393 3229 002708 1514 001495 0000 000000
1517554700.104992:  2008 000148 0224 065499 2976 000080 1688 065316 3229 065516 1514 064746 0000 065518
1517554700.164696:  2008 001494 0224 000259 2976 002394 1688 001394 3229 002719 1514 001501 0000 000000
1517554700.164792:  2008 001494 0224 000259 2976 002394 1688 001394 3229 002719 1514 001501 0000 000000
1517554700.226385:  2056 002056 0224 000224 2975 002975 1671 001671 3252 003252 1510 001510 0000 000000
1517554700.287173:  2056 001519 0224 000259 2975 002393 1671 001393 3252 002729 1510 001506 0000 000000
1517554700.287266:  2056 001519 0224 000259 2975 002393 1671 001393 3252 002729 1510 001506 0000 000000
1517554700.348770:  2056 000160 0224 065499 2975 000080 1671 065306 3252 065516 1510 064736 0000 065518
1517554700.409575:  2056 001543 0224 000259 2975 002393 1671 001394 3252 002741 1510 001512 0000 000000
1517554700.409667:  2056 001543 0224 000259 2975 002393 1671 001394 3252 002741 1510 001512 0000 000000
1517554700.471298:  2104 002104 0225 000225 2973 002973 1655 001655 3276 003276 1507 001507 0000 000000
1517554700.532092:  2104 001570 0225 000259 2973 002392 1655 001393 3276 002752 1507 001517 0000 000000
1517554700.532147:  2104 001570 0225 000259 2973 002392 1655 001393 3276 002752 1507 001517 0000 000000
1517554700.593714:  2104 000148 0225 065499 2973 000080 1655 065286 3276 065506 1507 064736 0000 065518
1517554700.644539:  2104 001594 0225 000259 2973 002393 1655 001394 3276 002765 1507 001522 0000 000000
1517554700.644629:  2104 001594 0225 000259 2973 002393 1655 001394 3276 002765 1507 001522 0000 000000
1517554700.706191:  2152 002152 0226 000226 2971 002971 1638 001638 3299 003299 1504 001504 0000 000000
1517554700.766981:  2152 001617 0226 000259 2971 002392 1638 001394 3299 002777 1504 001528 0000 000000
1517554700.767067:  2152 001617 0226 000259 2971 002392 1638 001394 3299 002777 1504 001528 0000 000000
1517554700.828684:  2152 000148 0226 065499 2971 000070 1638 065266 3299 065516 1504 064736 0000 065518
1517554700.889461:  2152 001641 0226 000260 2971 002391 1638 001394 3299 002789 1504 001534 0000 000000
1517554700.889538:  2152 001641 0226 000260 2971 002391 1638 001394 3299 002789 1504 001534 0000 000000
1517554700.951420:  2199 002199 0228 000228 2968 002968 1622 001622 3323 003323 1501 001501 0000 000000
1517554701.012293:  2199 001667 0228 000259 2968 002390 1622 001393 3323 002801 1501 001540 0000 000000
1517554701.012348:  2199 001667 0228 000259 2968 002390 1622 001393 3323 002801 1501 001540 0000 000000
1517554701.073862:  2199 000148 0228 065499 2968 000070 1622 065256 3323 065446 1501 064736 0000 065518
1517554701.134421:  2199 001693 0228 000259 2968 002390 1622 001359 3323 002814 1501 001546 0000 000000
1517554701.134497:  2199 001693 0228 000259 2968 002390 1622 001359 3323 002814 1501 001546 0000 000000
1517554701.196388:  2247 002247 0229 000229 2965 002965 1607 001607 3346 003346 1499 001499 0000 000000
1517554701.257102:  2247 001717 0229 000260 2965 002389 1607 001393 3346 002827 1499 001552 0000 000000
1517554701.257178:  2247 001717 0229 000260 2965 002389 1607 001393 3346 002827 1499 001552 0000 000000
1517554701.318781:  2247 000148 0229 065499 2965 000070 1607 065236 3346 065516 1499 064736 0000 065518
1517554701.379538:  2247 001740 0229 000277 2965 002388 1607 001393 3346 002839 1499 001559 0000 000000
1517554701.379608:  2247 001740 0229 000277 2965 002388 1607 001393 3346 002839 1499 001559 0000 000000
1517554701.441098:  2294 002294 0231 000231 2961 002961 1591 001591 3369 003369 1496 001496 0000 000000
1517554701.501935:  2294 001764 0231 000260 2961 002388 1591 001393 3369 002850 1496 001564 0000 000000
1517554701.501991:  2294 001764 0231 000260 2961 002388 1591 001393 3369 002850 1496 001564 0000 000000
1517554701.563674:  2294 000148 0231 065511 2961 000070 1591 065226 3369 065516 1496 064736 0000 065518
1517554701.624311:  2294 001790 0231 000260 2961 002387 1591 001393 3369 002861 1496 001570 0000 000000
1517554701.624388:  2294 001790 0231 000260 2961 002387 1591 001393 3369 002861 1496 001570 0000 000000
1517554701.685726:  2341 002341 0234 000234 2956 002956 1576 001576 3392 003392 1494 001494 0000 000000
1517554701.746319:  2341 001815 0234 000260 2956 002386 1576 001385 3392 002872 1494 001576 0000 000000
1517554701.746395:  2341 001815 0234 000260 2956 002386 1576 001385 3392 002872 1494 001576 0000 000000
1517554701.809591:  2341 000136 0234 065511 2956 000060 1576 065206 3392 065516 1494 064736 0000 065518
1517554701.870400:  2341 001838 0234 000260 2956 002385 1576 001393 3392 002883 1494 001582 0000 000000
1517554701.870453:  2341 001838 0234 000260 2956 002385 1576 001393 3392 002883 1494 001582 0000 000000
1517554701.932294:  2388 002388 0236 000236 2951 002951 1561 001561 3415 003415 1492 001492 0000 000000
1517554701.993057:  2388 001862 0236 000260 2951 002384 1561 001393 3415 002892 1492 001587 0000 000000
1517554701.993124:  2388 001862 0236 000260 2951 002384 1561 001393 3415 002892 1492 001587 0000 000000
1517554702.054850:  2388 000136 0236 065511 2951 000060 1561 065196 3415 065516 1492 064736 0000 065518
1517554702.115584:  2388 001887 0236 000260 2951 002383 1561 001393 3415 002902 1492 001592 0000 000000
1517554702.115663:  2388 001887 0236 000260 2951 002383 1561 001393 3415 002902 1492 001592 0000 000000
1517554702.174898:  2434 002434 0239 000239 2945 002945 1546 001546 3437 003437 1490 001490 0000 000000
1517554702.235805:  2434 001909 0239 000260 2945 002382 1546 001394 3437 002913 1490 001597 0000 000000
1517554702.235873:  2434 001909 0239 000260 2945 002382 1546 001394 3437 002913 1490 001597 0000 000000
