1517554829.808248:  0000 001319 0000 000265 0000 002906 0000 001962 0000 002894 0000 001596 0000 000000
1517554830.368939:  0000 065036 0000 065535 0000 065036 0000 065036 0000 000500 0000 064736 0000 065518
1517554830.429744:  0000 001291 0000 000264 0000 002893 0000 001962 0000 002873 0000 001594 0000 000000
1517554830.429821:  0000 001291 0000 000264 0000 002893 0000 001962 0000 002873 0000 001594 0000 000000
1517554830.491704:  1338 001338 0262 000262 2910 002910 1953 001953 2903 002903 1592 001592 0000 000000
1517554830.552535:  1338 001202 0262 000263 2910 002839 1953 001955 2903 002809 1592 001582 0000 000000
1517554830.552604:  1338 001202 0262 000263 2910 002839 1953 001955 2903 002809 1592 001582 0000 000000
1517554830.614368:  1338 065276 0262 065535 2910 065136 1953 065036 2903 000370 1592 064746 0000 065518
1517554830.675102:  1338 001117 0262 000264 2910 002777 1953 001922 2903 002745 1592 001560 0000 000000
1517554830.675224:  1338 001117 0262 000264 2910 002777 1953 001922 2903 002745 1592 001560 0000 000000
1517554830.736898:  1378 001378 0258 000258 2918 002918 1935 001935 2923 002923 1586 001586 0000 000000
1517554830.797644:  1378 001056 0258 000264 2918 002717 1935 001897 2923 002687 1586 001534 0000 000000
1517554830.797756:  1378 001056 0258 000264 2918 002717 1935 001897 2923 002687 1586 001534 0000 000000
1517554830.858759:  1378 065456 0258 065535 2918 065266 1935 065076 2923 000230 1586 064796 0000 065518
1517554830.919522:  1378 001019 0258 000264 2918 002664 1935 001867 2923 002636 1586 001510 0000 000000
1517554830.919639:  1378 001019 0258 000264 2918 002664 1935 001867 2923 002636 1586 001510 0000 000000
1517554830.981541:  1418 001418 0254 000254 2926 002926 1917 001917 2943 002943 1580 001580 0000 000000
1517554831.042398:  1418 000995 0254 000264 2926 002611 1917 001834 2943 002590 1580 001484 0000 000000
1517554831.042439:  1418 000995 0254 000264 2926 002611 1917 001834 2943 002590 1580 001484 0000 000000
1517554831.104245:  1418 000040 0254 065523 2926 065376 1917 065116 2943 000120 1580 064836 0000 065518
1517554831.165049:  1418 000987 0254 000263 2926 002565 1917 001805 2943 002552 1580 001460 0000 000000
1517554831.165106:  1418 000987 0254 000263 2926 002565 1917 001805 2943 002552 1580 001460 0000 000000
1517554831.226979:  1460 001460 0251 000251 2933 002933 1899 001899 2963 002963 1575 001575 0000 000000
1517554831.287850:  1460 000987 0251 000264 2933 002527 1899 001772 2963 002521 1575 001440 0000 000000
1517554831.287911:  1460 000987 0251 000264 2933 002527 1899 001772 2963 002521 1575 001440 0000 000000
1517554831.348577:  1460 000088 0251 065523 2933 065456 1899 065166 2963 000040 1575 064876 0000 065518
1517554831.409396:  1460 000994 0251 000264 2933 002496 1899 001742 2963 002504 1575 001425 0000 000000
1517554831.409464:  1460 000994 0251 000264 2933 002496 1899 001742 2963 002504 1575 001425 0000 000000
1517554831.471104:  1502 001502 0248 000248 2939 002939 1882 001882 2984 002984 1569 001569 0000 000000
1517554831.531899:  1502 001004 0248 000264 2939 002470 1882 001712 2984 002496 1569 001414 0000 000000
1517554831.531971:  1502 001004 0248 000264 2939 002470 1882 001712 2984 002496 1569 001414 0000 000000
1517554831.593545:  1502 000112 0248 065523 2939 065516 1882 065206 2984 000000 1569 064886 0000 065518
1517554831.654350:  1502 001020 0248 000265 2939 002447 1882 001682 2984 002494 1569 001407 0000 000000
1517554831.654425:  1502 001020 0248 000265 2939 002447 1882 001682 2984 002494 1569 001407 0000 000000
1517554831.716082:  1545 001545 0245 000245 2945 002945 1864 001864 3005 003005 1563 001563 0000 000000
1517554831.776797:  1545 001038 0245 000264 2945 002433 1864 001653 3005 002495 1563 001403 0000 000000
1517554831.776866:  1545 001038 0245 000264 2945 002433 1864 001653 3005 002495 1563 001403 0000 000000
1517554831.828383:  1545 000112 0245 065511 2945 000010 1864 065246 3005 065526 1563 064886 0000 065518
1517554831.889206:  1545 001052 0245 000265 2945 002427 1864 001628 3005 002501 1563 001402 0000 000000
1517554831.889267:  1545 001052 0245 000265 2945 002427 1864 001628 3005 002501 1563 001402 0000 000000
1517554831.950864:  1588 001588 0242 000242 2950 002950 1846 001846 3026 003026 1558 001558 0000 000000
1517554832.011600:  1588 001073 0242 000265 2950 002420 1846 001599 3026 002508 1558 001403 0000 000000
1517554832.011675:  1588 001073 0242 000265 2950 002420 1846 001599 3026 002508 1558 001403 0000 000000
1517554832.073285:  1588 000124 0242 065511 2950 000030 1846 065286 3026 065516 1558 064886 0000 065518
1517554832.134098:  1588 001091 0242 000265 2950 002416 1846 001572 3026 002516 1558 001404 0000 000000
1517554832.134166:  1588 001091 0242 000265 2950 002416 1846 001572 3026 002516 1558 001404 0000 000000
1517554832.195649:  1632 001632 0240 000240 2955 002955 1828 001828 3048 003048 1553 001553 0000 000000
1517554832.256389:  1632 001115 0240 000265 2955 002412 1828 001546 3048 002525 1553 001407 0000 000000
1517554832.256475:  1632 001115 0240 000265 2955 002412 1828 001546 3048 002525 1553 001407 0000 000000
1517554832.308205:  1632 000136 0240 065511 2955 000040 1828 065316 3048 065516 1553 064876 0000 065518
1517554832.368919:  1632 001133 0240 000265 2955 002410 1828 001489 3048 002536 1553 001413 0000 000000
1517554832.368994:  1632 001133 0240 000265 2955 002410 1828 001489 3048 002536 1553 001413 0000 000000
1517554832.430539:  1677 001677 0238 000238 2959 002959 1811 001811 3070 003070 1548 001548 0000 000000
1517554832.491391:  1677 001154 0238 000265 2959 002408 1811 001499 3070 002545 1548 001416 0000 000000
1517554832.491428:  1677 001154 0238 000265 2959 002408 1811 001499 3070 002545 1548 001416 0000 000000
1517554832.553103:  1677 000136 0238 065511 2959 000050 1811 065346 3070 065506 1548 064856 0000 065518
1517554832.613760:  1677 001179 0238 000265 2959 002405 1811 001472 3070 002557 1548 001421 0000 000000
1517554832.613837:  1677 001179 0238 000265 2959 002405 1811 001472 3070 002557 1548 001421 0000 000000
1517554832.675597:  1722 001722 0236 000236 2963 002963 1793 001793 3092 003092 1543 001543 0000 000000
1517554832.736312:  1722 001201 0236 000265 2963 002421 1793 001448 3092 002568 1543 001426 0000 000000
1517554832.736379:  1722 001201 0236 000265 2963 002421 1793 001448 3092 002568 1543 001426 0000 000000
1517554832.798015:  1722 000136 0236 065499 2963 000060 1793 065376 3092 065516 1543 064846 0000 065518
1517554832.858794:  1722 001223 0236 000265 2963 002401 1793 001425 3092 002580 1543 001432 0000 000000
1517554832.858888:  1722 001223 0236 000265 2963 002401 1793 001425 3092 002580 1543 001432 0000 000000
1517554832.920556:  1768 001768 0235 000235 2965 002965 1776 001776 3114 003114 1538 001538 0000 000000
1517554832.981370:  1768 001245 0235 000265 2965 002401 1776 001403 3114 002592 1538 001438 0000 000000
1517554832.981445:  1768 001245 0235 000265 2965 002401 1776 001403 3114 002592 1538 001438 0000 000000
1517554833.043294:  1768 000136 0235 065499 2965 000060 1776 065406 3114 065516 1538 064826 0000 065518
1517554833.104003:  1768 001267 0235 000265 2965 002399 1776 001396 3114 002604 1538 001444 0000 000000
1517554833.104059:  1768 001267 0235 000265 2965 002399 1776 001396 3114 002604 1538 001444 0000 000000
1517554833.165652:  1814 001814 0234 000234 2967 002967 1759 001759 3137 003137 1534 001534 0000 000000
1517554833.226372:  1814 001290 0234 000266 2967 002398 1759 001395 3137 002616 1534 001450 0000 000000
1517554833.226479:  1814 001290 0234 000266 2967 002398 1759 001395 3137 002616 1534 001450 0000 000000
1517554833.288072:  1814 000136 0234 065499 2967 000070 1759 065386 3137 065516 1534 064806 0000 065518
1517554833.348603:  1814 001312 0234 000266 2967 002397 1759 001395 3137 002628 1534 001452 0000 000000
1517554833.348674:  1814 001312 0234 000266 2967 002397 1759 001395 3137 002628 1534 001452 0000 000000
1517554833.410323:  1861 001861 0233 000233 2969 002969 1742 001742 3160 003160 1530 001530 0000 000000
1517554833.471106:  1861 001335 0233 000266 2969 002396 1742 001394 3160 002639 1530 001461 0000 000000
1517554833.471198:  1861 001335 0233 000266 2969 002396 1742 001394 3160 002639 1530 001461 0000 000000
1517554833.532828:  1861 000136 0233 065499 2969 000070 1742 065366 3160 065516 1530 064796 0000 065518
1517554833.593627:  1861 001358 0233 000266 2969 002395 1742 001395 3160 002651 1530 001467 0000 000000
1517554833.593679:  1861 001358 0233 000266 2969 002395 1742 001395 3160 002651 1530 001467 0000 000000
1517554833.655269:  1908 001908 0232 000232 2970 002970 1725 001725 3183 003183 1526 001526 0000 000000
1517554833.716047:  1908 001382 0232 000266 2970 002395 1725 001394 3183 002662 1526 001473 0000 000000
1517554833.716121:  1908 001382 0232 000266 2970 002395 1725 001394 3183 002662 1526 001473 0000 000000
1517554833.777759:  1908 000136 0232 065499 2970 000070 1725 065356 3183 065516 1526 064786 0000 065518
1517554833.838466:  1908 001402 0232 000266 2970 002393 1725 001394 3183 002675 1526 001481 0000 000000
1517554833.838534:  1908 001402 0232 000266 2970 002393 1725 001394 3183 002675 1526 001481 0000 000000
1517554833.900158:  1955 001955 0232 000232 2970 002970 1708 001708 3206 003206 1522 001522 0000 000000
1517554833.960960:  1955 001428 0232 000265 2970 002394 1708 001393 3206 002682 1522 001480 0000 000000
1517554833.961063:  1955 001428 0232 000265 2970 002394 1708 001393 3206 002682 1522 001480 0000 000000
1517554834.022694:  1955 000136 0232 065475 2970 000070 1708 065336 3206 065516 1522 064766 0000 065518
1517554834.083417:  1955 001452 0232 000266 2970 002394 1708 001395 3206 002698 1522 001489 0000 000000
1517554834.083458:  1955 001452 0232 000266 2970 002394 1708 001395 3206 002698 1522 001489 0000 000000
1517554834.144957:  2002 002002 0232 000232 2970 002970 1691 001691 3229 003229 1518 001518 0000 000000
1517554834.205737:  2002 001476 0232 000266 2970 002394 1691 001395 3229 002705 1518 001491 0000 000000
1517554834.205796:  2002 001476 0232 000266 2970 002394 1691 001395 3229 002705 1518 001491 0000 000000
1517554834.267374:  2002 000136 0232 065499 2970 000070 1691 065316 3229 065516 1518 064746 0000 065518
1517554834.318324:  2002 001500 0232 000266 2970 002393 1691 001395 3229 002719 1518 001501 0000 000000
1517554834.318414:  2002 001500 0232 000266 2970 002393 1691 001395 3229 002719 1518 001501 0000 000000
1517554834.380016:  2049 002049 0233 000233 2969 002969 1675 001675 3252 003252 1515 001515 0000 000000
1517554834.440824:  2049 001522 0233 000266 2969 002392 1675 001395 3252 002730 1515 001506 0000 000000
1517554834.440901:  2049 001522 0233 000266 2969 002392 1675 001395 3252 002730 1515 001506 0000 000000
1517554834.502879:  2049 000136 0233 065499 2969 000070 1675 065306 3252 065516 1515 064736 0000 065518
1517554834.563740:  2049 001546 0233 000266 2969 002392 1675 001395 3252 002742 1515 001512 0000 000000
1517554834.563808:  2049 001546 0233 000266 2969 002392 1675 001395 3252 002742 1515 001512 0000 000000
1517554834.625723:  2097 002097 0234 000234 2968 002968 1658 001658 3275 003275 1512 001512 0000 000000
1517554834.686592:  2097 001570 0234 000266 2968 002391 1658 001395 3275 002754 1512 001517 0000 000000
1517554834.686669:  2097 001570 0234 000266 2968 002391 1658 001395 3275 002754 1512 001517 0000 000000
1517554834.748740:  2097 000136 0234 065499 2968 000070 1658 065286 3275 065516 1512 064736 0000 065518
1517554834.808208:  2097 001595 0234 000266 2968 002390 1658 001395 3275 002765 1512 001523 0000 000000
1517554834.808266:  2097 001595 0234 000266 2968 002390 1658 001395 3275 002765 1512 001523 0000 000000
1517554834.871498:  2144 002144 0235 000235 2966 002966 1642 001642 3298 003298 1508 001508 0000 000000
1517554834.932146:  2144 001620 0235 000266 2966 002390 1642 001394 3298 002776 1508 001528 0000 000000
1517554834.932212:  2144 001620 0235 000266 2966 002390 1642 001394 3298 002776 1508 001528 0000 000000
1517554834.993875:  2144 000136 0235 065499 2966 000070 1642 065276 3298 065516 1508 064736 0000 065518
1517554835.054441:  2144 001643 0235 000266 2966 002389 1642 001394 3298 002787 1508 001534 0000 000000
1517554835.054514:  2144 001643 0235 000266 2966 002389 1642 001394 3298 002787 1508 001534 0000 000000
1517554835.116254:  2191 002191 0236 000236 2963 002963 1626 001626 3321 003321 1506 001506 0000 000000
1517554835.176882:  2191 001670 0236 000266 2963 002389 1626 001395 3321 002797 1506 001540 0000 000000
1517554835.176949:  2191 001670 0236 000266 2963 002389 1626 001395 3321 002797 1506 001540 0000 000000
1517554835.238727:  2191 000136 0236 065511 2963 000070 1626 065256 3321 065506 1506 064736 0000 065518
1517554835.299304:  2191 001693 0236 000266 2963 002388 1626 001395 3321 002808 1506 001545 0000 000000
1517554835.299357:  2191 001693 0236 000266 2963 002388 1626 001395 3321 002808 1506 001545 0000 000000
1517554835.358798:  2238 002238 0238 000238 2960 002960 1611 001611 3344 003344 1503 001503 0000 000000
1517554835.419563:  2238 001717 0238 000266 2960 002388 1611 001395 3344 002821 1503 001551 0000 000000
1517554835.419652:  2238 001717 0238 000266 2960 002388 1611 001395 3344 002821 1503 001551 0000 000000
1517554835.481327:  2238 000136 0238 065511 2960 000070 1611 065236 3344 065506 1503 064736 0000 065518
1517554835.542146:  2238 001741 0238 000266 2960 002387 1611 001395 3344 002833 1503 001556 0000 000000
1517554835.542197:  2238 001741 0238 000266 2960 002387 1611 001395 3344 002833 1503 001556 0000 000000
1517554835.603704:  2285 002285 0240 000240 2956 002956 1595 001595 3367 003367 1500 001500 0000 000000
1517554835.664539:  2285 001764 0240 000266 2956 002387 1595 001395 3367 002844 1500 001562 0000 000000
1517554835.664614:  2285 001764 0240 000266 2956 002387 1595 001395 3367 002844 1500 001562 0000 000000
1517554835.726298:  2285 000136 0240 065511 2956 000060 1595 065226 3367 065516 1500 064736 0000 065518
1517554835.787109:  2285 001788 0240 000283 2956 002386 1595 001394 3367 002856 1500 001568 0000 000000
1517554835.787244:  2285 001788 0240 000283 2956 002386 1595 001394 3367 002856 1500 001568 0000 000000
1517554835.848570:  2332 002332 0242 000242 2951 002951 1580 001580 3389 003389 1498 001498 0000 000000
1517554835.909318:  2332 001813 0242 000266 2951 002385 1580 001395 3389 002869 1498 001573 0000 000000
1517554835.909377:  2332 001813 0242 000266 2951 002385 1580 001395 3389 002869 1498 001573 0000 000000
1517554835.971018:  2332 000136 0242 065511 2951 000060 1580 065206 3389 065516 1498 064736 0000 065518
1517554836.031739:  2332 001835 0242 000266 2951 002383 1580 001394 3389 002880 1498 001580 0000 000000
1517554836.031812:  2332 001835 0242 000266 2951 002383 1580 001394 3389 002880 1498 001580 0000 000000
1517554836.093430:  2378 002378 0244 000244 2946 002946 1565 001565 3412 003412 1496 001496 0000 000000
1517554836.154221:  2378 001857 0244 000266 2946 002383 1565 001395 3412 002891 1496 001585 0000 000000
1517554836.154278:  2378 001857 0244 000266 2946 002383 1565 001395 3412 002891 1496 001585 0000 000000
1517554836.215832:  2378 000136 0244 065511 2946 000060 1565 065196 3412 065516 1496 064736 0000 065518
1517554836.276736:  2378 001882 0244 000266 2946 002382 1565 001394 3412 002903 1496 001591 0000 000000
1517554836.276825:  2378 001882 0244 000266 2946 002382 1565 001394 3412 002903 1496 001591 0000 000000
1517554836.328389:  2423 002423 0247 000247 2940 002940 1550 001550 3434 003434 1494 001494 0000 000000
1517554836.389122:  2423 001902 0247 000266 2940 002381 1550 001395 3434 002913 1494 001596 0000 000000
1517554836.389214:  2423 001902 0247 000266 2940 002381 1550 001395 3434 002913 1494 001596 0000 000000
