1517293628.294691:  0000 001751 0000 002281 0000 001229 0000 002127 0000 001756 0000 001036 0000 000000
1517293628.895396:  0000 065460 0000 065535 0000 065403 0000 065446 0000 065376 0000 064815 0000 065518
1517293628.996179:  0000 001750 0000 002277 0000 001212 0000 002123 0000 001777 0000 001035 0000 000000
1517293628.996258:  0000 001750 0000 002277 0000 001212 0000 002123 0000 001777 0000 001035 0000 000000
1517293629.097871:  1741 001741 2281 002281 1226 001226 2131 002131 1752 001752 1037 001037 0000 000000
1517293629.198674:  1741 001741 2281 002278 1226 001150 2131 002105 1752 001836 1037 001057 0000 000000
1517293629.198731:  1741 001741 2281 002278 1226 001150 2131 002105 1752 001836 1037 001057 0000 000000
1517293629.294684:  1741 065460 2281 065535 1226 065493 2131 065476 1752 065486 1037 064785 0000 065518
1517293629.395494:  1741 001732 2281 002283 1226 001113 2131 002095 1752 001887 1037 001076 0000 000000
1517293629.395550:  1741 001732 2281 002283 1226 001113 2131 002095 1752 001887 1037 001076 0000 000000
1517293629.497076:  1721 001721 2283 002283 1220 001220 2141 002141 1745 001745 1039 001039 0000 000000
1517293629.597817:  1721 001723 2283 002287 1220 001082 2141 002086 1745 001923 1039 001103 0000 000000
1517293629.597873:  1721 001723 2283 002287 1220 001082 2141 002086 1745 001923 1039 001103 0000 000000
1517293629.699366:  1721 065460 2283 065535 1220 000007 2141 065506 1745 000030 1039 064745 0000 065518
1517293629.794684:  1721 001714 2283 002291 1220 001064 2141 002079 1745 001941 1039 001118 0000 000000
1517293629.794741:  1721 001714 2283 002291 1220 001064 2141 002079 1745 001941 1039 001118 0000 000000
1517293629.896534:  1701 001701 2285 002285 1214 001214 2150 002150 1738 001738 1041 001041 0000 000000
1517293629.997363:  1701 001705 2285 002295 1214 001051 2150 002076 1738 001950 1041 001126 0000 000000
1517293629.997419:  1701 001705 2285 002295 1214 001051 2150 002076 1738 001950 1041 001126 0000 000000
1517293630.099308:  1701 065460 2285 065523 1214 000027 2150 065526 1738 000050 1041 064736 0000 065518
1517293630.200218:  1701 001695 2285 002298 1214 001040 2150 002073 1738 001952 1041 001132 0000 000000
1517293630.200314:  1701 001695 2285 002298 1214 001040 2150 002073 1738 001952 1041 001132 0000 000000
1517293630.294668:  1681 001681 2286 002286 1208 001208 2160 002160 1730 001730 1043 001043 0000 000000
1517293630.395610:  1681 001685 2286 002302 1208 001034 2160 002075 1730 001953 1043 001134 0000 000000
1517293630.395664:  1681 001685 2286 002302 1208 001034 2160 002075 1730 001953 1043 001134 0000 000000
1517293630.497379:  1681 065460 2286 065523 1208 000037 2160 000000 1730 000060 1043 064736 0000 065518
1517293630.598272:  1681 001672 2286 002304 1208 001027 2160 002073 1730 001949 1043 001133 0000 000000
1517293630.598352:  1681 001672 2286 002304 1208 001027 2160 002073 1730 001949 1043 001133 0000 000000
1517293630.700230:  1662 001662 2288 002288 1201 001201 2169 002169 1722 001722 1044 001044 0000 000000
1517293630.794671:  1662 001659 2288 002306 1201 001020 2169 002072 1722 001945 1044 001132 0000 000000
1517293630.794738:  1662 001659 2288 002306 1201 001020 2169 002072 1722 001945 1044 001132 0000 000000
1517293630.896504:  1662 065460 2288 065523 1201 000037 2169 000000 1722 000060 1044 064736 0000 065518
1517293630.997299:  1662 001648 2288 002309 1201 001016 2169 002073 1722 001943 1044 001132 0000 000000
1517293630.997354:  1662 001648 2288 002309 1201 001016 2169 002073 1722 001943 1044 001132 0000 000000
1517293631.099024:  1642 001642 2291 002291 1193 001193 2178 002178 1714 001714 1046 001046 0000 000000
1517293631.199791:  1642 001636 2291 002311 1193 001012 2178 002073 1714 001940 1046 001129 0000 000000
1517293631.199858:  1642 001636 2291 002311 1193 001012 2178 002073 1714 001940 1046 001129 0000 000000
1517293631.294667:  1642 065460 2291 065511 1193 000047 2178 000010 1714 000060 1046 064736 0000 065518
1517293631.395522:  1642 001625 2291 002314 1193 001008 2178 002075 1714 001937 1046 001130 0000 000000
1517293631.395603:  1642 001625 2291 002314 1193 001008 2178 002075 1714 001937 1046 001130 0000 000000
1517293631.497309:  1623 001623 2293 002293 1185 001185 2187 002187 1705 001705 1048 001048 0000 000000
1517293631.598194:  1623 001614 2293 002315 1185 001003 2187 002074 1705 001931 1048 001128 0000 000000
1517293631.598282:  1623 001614 2293 002315 1185 001003 2187 002074 1705 001931 1048 001128 0000 000000
1517293631.700214:  1623 065460 2293 065511 1185 000047 2187 000020 1705 000060 1048 064745 0000 065518
1517293631.794632:  1623 001602 2293 002317 1185 000997 2187 002072 1705 001923 1048 001122 0000 000000
1517293631.794685:  1623 001602 2293 002317 1185 000997 2187 002072 1705 001923 1048 001122 0000 000000
1517293631.896256:  1604 001604 2295 002295 1177 001177 2195 002195 1696 001696 1049 001049 0000 000000
1517293631.997051:  1604 001591 2295 002319 1177 000994 2195 002074 1696 001916 1049 001120 0000 000000
1517293631.997118:  1604 001591 2295 002319 1177 000994 2195 002074 1696 001916 1049 001120 0000 000000
1517293632.098885:  1604 065460 2295 065511 1177 000047 2195 000030 1696 000060 1049 064755 0000 065518
1517293632.199713:  1604 001580 2295 002320 1177 000989 2195 002072 1696 001910 1049 001113 0000 000000
1517293632.199769:  1604 001580 2295 002320 1177 000989 2195 002072 1696 001910 1049 001113 0000 000000
1517293632.294631:  1585 001585 2298 002298 1168 001168 2204 002204 1687 001687 1051 001051 0000 000000
1517293632.395274:  1585 001570 2298 002322 1168 000985 2204 002073 1687 001908 1051 001116 0000 000000
1517293632.395350:  1585 001570 2298 002322 1168 000985 2204 002073 1687 001908 1051 001116 0000 000000
1517293632.496987:  1585 065472 2298 065511 1168 000047 2204 000040 1687 000060 1051 064745 0000 065518
1517293632.597651:  1585 001557 2298 002324 1168 000980 2204 002073 1687 001904 1051 001116 0000 000000
1517293632.597726:  1585 001557 2298 002324 1168 000980 2204 002073 1687 001904 1051 001116 0000 000000
1517293632.699386:  1566 001566 2301 002301 1158 001158 2213 002213 1678 001678 1052 001052 0000 000000
1517293632.794664:  1566 001548 2301 002326 1158 000976 2213 002073 1678 001901 1052 001106 0000 000000
1517293632.794737:  1566 001548 2301 002326 1158 000976 2213 002073 1678 001901 1052 001106 0000 000000
1517293632.896608:  1566 065472 2301 065511 1158 000037 2213 000050 1678 000060 1052 064765 0000 065518
1517293632.997434:  1566 001536 2301 002328 1158 000971 2213 002076 1678 001898 1052 001112 0000 000000
1517293632.997487:  1566 001536 2301 002328 1158 000971 2213 002076 1678 001898 1052 001112 0000 000000
1517293633.099145:  1547 001547 2304 002304 1148 001148 2221 002221 1668 001668 1053 001053 0000 000000
1517293633.200016:  1547 001528 2304 002330 1148 000971 2221 002089 1668 001894 1053 001102 0000 000000
1517293633.200112:  1547 001528 2304 002330 1148 000971 2221 002089 1668 001894 1053 001102 0000 000000
1517293633.294682:  1547 065472 2304 065511 1148 000037 2221 000040 1668 000060 1053 064775 0000 065518
1517293633.395546:  1547 001522 2304 002331 1148 000962 2221 002092 1668 001885 1053 001106 0000 000000
1517293633.395617:  1547 001522 2304 002331 1148 000962 2221 002092 1668 001885 1053 001106 0000 000000
1517293633.497221:  1528 001528 2307 002307 1138 001138 2229 002229 1658 001658 1054 001054 0000 000000
1517293633.598031:  1528 001515 2307 002332 1138 000957 2229 002097 1658 001876 1054 001100 0000 000000
1517293633.598140:  1528 001515 2307 002332 1138 000957 2229 002097 1658 001876 1054 001100 0000 000000
1517293633.699701:  1528 065460 2307 065511 1138 000037 2229 000040 1658 000060 1054 064785 0000 065518
1517293633.794681:  1528 001508 2307 002335 1138 000954 2229 002105 1658 001872 1054 001091 0000 000000
1517293633.794753:  1528 001508 2307 002335 1138 000954 2229 002105 1658 001872 1054 001091 0000 000000
1517293633.896274:  1510 001510 2310 002310 1127 001127 2238 002238 1647 001647 1056 001056 0000 000000
1517293633.997111:  1510 001500 2310 002337 1127 000949 2238 002112 1647 001868 1056 001096 0000 000000
1517293633.997199:  1510 001500 2310 002337 1127 000949 2238 002112 1647 001868 1056 001096 0000 000000
1517293634.098824:  1510 065460 2310 065511 1127 000037 2238 000030 1647 000060 1056 064785 0000 065518
1517293634.199706:  1510 001491 2310 002339 1127 000942 2238 002115 1647 001863 1056 001087 0000 000000
1517293634.199765:  1510 001491 2310 002339 1127 000942 2238 002115 1647 001863 1056 001087 0000 000000
1517293634.294648:  1491 001491 2313 002313 1116 001116 2246 002246 1636 001636 1057 001057 0000 000000
1517293634.395451:  1491 001483 2313 002341 1116 000937 2246 002119 1636 001857 1057 001090 0000 000000
1517293634.395523:  1491 001483 2313 002341 1116 000937 2246 002119 1636 001857 1057 001090 0000 000000
1517293634.497013:  1491 065460 2313 065511 1116 000037 2246 000030 1636 000060 1057 064785 0000 065518
1517293634.597775:  1491 001475 2313 002342 1116 000933 2246 002123 1636 001852 1057 001086 0000 000000
1517293634.597847:  1491 001475 2313 002342 1116 000933 2246 002123 1636 001852 1057 001086 0000 000000
1517293634.699454:  1473 001473 2317 002317 1104 001104 2254 002254 1625 001625 1058 001058 0000 000000
1517293634.794667:  1473 001467 2317 002345 1104 000928 2254 002129 1625 001848 1058 001078 0000 000000
1517293634.794773:  1473 001467 2317 002345 1104 000928 2254 002129 1625 001848 1058 001078 0000 000000
1517293634.896778:  1473 065460 2317 065511 1104 000037 2254 000030 1625 000060 1058 064795 0000 065518
1517293634.997680:  1473 001458 2317 002346 1104 000924 2254 002135 1625 001843 1058 001081 0000 000000
1517293634.997747:  1473 001458 2317 002346 1104 000924 2254 002135 1625 001843 1058 001081 0000 000000
1517293635.099282:  1455 001455 2321 002321 1092 001092 2262 002262 1614 001614 1059 001059 0000 000000
1517293635.200192:  1455 001449 2321 002347 1092 000919 2262 002139 1614 001838 1059 001073 0000 000000
1517293635.200269:  1455 001449 2321 002347 1092 000919 2262 002139 1614 001838 1059 001073 0000 000000
1517293635.294680:  1455 065460 2321 065511 1092 000027 2262 000030 1614 000060 1059 064805 0000 065518
1517293635.395675:  1455 001440 2321 002349 1092 000914 2262 002143 1614 001831 1059 001077 0000 000000
1517293635.395771:  1455 001440 2321 002349 1092 000914 2262 002143 1614 001831 1059 001077 0000 000000
1517293635.497519:  1437 001437 2325 002325 1079 001079 2270 002270 1602 001602 1060 001060 0000 000000
1517293635.598354:  1437 001430 2325 002351 1079 000907 2270 002147 1602 001828 1060 001073 0000 000000
1517293635.598441:  1437 001430 2325 002351 1079 000907 2270 002147 1602 001828 1060 001073 0000 000000
1517293635.699830:  1437 065460 2325 065511 1079 000037 2270 000030 1602 000060 1060 064805 0000 065518
1517293635.794663:  1437 001421 2325 002353 1079 000901 2270 002152 1602 001822 1060 001065 0000 000000
1517293635.794754:  1437 001421 2325 002353 1079 000901 2270 002152 1602 001822 1060 001065 0000 000000
1517293635.896482:  1419 001419 2329 002329 1066 001066 2278 002278 1590 001590 1061 001061 0000 000000
1517293635.997280:  1419 001412 2329 002354 1066 000895 2278 002157 1590 001815 1061 001066 0000 000000
1517293635.997373:  1419 001412 2329 002354 1066 000895 2278 002157 1590 001815 1061 001066 0000 000000
1517293636.099054:  1419 065460 2329 065511 1066 000027 2278 000030 1590 000060 1061 064815 0000 065518
1517293636.199840:  1419 001402 2329 002356 1066 000889 2278 002161 1590 001805 1061 001060 0000 000000
1517293636.199907:  1419 001402 2329 002356 1066 000889 2278 002161 1590 001805 1061 001060 0000 000000
1517293636.294666:  1401 001401 2333 002333 1053 001053 2286 002286 1577 001577 1062 001062 0000 000000
1517293636.395559:  1401 001393 2333 002358 1053 000883 2286 002166 1577 001796 1062 001063 0000 000000
1517293636.395595:  1401 001393 2333 002358 1053 000883 2286 002166 1577 001796 1062 001063 0000 000000
1517293636.497056:  1401 065460 2333 065511 1053 000027 2286 000030 1577 000060 1062 064815 0000 065518
1517293636.597957:  1401 001384 2333 002359 1053 000877 2286 002169 1577 001791 1062 001052 0000 000000
1517293636.598045:  1401 001384 2333 002359 1053 000877 2286 002169 1577 001791 1062 001052 0000 000000
1517293636.699669:  1384 001384 2337 002337 1039 001039 2293 002293 1565 001565 1063 001063 0000 000000
1517293636.794672:  1384 001374 2337 002361 1039 000869 2293 002174 1565 001786 1063 001050 0000 000000
1517293636.794738:  1384 001374 2337 002361 1039 000869 2293 002174 1565 001786 1063 001050 0000 000000
1517293636.896252:  1384 065460 2337 065511 1039 000027 2293 000030 1565 000060 1063 064825 0000 065518
1517293636.997111:  1384 001366 2337 002363 1039 000867 2293 002176 1565 001782 1063 001047 0000 000000
1517293636.997187:  1384 001366 2337 002363 1039 000867 2293 002176 1565 001782 1063 001047 0000 000000
1517293637.098997:  1366 001366 2342 002342 1024 001024 2301 002301 1552 001552 1064 001064 0000 000000
1517293637.199844:  1366 001357 2342 002364 1024 000857 2301 002182 1552 001777 1064 001044 0000 000000
1517293637.199917:  1366 001357 2342 002364 1024 000857 2301 002182 1552 001777 1064 001044 0000 000000
1517293637.294669:  1366 065460 2342 065511 1024 000027 2301 000030 1552 000060 1064 064835 0000 065518
1517293637.395502:  1366 001349 2342 002366 1024 000848 2301 002185 1552 001771 1064 001047 0000 000000
1517293637.395555:  1366 001349 2342 002366 1024 000848 2301 002185 1552 001771 1064 001047 0000 000000
1517293637.497259:  1349 001349 2347 002347 1009 001009 2309 002309 1538 001538 1065 001065 0000 000000
1517293637.598032:  1349 001337 2347 002368 1009 000840 2309 002189 1538 001762 1065 001038 0000 000000
1517293637.598089:  1349 001337 2347 002368 1009 000840 2309 002189 1538 001762 1065 001038 0000 000000
1517293637.700026:  1349 065460 2347 065523 1009 000027 2309 000030 1538 000060 1065 064845 0000 065518
1517293637.794677:  1349 001329 2347 002370 1009 000833 2309 002192 1538 001755 1065 001034 0000 000000
1517293637.794749:  1349 001329 2347 002370 1009 000833 2309 002192 1538 001755 1065 001034 0000 000000
1517293637.896399:  1332 001332 2352 002352 0994 000994 2317 002317 1525 001525 1067 001067 0000 000000
1517293637.997159:  1332 001318 2352 002372 0994 000825 2317 002196 1525 001746 1067 001029 0000 000000
1517293637.997246:  1332 001318 2352 002372 0994 000825 2317 002196 1525 001746 1067 001029 0000 000000
1517293638.098859:  1332 065460 2352 065523 0994 000027 2317 000030 1525 000060 1067 064855 0000 065518
1517293638.199716:  1332 001308 2352 002374 0994 000818 2317 002199 1525 001738 1067 001025 0000 000000
1517293638.199767:  1332 001308 2352 002374 0994 000818 2317 002199 1525 001738 1067 001025 0000 000000
1517293638.294680:  1315 001315 2357 002357 0978 000978 2325 002325 1511 001511 1068 001068 0000 000000
1517293638.395533:  1315 001298 2357 002377 0978 000813 2325 002203 1511 001732 1068 001026 0000 000000
1517293638.395574:  1315 001298 2357 002377 0978 000813 2325 002203 1511 001732 1068 001026 0000 000000
1517293638.497048:  1315 065472 2357 065523 0978 000027 2325 000030 1511 000060 1068 064865 0000 065518
1517293638.597882:  1315 001285 2357 002380 0978 000806 2325 002209 1511 001725 1068 001018 0000 000000
1517293638.597937:  1315 001285 2357 002380 0978 000806 2325 002209 1511 001725 1068 001018 0000 000000
1517293638.699667:  1298 001298 2363 002363 0962 000962 2333 002333 1496 001496 1070 001070 0000 000000
1517293638.794675:  1298 001279 2363 002382 0962 000799 2333 002213 1496 001720 1070 001014 0000 000000
1517293638.794764:  1298 001279 2363 002382 0962 000799 2333 002213 1496 001720 1070 001014 0000 000000
