1517293591.038188:  0000 001740 0000 002284 0000 001231 0000 002137 0000 001741 0000 001024 0000 000000
1517293591.638933:  1740 001740 2284 002284 1230 001230 2137 002137 1741 001741 1024 001024 0000 000000
1517293591.739741:  1740 001736 2284 002285 1230 001209 2137 002138 1741 001757 1024 001026 0000 000000
1517293591.739819:  1740 001736 2284 002285 1230 001209 2137 002138 1741 001757 1024 001026 0000 000000
1517293591.841369:  1740 065460 2284 065535 1230 065453 2137 065446 1741 065426 1024 064815 0000 065518
1517293591.942203:  1740 001717 2284 002290 1230 001152 2137 002140 1741 001821 1024 001042 0000 000000
1517293591.942257:  1740 001717 2284 002290 1230 001152 2137 002140 1741 001821 1024 001042 0000 000000
1517293592.038195:  1706 001706 2286 002286 1221 001221 2152 002152 1729 001729 1027 001027 0000 000000
1517293592.138967:  1706 001695 2286 002294 1221 001112 2152 002137 1729 001867 1027 001064 0000 000000
1517293592.139083:  1706 001695 2286 002294 1221 001112 2152 002137 1729 001867 1027 001064 0000 000000
1517293592.240741:  1706 065460 2286 065523 1221 065523 2152 065466 1729 000000 1027 064775 0000 065518
1517293592.341562:  1706 001677 2286 002300 1221 001081 2152 002130 1729 001902 1027 001084 0000 000000
1517293592.341657:  1706 001677 2286 002300 1221 001081 2152 002130 1729 001902 1027 001084 0000 000000
1517293592.443510:  1674 001674 2289 002289 1210 001210 2168 002168 1716 001716 1030 001030 0000 000000
1517293592.538198:  1674 001654 2289 002303 1210 001062 2168 002123 1716 001917 1030 001098 0000 000000
1517293592.538252:  1674 001654 2289 002303 1210 001062 2168 002123 1716 001917 1030 001098 0000 000000
1517293592.639970:  1674 065472 2289 065523 1210 000007 2168 065496 1716 000050 1030 064745 0000 065518
1517293592.740792:  1674 001636 2289 002308 1210 001045 2168 002119 1716 001925 1030 001112 0000 000000
1517293592.740870:  1674 001636 2289 002308 1210 001045 2168 002119 1716 001925 1030 001112 0000 000000
1517293592.842467:  1641 001641 2293 002293 1198 001198 2183 002183 1702 001702 1033 001033 0000 000000
1517293592.943414:  1641 001622 2293 002311 1198 001035 2183 002116 1702 001919 1033 001106 0000 000000
1517293592.943468:  1641 001622 2293 002311 1198 001035 2183 002116 1702 001919 1033 001106 0000 000000
1517293593.038174:  1641 065472 2293 065523 1198 000027 2183 065516 1702 000060 1033 064745 0000 065518
1517293593.139003:  1641 001607 2293 002315 1198 001027 2183 002117 1702 001916 1033 001110 0000 000000
1517293593.139082:  1641 001607 2293 002315 1198 001027 2183 002117 1702 001916 1033 001110 0000 000000
1517293593.240812:  1609 001609 2297 002297 1184 001184 2198 002198 1688 001688 1036 001036 0000 000000
1517293593.341636:  1609 001590 2297 002318 1184 001014 2198 002114 1688 001911 1036 001109 0000 000000
1517293593.341720:  1609 001590 2297 002318 1184 001014 2198 002114 1688 001911 1036 001109 0000 000000
1517293593.443568:  1609 065460 2297 065511 1184 000027 2198 000000 1688 000060 1036 064745 0000 065518
1517293593.538192:  1609 001576 2297 002320 1184 001006 2198 002114 1688 001905 1036 001106 0000 000000
1517293593.538266:  1609 001576 2297 002320 1184 001006 2198 002114 1688 001905 1036 001106 0000 000000
1517293593.639987:  1577 001577 2301 002301 1169 001169 2213 002213 1673 001673 1038 001038 0000 000000
1517293593.740859:  1577 001558 2301 002322 1169 000999 2213 002115 1673 001898 1038 001104 0000 000000
1517293593.740945:  1577 001558 2301 002322 1169 000999 2213 002115 1673 001898 1038 001104 0000 000000
1517293593.842525:  1577 065472 2301 065511 1169 000027 2213 000010 1673 000060 1038 064755 0000 065518
1517293593.943342:  1577 001542 2301 002324 1169 000993 2213 002115 1673 001886 1038 001098 0000 000000
1517293593.943397:  1577 001542 2301 002324 1169 000993 2213 002115 1673 001886 1038 001098 0000 000000
1517293594.038191:  1546 001546 2306 002306 1153 001153 2227 002227 1657 001657 1040 001040 0000 000000
1517293594.139037:  1546 001526 2306 002326 1153 000983 2227 002113 1657 001945 1040 001093 0000 000000
1517293594.139107:  1546 001526 2306 002326 1153 000983 2227 002113 1657 001945 1040 001093 0000 000000
1517293594.240816:  1546 065472 2306 065511 1153 000027 2227 000030 1657 000060 1040 064736 0000 065518
1517293594.341715:  1546 001511 2306 002329 1153 000974 2227 002112 1657 001865 1040 001087 0000 000000
1517293594.341791:  1546 001511 2306 002329 1153 000974 2227 002112 1657 001865 1040 001087 0000 000000
1517293594.443445:  1515 001515 2311 002311 1135 001135 2241 002241 1640 001640 1042 001042 0000 000000
1517293594.538197:  1515 001496 2311 002332 1135 000968 2241 002115 1640 001861 1042 001087 0000 000000
1517293594.538262:  1515 001496 2311 002332 1135 000968 2241 002115 1640 001861 1042 001087 0000 000000
1517293594.640000:  1515 065472 2311 065511 1135 000027 2241 000040 1640 000060 1042 064775 0000 065518
1517293594.740812:  1515 001481 2311 002335 1135 000961 2241 002114 1640 001853 1042 001082 0000 000000
1517293594.740885:  1515 001481 2311 002335 1135 000961 2241 002114 1640 001853 1042 001082 0000 000000
1517293594.842622:  1484 001484 2317 002317 1116 001116 2254 002254 1622 001622 1044 001044 0000 000000
1517293594.943397:  1484 001466 2317 002338 1116 000953 2254 002115 1622 001846 1044 001081 0000 000000
1517293594.943460:  1484 001466 2317 002338 1116 000953 2254 002115 1622 001846 1044 001081 0000 000000
1517293595.038195:  1484 065472 2317 065523 1116 000017 2254 000050 1622 000060 1044 064815 0000 065518
1517293595.138958:  1484 001450 2317 002273 1116 000944 2254 002119 1622 001838 1044 001075 0000 000000
1517293595.139035:  1484 001450 2317 002273 1116 000944 2254 002119 1622 001838 1044 001075 0000 000000
1517293595.240753:  1454 001454 2323 002323 1096 001096 2268 002268 1603 001603 1046 001046 0000 000000
1517293595.341641:  1454 001435 2323 002343 1096 000935 2268 002126 1603 001826 1046 001069 0000 000000
1517293595.341693:  1454 001435 2323 002343 1096 000935 2268 002126 1603 001826 1046 001069 0000 000000
1517293595.443467:  1454 065472 2323 065511 1096 000017 2268 000050 1603 000060 1046 064795 0000 065518
1517293595.538210:  1454 001420 2323 002278 1096 000927 2268 002136 1603 001815 1046 001067 0000 000000
1517293595.538267:  1454 001420 2323 002278 1096 000927 2268 002136 1603 001815 1046 001067 0000 000000
1517293595.639846:  1424 001424 2329 002329 1075 001075 2281 002281 1583 001583 1048 001048 0000 000000
1517293595.740693:  1424 001406 2329 002350 1075 000916 2281 002145 1583 001804 1048 001059 0000 000000
1517293595.740748:  1424 001406 2329 002350 1075 000916 2281 002145 1583 001804 1048 001059 0000 000000
1517293595.842591:  1424 065472 2329 065523 1075 000017 2281 000040 1583 000060 1048 064805 0000 065518
1517293595.943386:  1424 001391 2329 002353 1075 000907 2281 002154 1583 001791 1048 001057 0000 000000
1517293595.943478:  1424 001391 2329 002353 1075 000907 2281 002154 1583 001791 1048 001057 0000 000000
1517293596.038198:  1394 001394 2337 002337 1052 001052 2295 002295 1562 001562 1050 001050 0000 000000
1517293596.138992:  1394 001375 2337 002356 1052 000899 2295 002164 1562 001785 1050 001049 0000 000000
1517293596.139067:  1394 001375 2337 002356 1052 000899 2295 002164 1562 001785 1050 001049 0000 000000
1517293596.240755:  1394 065472 2337 065523 1052 000007 2295 000040 1562 000060 1050 064815 0000 065518
1517293596.341542:  1394 001361 2337 002360 1052 000886 2295 002172 1562 001777 1050 001045 0000 000000
1517293596.341596:  1394 001361 2337 002360 1052 000886 2295 002172 1562 001777 1050 001045 0000 000000
1517293596.443130:  1365 001365 2344 002344 1028 001028 2308 002308 1541 001541 1052 001052 0000 000000
1517293596.538208:  1365 001347 2344 002363 1028 000874 2308 002181 1541 001766 1052 001046 0000 000000
1517293596.538282:  1365 001347 2344 002363 1028 000874 2308 002181 1541 001766 1052 001046 0000 000000
1517293596.639909:  1365 065472 2344 065523 1028 000007 2308 000040 1541 000070 1052 064825 0000 065518
1517293596.740694:  1365 001332 2344 002366 1028 000862 2308 002187 1541 001754 1052 001035 0000 000000
1517293596.740746:  1365 001332 2344 002366 1028 000862 2308 002187 1541 001754 1052 001035 0000 000000
1517293596.842489:  1336 001336 2352 002352 1003 001003 2322 002322 1519 001519 1055 001055 0000 000000
1517293596.943231:  1336 001319 2352 002370 1003 000850 2322 002195 1519 001743 1055 001035 0000 000000
1517293596.943295:  1336 001319 2352 002370 1003 000850 2322 002195 1519 001743 1055 001035 0000 000000
1517293597.038191:  1336 065460 2352 065523 1003 000007 2322 000040 1519 000070 1055 064835 0000 065518
1517293597.138969:  1336 001307 2352 002373 1003 000839 2322 002202 1519 001732 1055 001025 0000 000000
1517293597.139025:  1336 001307 2352 002373 1003 000839 2322 002202 1519 001732 1055 001025 0000 000000
1517293597.240737:  1308 001308 2361 002361 0977 000977 2335 002335 1495 001495 1057 001057 0000 000000
1517293597.341412:  1308 001292 2361 002376 0977 000825 2335 002209 1495 001720 1057 001020 0000 000000
1517293597.341517:  1308 001292 2361 002376 0977 000825 2335 002209 1495 001720 1057 001020 0000 000000
1517293597.443237:  1308 065472 2361 065523 0977 000007 2335 000030 1495 000060 1057 064845 0000 065518
1517293597.538210:  1308 001273 2361 002380 0977 000814 2335 002218 1495 001707 1057 001019 0000 000000
1517293597.538267:  1308 001273 2361 002380 0977 000814 2335 002218 1495 001707 1057 001019 0000 000000
1517293597.639900:  1280 001280 2370 002370 0949 000949 2349 002349 1471 001471 1060 001060 0000 000000
1517293597.740801:  1280 001261 2370 002383 0949 000803 2349 002224 1471 001696 1060 001007 0000 000000
1517293597.740889:  1280 001261 2370 002383 0949 000803 2349 002224 1471 001696 1060 001007 0000 000000
1517293597.842601:  1280 065472 2370 065523 0949 065533 2349 000030 1471 000070 1060 064865 0000 065518
1517293597.943434:  1280 001247 2370 002386 0949 000792 2349 002231 1471 001688 1060 001008 0000 000000
1517293597.943515:  1280 001247 2370 002386 0949 000792 2349 002231 1471 001688 1060 001008 0000 000000
1517293598.038235:  1253 001253 2380 002380 0921 000921 2364 002364 1446 001446 1064 001064 0000 000000
1517293598.138988:  1253 001234 2380 002391 0921 000780 2364 002237 1446 001678 1064 000998 0000 000000
1517293598.139074:  1253 001234 2380 002391 0921 000780 2364 002237 1446 001678 1064 000998 0000 000000
1517293598.240775:  1253 065472 2380 065535 0921 065533 2364 000040 1446 000080 1064 064885 0000 065518
1517293598.341505:  1253 001221 2380 002396 0921 000767 2364 002244 1446 001664 1064 000993 0000 000000
1517293598.341565:  1253 001221 2380 002396 0921 000767 2364 002244 1446 001664 1064 000993 0000 000000
1517293598.443340:  1226 001226 2391 002391 0891 000891 2380 002380 1420 001420 1069 001069 0000 000000
1517293598.538188:  1226 001207 2391 002401 0891 000752 2380 002252 1420 001648 1069 000992 0000 000000
1517293598.538266:  1226 001207 2391 002401 0891 000752 2380 002252 1420 001648 1069 000992 0000 000000
1517293598.639940:  1226 065472 2391 065535 0891 065533 2380 000040 1420 000070 1069 064895 0000 065518
1517293598.740800:  1226 001194 2391 002406 0891 000736 2380 002257 1420 001634 1069 000980 0000 000000
1517293598.740883:  1226 001194 2391 002406 0891 000736 2380 002257 1420 001634 1069 000980 0000 000000
1517293598.842707:  1200 001200 2402 002402 0860 000860 2397 002397 1393 001393 1075 001075 0000 000000
1517293598.943441:  1200 001181 2402 002411 0860 000721 2397 002268 1393 001620 1075 000978 0000 000000
1517293598.943516:  1200 001181 2402 002411 0860 000721 2397 002268 1393 001620 1075 000978 0000 000000
1517293599.038193:  1200 065472 2402 065535 0860 065533 2397 000040 1393 000070 1075 064915 0000 065518
1517293599.138970:  1200 001166 2402 002416 0860 000707 2397 002276 1393 001608 1075 000964 0000 000000
1517293599.139062:  1200 001166 2402 002416 0860 000707 2397 002276 1393 001608 1075 000964 0000 000000
1517293599.240777:  1174 001174 2414 002414 0828 000828 2417 002417 1366 001366 1084 001084 0000 000000
1517293599.341619:  1174 001152 2414 002421 0828 000689 2417 002283 1366 001594 1084 000960 0000 000000
1517293599.341674:  1174 001152 2414 002421 0828 000689 2417 002283 1366 001594 1084 000960 0000 000000
1517293599.443341:  1174 065472 2414 065535 0828 065533 2417 000050 1366 000070 1084 064945 0000 065518
1517293599.538161:  1174 001140 2414 002426 0828 000671 2417 002291 1366 001580 1084 000958 0000 000000
1517293599.538222:  1174 001140 2414 002426 0828 000671 2417 002291 1366 001580 1084 000958 0000 000000
1517293599.640197:  1148 001148 2426 002426 0795 000795 2440 002440 1337 001337 1095 001095 0000 000000
1517293599.740935:  1148 001128 2426 002430 0795 000657 2440 002301 1337 001567 1095 000949 0000 000000
1517293599.741008:  1148 001128 2426 002430 0795 000657 2440 002301 1337 001567 1095 000949 0000 000000
1517293599.842528:  1148 065472 2426 065535 0795 065523 2440 000050 1337 000070 1095 064965 0000 065518
1517293599.943259:  1148 001115 2426 002435 0795 000641 2440 002310 1337 001554 1095 000944 0000 000000
1517293599.943329:  1148 001115 2426 002435 0795 000641 2440 002310 1337 001554 1095 000944 0000 000000
1517293600.038191:  1123 001123 2440 002440 0761 000761 2470 002470 1308 001308 1113 001113 0000 000000
1517293600.139036:  1123 001102 2440 002441 0761 000623 2470 002320 1308 001538 1113 000931 0000 000000
1517293600.139094:  1123 001102 2440 002441 0761 000623 2470 002320 1308 001538 1113 000931 0000 000000
1517293600.242253:  1123 065472 2440 065535 0761 065523 2470 000070 1308 000070 1113 065005 0000 065518
1517293600.343131:  1123 001088 2440 002446 0761 000605 2470 002332 1308 001524 1113 000928 0000 000000
1517293600.343199:  1123 001088 2440 002446 0761 000605 2470 002332 1308 001524 1113 000928 0000 000000
1517293600.444851:  1099 001099 2454 002454 0726 000726 2512 002512 1278 001278 1142 001142 0000 000000
1517293600.538191:  1099 001077 2454 002451 0726 000588 2512 002346 1278 001509 1142 000923 0000 000000
1517293600.538264:  1099 001077 2454 002451 0726 000588 2512 002346 1278 001509 1142 000923 0000 000000
1517293600.639968:  1099 065472 2454 065535 0726 065523 2512 000090 1278 000070 1142 065055 0000 065518
1517293600.740797:  1099 001066 2454 002456 0726 000572 2512 002362 1278 001492 1142 000914 0000 000000
1517293600.740891:  1099 001066 2454 002456 0726 000572 2512 002362 1278 001492 1142 000914 0000 000000
1517293600.842746:  1075 001075 2469 002469 0690 000690 2584 002584 1248 001248 1195 001195 0000 000000
1517293600.943593:  1075 001052 2469 002461 0690 000555 2584 002383 1248 001480 1195 000907 0000 000000
1517293600.943669:  1075 001052 2469 002461 0690 000555 2584 002383 1248 001480 1195 000907 0000 000000
1517293601.038191:  1075 065472 2469 000011 0690 065523 2584 000160 1248 000070 1195 065155 0000 065518
1517293601.138934:  1075 001041 2469 002467 0690 000538 2584 002408 1248 001465 1195 000896 0000 000000
1517293601.139003:  1075 001041 2469 002467 0690 000538 2584 002408 1248 001465 1195 000896 0000 000000
1517293601.240595:  1051 001051 2484 002484 0653 000653 2745 002745 1218 001218 1326 001326 0000 000000
1517293601.341394:  1051 001028 2484 002474 0653 000520 2745 002444 1218 001448 1326 000893 0000 000000
1517293601.341494:  1051 001028 2484 002474 0653 000520 2745 002444 1218 001448 1326 000893 0000 000000
1517293601.443100:  1051 065472 2484 000011 0653 065523 2745 000380 1218 000070 1326 065415 0000 065518
1517293601.538202:  1051 001016 2484 002480 0653 000502 2745 002490 1218 001432 1326 000885 0000 000000
1517293601.538290:  1051 001016 2484 002480 0653 000502 2745 002490 1218 001432 1326 000885 0000 000000
