1517296000.295279:  0000 001764 0000 000335 0000 003267 0000 002490 0000 003613 0000 001953 0000 000000
1517296000.850971:  1764 001764 0334 000334 3267 003267 2490 002490 3613 003613 1953 001953 0000 000000
1517296000.906766:  1764 001761 0334 000330 3267 003265 2490 002489 3613 003616 1953 001947 0000 000000
1517296000.906844:  1764 001761 0334 000330 3267 003265 2490 002489 3613 003616 1953 001947 0000 000000
1517296000.963517:  1764 065472 0334 000083 3267 065393 2490 065456 3613 065386 1953 064736 0000 065518
1517296001.019307:  1764 001761 0334 000343 3267 003226 2490 002490 3613 003651 1953 001949 0000 000000
1517296001.019361:  1764 001761 0334 000343 3267 003226 2490 002490 3613 003651 1953 001949 0000 000000
1517296001.075979:  1771 001771 0357 000357 3218 003218 2486 002486 3600 003600 1950 001950 0000 000000
1517296001.131857:  1771 001761 0357 000357 3218 003185 2486 002489 3600 003684 1950 001959 0000 000000
1517296001.131934:  1771 001761 0357 000357 3218 003185 2486 002489 3600 003684 1950 001959 0000 000000
1517296001.188774:  1771 065484 0357 000071 3218 065413 2486 065456 3600 065466 1950 064736 0000 065518
1517296001.244546:  1771 001760 0357 000368 3218 003146 2486 002490 3600 003714 1950 001980 0000 000000
1517296001.244629:  1771 001760 0357 000368 3218 003146 2486 002490 3600 003714 1950 001980 0000 000000
1517296001.295236:  1777 001777 0380 000380 3167 003167 2483 002483 3587 003587 1948 001948 0000 000000
1517296001.351030:  1777 001760 0380 000381 3167 003112 2483 002490 3587 003738 1948 001984 0000 000000
1517296001.351087:  1777 001760 0380 000381 3167 003112 2483 002490 3587 003738 1948 001984 0000 000000
1517296001.407661:  1777 065496 0380 000071 3167 065433 2483 065456 3587 065526 1948 064736 0000 065518
1517296001.463470:  1777 001760 0380 000393 3167 003077 2483 002489 3587 003758 1948 002004 0000 000000
1517296001.463556:  1777 001760 0380 000393 3167 003077 2483 002489 3587 003758 1948 002004 0000 000000
1517296001.520277:  1783 001783 0404 000404 3115 003115 2480 002480 3572 003572 1946 001946 0000 000000
1517296001.576094:  1783 001762 0404 000407 3115 003044 2480 002490 3572 003772 1946 002009 0000 000000
1517296001.576165:  1783 001762 0404 000407 3115 003044 2480 002490 3572 003772 1946 002009 0000 000000
1517296001.632960:  1783 065496 0404 000071 3115 065453 2480 065436 3572 000040 1946 064736 0000 065518
1517296001.688835:  1783 001766 0404 000418 3115 003013 2480 002489 3572 003781 1946 002019 0000 000000
1517296001.688930:  1783 001766 0404 000418 3115 003013 2480 002489 3572 003781 1946 002019 0000 000000
1517296001.745791:  1789 001789 0427 000427 3062 003062 2477 002477 3557 003557 1943 001943 0000 000000
1517296001.795205:  1789 001770 0427 000429 3062 002982 2477 002489 3557 003784 1943 002028 0000 000000
1517296001.795289:  1789 001770 0427 000429 3062 002982 2477 002489 3557 003784 1943 002028 0000 000000
1517296001.851987:  1789 065496 0427 000071 3062 065463 2477 065446 3557 000060 1943 064736 0000 065518
1517296001.907738:  1789 001773 0427 000441 3062 002954 2477 002486 3557 003783 1943 002028 0000 000000
1517296001.907805:  1789 001773 0427 000441 3062 002954 2477 002486 3557 003783 1943 002028 0000 000000
1517296001.964287:  1794 001794 0450 000450 3007 003007 2474 002474 3540 003540 1941 001941 0000 000000
1517296002.019971:  1794 001777 0450 000453 3007 002925 2474 002479 3540 003781 1941 002032 0000 000000
1517296002.020061:  1794 001777 0450 000453 3007 002925 2474 002479 3540 003781 1941 002032 0000 000000
1517296002.076644:  1794 065484 0450 000071 3007 065453 2474 065456 3540 000070 1941 064736 0000 065518
1517296002.132379:  1794 001780 0450 000464 3007 002897 2474 002474 3540 003776 1941 002024 0000 000000
1517296002.132430:  1794 001780 0450 000464 3007 002897 2474 002474 3540 003776 1941 002024 0000 000000
1517296002.188917:  1799 001799 0474 000474 2951 002951 2471 002471 3522 003522 1938 001938 0000 000000
1517296002.244635:  1799 001784 0474 000476 2951 002869 2471 002470 3522 003770 1938 002031 0000 000000
1517296002.244688:  1799 001784 0474 000476 2951 002869 2471 002470 3522 003770 1938 002031 0000 000000
1517296002.295257:  1799 065484 0474 000071 2951 065453 2471 065456 3522 000080 1938 064736 0000 065518
1517296002.351112:  1799 001787 0474 000486 2951 002842 2471 002465 3522 003762 1938 002022 0000 000000
1517296002.351219:  1799 001787 0474 000486 2951 002842 2471 002465 3522 003762 1938 002022 0000 000000
1517296002.407778:  1804 001804 0498 000498 2894 002894 2469 002469 3503 003503 1935 001935 0000 000000
1517296002.463576:  1804 001790 0498 000499 2894 002812 2469 002461 3503 003752 1935 002027 0000 000000
1517296002.463645:  1804 001790 0498 000499 2894 002812 2469 002461 3503 003752 1935 002027 0000 000000
1517296002.520125:  1804 065484 0498 000071 2894 065453 2469 065456 3503 000080 1935 064736 0000 065518
1517296002.575857:  1804 001794 0498 000511 2894 002783 2469 002457 3503 003743 1935 002017 0000 000000
1517296002.575924:  1804 001794 0498 000511 2894 002783 2469 002457 3503 003743 1935 002017 0000 000000
1517296002.632484:  1808 001808 0522 000522 2835 002835 2466 002466 3483 003483 1933 001933 0000 000000
1517296002.688234:  1808 001796 0522 000522 2835 002754 2466 002452 3483 003735 1933 002014 0000 000000
1517296002.688302:  1808 001796 0522 000522 2835 002754 2466 002452 3483 003735 1933 002014 0000 000000
1517296002.744815:  1808 065484 0522 000071 2835 065453 2466 065466 3483 000080 1933 064736 0000 065518
1517296002.795230:  1808 001801 0522 000535 2835 002725 2466 002449 3483 003725 1933 002014 0000 000000
1517296002.795302:  1808 001801 0522 000535 2835 002725 2466 002449 3483 003725 1933 002014 0000 000000
1517296002.851873:  1812 001812 0546 000546 2775 002775 2463 002463 3462 003462 1930 001930 0000 000000
1517296002.907596:  1812 001803 0546 000546 2775 002696 2463 002445 3462 003716 1930 002002 0000 000000
1517296002.907671:  1812 001803 0546 000546 2775 002696 2463 002445 3462 003716 1930 002002 0000 000000
1517296002.964243:  1812 065484 0546 000071 2775 065453 2463 065466 3462 000090 1930 064736 0000 065518
1517296003.020041:  1812 001804 0546 000558 2775 002668 2463 002442 3462 003707 1930 002005 0000 000000
1517296003.020116:  1812 001804 0546 000558 2775 002668 2463 002442 3462 003707 1930 002005 0000 000000
1517296003.076890:  1816 001816 0571 000571 2714 002714 2460 002460 3440 003440 1927 001927 0000 000000
1517296003.132718:  1816 001805 0571 000570 2714 002638 2460 002439 3440 003694 1927 001993 0000 000000
1517296003.132793:  1816 001805 0571 000570 2714 002638 2460 002439 3440 003694 1927 001993 0000 000000
1517296003.189413:  1816 065484 0571 000071 2714 065453 2460 065476 3440 000080 1927 064736 0000 065518
1517296003.245185:  1816 001805 0571 000582 2714 002607 2460 002435 3440 003683 1927 001989 0000 000000
1517296003.245262:  1816 001805 0571 000582 2714 002607 2460 002435 3440 003683 1927 001989 0000 000000
1517296003.295265:  1820 001820 0596 000596 2652 002652 2458 002458 3418 003418 1923 001923 0000 000000
1517296003.350985:  1820 001805 0596 000594 2652 002580 2458 002433 3418 003671 1923 001982 0000 000000
1517296003.351059:  1820 001805 0596 000594 2652 002580 2458 002433 3418 003671 1923 001982 0000 000000
1517296003.407614:  1820 065484 0596 000071 2652 065443 2458 065476 3418 000080 1923 064736 0000 065518
1517296003.463317:  1820 001806 0596 000605 2652 002550 2458 002431 3418 003660 1923 001985 0000 000000
1517296003.463404:  1820 001806 0596 000605 2652 002550 2458 002431 3418 003660 1923 001985 0000 000000
1517296003.519905:  1824 001824 0621 000621 2588 002588 2455 002455 3394 003394 1920 001920 0000 000000
1517296003.575639:  1824 001806 0621 000618 2588 002518 2455 002429 3394 003647 1920 001973 0000 000000
1517296003.575732:  1824 001806 0621 000618 2588 002518 2455 002429 3394 003647 1920 001973 0000 000000
1517296003.632240:  1824 065484 0621 000083 2588 065443 2455 065456 3394 000090 1920 064736 0000 065518
1517296003.688069:  1824 001807 0621 000631 2588 002486 2455 002427 3394 003636 1920 001964 0000 000000
1517296003.688126:  1824 001807 0621 000631 2588 002486 2455 002427 3394 003636 1920 001964 0000 000000
1517296003.744756:  1827 001827 0647 000647 2524 002524 2452 002452 3369 003369 1917 001917 0000 000000
1517296003.795257:  1827 001799 0647 000643 2524 002456 2452 002426 3369 003624 1917 001967 0000 000000
1517296003.795324:  1827 001799 0647 000643 2524 002456 2452 002426 3369 003624 1917 001967 0000 000000
1517296003.851890:  1827 065496 0647 000083 2524 065443 2452 065476 3369 000090 1917 064736 0000 065518
1517296003.907657:  1827 001808 0647 000656 2524 002425 2452 002424 3369 003612 1917 001953 0000 000000
1517296003.907731:  1827 001808 0647 000656 2524 002425 2452 002424 3369 003612 1917 001953 0000 000000
1517296003.964262:  1830 001830 0672 000672 2458 002458 2449 002449 3344 003344 1913 001913 0000 000000
1517296004.020049:  1830 001809 0672 000669 2458 002392 2449 002423 3344 003599 1913 001955 0000 000000
1517296004.020124:  1830 001809 0672 000669 2458 002392 2449 002423 3344 003599 1913 001955 0000 000000
1517296004.076971:  1830 065496 0672 000083 2458 065433 2449 065476 3344 000090 1913 064736 0000 065518
1517296004.132762:  1830 001811 0672 000682 2458 002361 2449 002420 3344 003587 1913 001941 0000 000000
1517296004.132814:  1830 001811 0672 000682 2458 002361 2449 002420 3344 003587 1913 001941 0000 000000
1517296004.189772:  1833 001833 0699 000699 2392 002392 2446 002446 3317 003317 1909 001909 0000 000000
1517296004.245560:  1833 001812 0699 000695 2392 002327 2446 002417 3317 003575 1909 001937 0000 000000
1517296004.245624:  1833 001812 0699 000695 2392 002327 2446 002417 3317 003575 1909 001937 0000 000000
1517296004.295237:  1833 065496 0699 000083 2392 065433 2446 065476 3317 000090 1909 064736 0000 065518
1517296004.350958:  1833 001814 0699 000707 2392 002297 2446 002414 3317 003564 1909 001929 0000 000000
1517296004.351037:  1833 001814 0699 000707 2392 002297 2446 002414 3317 003564 1909 001929 0000 000000
1517296004.407795:  1836 001836 0725 000725 2324 002324 2443 002443 3290 003290 1905 001905 0000 000000
1517296004.463457:  1836 001816 0725 000720 2324 002263 2443 002412 3290 003550 1905 001927 0000 000000
1517296004.463554:  1836 001816 0725 000720 2324 002263 2443 002412 3290 003550 1905 001927 0000 000000
1517296004.520180:  1836 065496 0725 000083 2324 065433 2443 065476 3290 000090 1905 064736 0000 065518
1517296004.575944:  1836 001818 0725 000734 2324 002230 2443 002412 3290 003537 1905 001920 0000 000000
1517296004.576023:  1836 001818 0725 000734 2324 002230 2443 002412 3290 003537 1905 001920 0000 000000
1517296004.632767:  1839 001839 0752 000752 2255 002255 2440 002440 3261 003261 1901 001901 0000 000000
1517296004.688585:  1839 001820 0752 000746 2255 002197 2440 002409 3261 003523 1901 001911 0000 000000
1517296004.688660:  1839 001820 0752 000746 2255 002197 2440 002409 3261 003523 1901 001911 0000 000000
1517296004.745226:  1839 065496 0752 000083 2255 065433 2440 065486 3261 000090 1901 064736 0000 065518
1517296004.795230:  1839 001821 0752 000760 2255 002164 2440 002408 3261 003508 1901 001912 0000 000000
1517296004.795306:  1839 001821 0752 000760 2255 002164 2440 002408 3261 003508 1901 001912 0000 000000
1517296004.851801:  1842 001842 0780 000780 2186 002186 2437 002437 3232 003232 1897 001897 0000 000000
1517296004.907547:  1842 001823 0780 000773 2186 002131 2437 002406 3232 003494 1897 001898 0000 000000
1517296004.907604:  1842 001823 0780 000773 2186 002131 2437 002406 3232 003494 1897 001898 0000 000000
1517296004.964526:  1842 065484 0780 000083 2186 065423 2437 065486 3232 000090 1897 064736 0000 065518
1517296005.020346:  1842 001825 0780 000786 2186 002096 2437 002405 3232 003479 1897 001898 0000 000000
1517296005.020415:  1842 001825 0780 000786 2186 002096 2437 002405 3232 003479 1897 001898 0000 000000
1517296005.077397:  1844 001844 0807 000807 2115 002115 2433 002433 3202 003202 1893 001893 0000 000000
1517296005.133277:  1844 001827 0807 000800 2115 002061 2433 002404 3202 003464 1893 001887 0000 000000
1517296005.133370:  1844 001827 0807 000800 2115 002061 2433 002404 3202 003464 1893 001887 0000 000000
1517296005.190336:  1844 065484 0807 000083 2115 065423 2433 065476 3202 000100 1893 064746 0000 065518
1517296005.246218:  1844 001828 0807 000813 2115 002027 2433 002402 3202 003449 1893 001878 0000 000000
1517296005.246297:  1844 001828 0807 000813 2115 002027 2433 002402 3202 003449 1893 001878 0000 000000
1517296005.295256:  1847 001847 0836 000836 2044 002044 2430 002430 3171 003171 1888 001888 0000 000000
1517296005.351077:  1847 001831 0836 000826 2044 001994 2430 002401 3171 003434 1888 001869 0000 000000
1517296005.351182:  1847 001831 0836 000826 2044 001994 2430 002401 3171 003434 1888 001869 0000 000000
1517296005.407914:  1847 065484 0836 000083 2044 065423 2430 065476 3171 000100 1888 064756 0000 065518
1517296005.463808:  1847 001832 0836 000840 2044 001958 2430 002399 3171 003418 1888 001866 0000 000000
1517296005.463882:  1847 001832 0836 000840 2044 001958 2430 002399 3171 003418 1888 001866 0000 000000
1517296005.520871:  1849 001849 0865 000865 1972 001972 2426 002426 3139 003139 1884 001884 0000 000000
1517296005.576688:  1849 001835 0865 000855 1972 001923 2426 002398 3139 003402 1884 001862 0000 000000
1517296005.576764:  1849 001835 0865 000855 1972 001923 2426 002398 3139 003402 1884 001862 0000 000000
1517296005.633387:  1849 065484 0865 000083 1972 065423 2426 065476 3139 000100 1884 064766 0000 065518
1517296005.688968:  1849 001835 0865 000868 1972 001887 2426 002396 3139 003385 1884 001846 0000 000000
1517296005.689059:  1849 001835 0865 000868 1972 001887 2426 002396 3139 003385 1884 001846 0000 000000
1517296005.745806:  1851 001851 0894 000894 1899 001899 2422 002422 3106 003106 1879 001879 0000 000000
1517296005.795234:  1851 001834 0894 000882 1899 001852 2422 002395 3106 003369 1879 001846 0000 000000
1517296005.795292:  1851 001834 0894 000882 1899 001852 2422 002395 3106 003369 1879 001846 0000 000000
1517296005.851950:  1851 065484 0894 000095 1899 065413 2422 065476 3106 000100 1879 064776 0000 065518
1517296005.907754:  1851 001834 0894 000896 1899 001817 2422 002394 3106 003354 1879 001830 0000 000000
1517296005.907841:  1851 001834 0894 000896 1899 001817 2422 002394 3106 003354 1879 001830 0000 000000
1517296005.964461:  1854 001854 0924 000924 1825 001825 2418 002418 3072 003072 1874 001874 0000 000000
1517296006.020270:  1854 001834 0924 000911 1825 001780 2418 002392 3072 003339 1874 001831 0000 000000
1517296006.020349:  1854 001834 0924 000911 1825 001780 2418 002392 3072 003339 1874 001831 0000 000000
1517296006.076997:  1854 065496 0924 000095 1825 065413 2418 065476 3072 000100 1874 064776 0000 065518
1517296006.132733:  1854 001834 0924 000927 1825 001742 2418 002391 3072 003322 1874 001818 0000 000000
1517296006.132801:  1854 001834 0924 000927 1825 001742 2418 002391 3072 003322 1874 001818 0000 000000
1517296006.189524:  1856 001856 0954 000954 1751 001751 2414 002414 3037 003037 1868 001868 0000 000000
1517296006.245423:  1856 001835 0954 000943 1751 001704 2414 002390 3037 003306 1868 001806 0000 000000
1517296006.245502:  1856 001835 0954 000943 1751 001704 2414 002390 3037 003306 1868 001806 0000 000000
1517296006.295257:  1856 065496 0954 000095 1751 065413 2414 065476 3037 000100 1868 064786 0000 065518
1517296006.351146:  1856 001836 0954 000957 1751 001670 2414 002389 3037 003291 1868 001802 0000 000000
1517296006.351244:  1856 001836 0954 000957 1751 001670 2414 002389 3037 003291 1868 001802 0000 000000
