1517558704.543730:  0000 001342 0000 000143 0000 001621 0000 002148 0000 002896 0000 001597 0000 000000
1517558705.104376:  1342 001342 0179 000179 1620 001620 2148 002148 2896 002896 1597 001597 0000 000000
1517558705.165211:  1342 001333 0179 000137 1620 001608 2148 002147 2896 002874 1597 001596 0000 000000
1517558705.165301:  1342 001333 0179 000137 1620 001608 2148 002147 2896 002874 1597 001596 0000 000000
1517558705.226958:  1342 065120 0179 065211 1620 065106 2148 065036 2896 000420 1597 064736 0000 065518
1517558705.287723:  1342 001218 0179 000117 1620 001547 2148 002139 2896 002804 1597 001581 0000 000000
1517558705.287779:  1342 001218 0179 000117 1620 001547 2148 002139 2896 002804 1597 001581 0000 000000
1517558705.349327:  1342 001342 0180 000180 1695 001695 2162 002162 2956 002956 1577 001577 0000 000000
1517558705.410147:  1342 001124 0180 000102 1695 001483 2162 002110 2956 002740 1577 001557 0000 000000
1517558705.410223:  1342 001124 0180 000102 1695 001483 2162 002110 2956 002740 1577 001557 0000 000000
1517558705.471755:  1342 065336 0180 065247 1695 065306 2162 065126 2956 000210 1577 064756 0000 065518
1517558705.532505:  1342 001053 0180 000102 1695 001425 2162 002074 2956 002683 1577 001531 0000 000000
1517558705.532542:  1342 001053 0180 000102 1695 001425 2162 002074 2956 002683 1577 001531 0000 000000
1517558705.594311:  1342 001342 0182 000182 1768 001768 2175 002175 3017 003017 1558 001558 0000 000000
1517558705.655176:  1342 001006 0182 000103 1768 001383 2175 002037 3017 002639 1558 001502 0000 000000
1517558705.655277:  1342 001006 0182 000103 1768 001383 2175 002037 3017 002639 1558 001502 0000 000000
1517558705.716924:  1342 065456 0182 065259 1768 065476 2175 065196 3017 000070 1558 064786 0000 065518
1517558705.777743:  1342 000966 0182 000102 1768 001344 2175 002007 3017 002603 1558 001484 0000 000000
1517558705.777855:  1342 000966 0182 000102 1768 001344 2175 002007 3017 002603 1558 001484 0000 000000
1517558705.839481:  1342 001342 0185 000185 1841 001841 2188 002188 3079 003079 1540 001540 0000 000000
1517558705.900357:  1342 000941 0185 000102 1841 001322 2188 001973 3079 002593 1540 001468 0000 000000
1517558705.900438:  1342 000941 0185 000102 1841 001322 2188 001973 3079 002593 1540 001468 0000 000000
1517558705.962251:  1342 065528 0185 065259 1841 000050 2188 065266 3079 065526 1540 064806 0000 065518
1517558706.023134:  1342 000927 0185 000102 1841 001320 2188 001942 3079 002594 1540 001458 0000 000000
1517558706.023242:  1342 000927 0185 000102 1841 001320 2188 001942 3079 002594 1540 001458 0000 000000
1517558706.084020:  1342 001342 0188 000188 1913 001913 2199 002199 3141 003141 1522 001522 0000 000000
1517558706.144876:  1342 000915 0188 000101 1913 001312 2199 001913 3141 002610 1522 001454 0000 000000
1517558706.144952:  1342 000915 0188 000101 1913 001312 2199 001913 3141 002610 1522 001454 0000 000000
1517558706.206409:  1342 000016 0188 065259 1913 000130 2199 065336 3141 065486 1522 064786 0000 065518
1517558706.267159:  1342 000909 0188 000102 1913 001311 2199 001886 3141 002628 1522 001458 0000 000000
1517558706.267243:  1342 000909 0188 000102 1913 001311 2199 001886 3141 002628 1522 001458 0000 000000
1517558706.328773:  1342 001342 0193 000193 1984 001984 2209 002209 3203 003203 1505 001505 0000 000000
1517558706.389564:  1342 000905 0193 000102 1984 001314 2209 001861 3203 002651 1505 001465 0000 000000
1517558706.389633:  1342 000905 0193 000102 1984 001314 2209 001861 3203 002651 1505 001465 0000 000000
1517558706.451269:  1342 000016 0193 065271 1984 000200 2209 065396 3203 065466 1505 064766 0000 065518
1517558706.512023:  1342 000902 0193 000102 1984 001321 2209 001836 3203 002676 1505 001474 0000 000000
1517558706.512076:  1342 000902 0193 000102 1984 001321 2209 001836 3203 002676 1505 001474 0000 000000
1517558706.563851:  1342 001342 0199 000199 2054 002054 2219 002219 3265 003265 1489 001489 0000 000000
1517558706.624643:  1342 000902 0199 000102 2054 001333 2219 001817 3265 002699 1489 001482 0000 000000
1517558706.624699:  1342 000902 0199 000102 2054 001333 2219 001817 3265 002699 1489 001482 0000 000000
1517558706.686459:  1342 000028 0199 065283 2054 000250 2219 065446 3265 065456 1489 064736 0000 065518
1517558706.747225:  1342 000903 0199 000102 2054 001351 2219 001797 3265 002727 1489 001496 0000 000000
1517558706.747330:  1342 000903 0199 000102 2054 001351 2219 001797 3265 002727 1489 001496 0000 000000
1517558706.809171:  1342 001342 0205 000205 2124 002124 2227 002227 3327 003327 1473 001473 0000 000000
1517558706.869893:  1342 000902 0205 000102 2124 001375 2227 001779 3327 002754 1473 001508 0000 000000
1517558706.869967:  1342 000902 0205 000102 2124 001375 2227 001779 3327 002754 1473 001508 0000 000000
1517558706.931556:  1342 000028 0205 065283 2124 000270 2227 065486 3327 065456 1473 064736 0000 065518
1517558706.992262:  1342 000901 0205 000102 2124 001398 2227 001768 3327 002784 1473 001519 0000 000000
1517558706.992361:  1342 000901 0205 000102 2124 001398 2227 001768 3327 002784 1473 001519 0000 000000
1517558707.053785:  1342 001342 0213 000213 2192 002192 2235 002235 3389 003389 1457 001457 0000 000000
1517558707.114662:  1342 000902 0213 000102 2192 001426 2235 001764 3389 002813 1457 001534 0000 000000
1517558707.114829:  1342 000902 0213 000102 2192 001426 2235 001764 3389 002813 1457 001534 0000 000000
1517558707.176414:  1342 000028 0213 065295 2192 000280 2235 065526 3389 065446 1457 064736 0000 065518
1517558707.237177:  1342 000902 0213 000102 2192 001453 2235 001745 3389 002842 1457 001548 0000 000000
1517558707.237270:  1342 000902 0213 000102 2192 001453 2235 001745 3389 002842 1457 001548 0000 000000
1517558707.298846:  1342 001342 0221 000221 2260 002260 2243 002243 3451 003451 1442 001442 0000 000000
1517558707.359738:  1342 000902 0221 000102 2260 001483 2243 001733 3451 002871 1442 001562 0000 000000
1517558707.359816:  1342 000902 0221 000102 2260 001483 2243 001733 3451 002871 1442 001562 0000 000000
1517558707.421543:  1342 000028 0221 065307 2260 000290 2243 000010 3451 065446 1442 064736 0000 065518
1517558707.482281:  1342 000902 0221 000102 2260 001514 2243 001725 3451 002900 1442 001576 0000 000000
1517558707.482372:  1342 000902 0221 000102 2260 001514 2243 001725 3451 002900 1442 001576 0000 000000
1517558707.543692:  1342 001342 0231 000231 2327 002327 2249 002249 3513 003513 1427 001427 0000 000000
1517558707.604474:  1342 000902 0231 000102 2327 001544 2249 001721 3513 002929 1427 001589 0000 000000
1517558707.604551:  1342 000902 0231 000102 2327 001544 2249 001721 3513 002929 1427 001589 0000 000000
1517558707.666300:  1342 000016 0231 065319 2327 000290 2249 000030 3513 065446 1427 064736 0000 065518
1517558707.726987:  1342 000902 0231 000102 2327 001576 2249 001715 3513 002957 1427 001604 0000 000000
1517558707.727044:  1342 000902 0231 000102 2327 001576 2249 001715 3513 002957 1427 001604 0000 000000
1517558707.788673:  1342 001342 0242 000242 2392 002392 2255 002255 3574 003574 1413 001413 0000 000000
1517558707.849459:  1342 000903 0242 000102 2392 001607 2255 001711 3574 002989 1413 001619 0000 000000
1517558707.849536:  1342 000903 0242 000102 2392 001607 2255 001711 3574 002989 1413 001619 0000 000000
1517558707.911309:  1342 000028 0242 065331 2392 000300 2255 000040 3574 065446 1413 064736 0000 065518
1517558707.972174:  1342 000902 0242 000102 2392 001639 2255 001709 3574 003019 1413 001634 0000 000000
1517558707.972230:  1342 000902 0242 000102 2392 001639 2255 001709 3574 003019 1413 001634 0000 000000
1517558708.033793:  1342 001342 0254 000254 2457 002457 2261 002261 3635 003635 1398 001398 0000 000000
1517558708.094244:  1342 000902 0254 000102 2457 001672 2261 001707 3635 003050 1398 001649 0000 000000
1517558708.094301:  1342 000902 0254 000102 2457 001672 2261 001707 3635 003050 1398 001649 0000 000000
1517558708.156030:  1342 000028 0254 065343 2457 000310 2261 000050 3635 065436 1398 064736 0000 065518
1517558708.216730:  1342 000902 0254 000102 2457 001704 2261 001706 3635 003080 1398 001664 0000 000000
1517558708.216783:  1342 000902 0254 000102 2457 001704 2261 001706 3635 003080 1398 001664 0000 000000
1517558708.278347:  1342 001342 0268 000268 2521 002521 2265 002265 3695 003695 1384 001384 0000 000000
1517558708.339233:  1342 000903 0268 000102 2521 001736 2265 001705 3695 003110 1384 001678 0000 000000
1517558708.339338:  1342 000903 0268 000102 2521 001736 2265 001705 3695 003110 1384 001678 0000 000000
1517558708.401036:  1342 000028 0268 065367 2521 000300 2265 000060 3695 065446 1384 064736 0000 065518
1517558708.461785:  1342 000903 0268 000102 2521 001768 2265 001704 3695 003140 1384 001693 0000 000000
1517558708.461855:  1342 000903 0268 000102 2521 001768 2265 001704 3695 003140 1384 001693 0000 000000
1517558708.523518:  1342 001342 0283 000283 2583 002583 2270 002270 3754 003754 1370 001370 0000 000000
1517558708.583999:  1342 000902 0283 000102 2583 001797 2270 001703 3754 003174 1370 001707 0000 000000
1517558708.584067:  1342 000902 0283 000102 2583 001797 2270 001703 3754 003174 1370 001707 0000 000000
1517558708.645861:  1342 000016 0283 065379 2583 000300 2270 000060 3754 065446 1370 064736 0000 065518
1517558708.706718:  1342 000902 0283 000102 2583 001830 2270 001702 3754 003199 1370 001722 0000 000000
1517558708.706796:  1342 000902 0283 000102 2583 001830 2270 001702 3754 003199 1370 001722 0000 000000
1517558708.768462:  1342 001342 0299 000299 2644 002644 2273 002273 3812 003812 1355 001355 0000 000000
1517558708.829055:  1342 000902 0299 000101 2644 001860 2273 001698 3812 003222 1355 001736 0000 000000
1517558708.829108:  1342 000902 0299 000101 2644 001860 2273 001698 3812 003222 1355 001736 0000 000000
1517558708.890665:  1342 000016 0299 065403 2644 000300 2273 000070 3812 065446 1355 064736 0000 065518
1517558708.951306:  1342 000903 0299 000102 2644 001891 2273 001701 3812 003257 1355 001751 0000 000000
1517558708.951358:  1342 000903 0299 000102 2644 001891 2273 001701 3812 003257 1355 001751 0000 000000
1517558709.012849:  1342 001342 0318 000318 2705 002705 2276 002276 3869 003869 1341 001341 0000 000000
1517558709.063847:  1342 000903 0318 000102 2705 001921 2276 001701 3869 003286 1341 001765 0000 000000
1517558709.063881:  1342 000903 0318 000102 2705 001921 2276 001701 3869 003286 1341 001765 0000 000000
1517558709.125328:  1342 000016 0318 065427 2705 000300 2276 000070 3869 065446 1341 064736 0000 065518
1517558709.186092:  1342 000903 0318 000102 2705 001950 2276 001700 3869 003312 1341 001778 0000 000000
1517558709.186168:  1342 000903 0318 000102 2705 001950 2276 001700 3869 003312 1341 001778 0000 000000
1517558709.247567:  1342 001342 0337 000337 2763 002763 2278 002278 3925 003925 1327 001327 0000 000000
1517558709.308367:  1342 000903 0337 000102 2763 001979 2278 001699 3925 003340 1327 001792 0000 000000
1517558709.308423:  1342 000903 0337 000102 2763 001979 2278 001699 3925 003340 1327 001792 0000 000000
1517558709.369932:  1342 000016 0337 065451 2763 000290 2278 000080 3925 065446 1327 064736 0000 065518
1517558709.430632:  1342 000903 0337 000102 2763 002010 2278 001699 3925 003369 1327 001806 0000 000000
1517558709.430747:  1342 000903 0337 000102 2763 002010 2278 001699 3925 003369 1327 001806 0000 000000
1517558709.492233:  1342 001342 0359 000359 2821 002821 2280 002280 3979 003979 1313 001313 0000 000000
1517558709.543689:  1342 000903 0359 000102 2821 002041 2280 001700 3979 003399 1313 001820 0000 000000
1517558709.543774:  1342 000903 0359 000102 2821 002041 2280 001700 3979 003399 1313 001820 0000 000000
1517558709.605312:  1342 000028 0359 065487 2821 000290 2280 000080 3979 065446 1313 064736 0000 065518
1517558709.666063:  1342 000903 0359 000102 2821 002069 2280 001699 3979 003426 1313 001834 0000 000000
1517558709.666158:  1342 000903 0359 000102 2821 002069 2280 001699 3979 003426 1313 001834 0000 000000
1517558709.727868:  1342 001342 0383 000383 2877 002877 2281 002281 4031 004031 1298 001298 0000 000000
1517558709.788706:  1342 000903 0383 000101 2877 002099 2281 001699 4031 003454 1298 001847 0000 000000
1517558709.788801:  1342 000903 0383 000101 2877 002099 2281 001699 4031 003454 1298 001847 0000 000000
1517558709.850482:  1342 000016 0383 065511 2877 000290 2281 000080 4031 065456 1298 064736 0000 065518
1517558709.911238:  1342 000903 0383 000102 2877 002129 2281 001700 4031 003482 1298 001862 0000 000000
1517558709.911314:  1342 000903 0383 000102 2877 002129 2281 001700 4031 003482 1298 001862 0000 000000
1517558709.973058:  1342 001342 0408 000408 2932 002932 2281 002281 4079 004079 1283 001283 0000 000000
1517558710.033865:  1342 000902 0408 000102 2932 002159 2281 001700 4079 003510 1283 001875 0000 000000
1517558710.033915:  1342 000902 0408 000102 2932 002159 2281 001700 4079 003510 1283 001875 0000 000000
1517558710.094221:  1342 000016 0408 000011 2932 000280 2281 000080 4079 065486 1283 064736 0000 065518
1517558710.154920:  1342 000903 0408 000102 2932 002186 2281 001700 4079 003534 1283 001888 0000 000000
1517558710.154985:  1342 000903 0408 000102 2932 002186 2281 001700 4079 003534 1283 001888 0000 000000
1517558710.216580:  1342 001342 0436 000436 2986 002986 2281 002281 4079 004079 1269 001269 0000 000000
1517558710.277386:  1342 000903 0436 000102 2986 002215 2281 001700 4079 003554 1269 001900 0000 000000
1517558710.277476:  1342 000903 0436 000102 2986 002215 2281 001700 4079 003554 1269 001900 0000 000000
1517558710.339034:  1342 000016 0436 000047 2986 000280 2281 000080 4079 000000 1269 064736 0000 065518
1517558710.399839:  1342 000903 0436 000102 2986 002244 2281 001699 4079 003569 1269 001911 0000 000000
1517558710.399934:  1342 000903 0436 000102 2986 002244 2281 001699 4079 003569 1269 001911 0000 000000
1517558710.461706:  1342 001342 0467 000467 3038 003038 2280 002280 4079 004079 1253 001253 0000 000000
1517558710.522454:  1342 000902 0467 000102 3038 002272 2280 001701 4079 003579 1253 001919 0000 000000
1517558710.522548:  1342 000902 0467 000102 3038 002272 2280 001701 4079 003579 1253 001919 0000 000000
1517558710.584042:  1342 000028 0467 000083 3038 000270 2280 000080 4079 000010 1253 064736 0000 065518
1517558710.644851:  1342 000902 0467 000103 3038 002299 2280 001698 4079 003586 1253 001926 0000 000000
1517558710.644929:  1342 000902 0467 000103 3038 002299 2280 001698 4079 003586 1253 001926 0000 000000
1517558710.706646:  1342 001342 0499 000499 3089 003089 2278 002278 4079 004079 1238 001238 0000 000000
1517558710.767466:  1342 000902 0499 000110 3089 002324 2278 001699 4079 003591 1238 001931 0000 000000
1517558710.767541:  1342 000902 0499 000110 3089 002324 2278 001699 4079 003591 1238 001931 0000 000000
1517558710.829173:  1342 000028 0499 000107 3089 000270 2278 000070 4079 000020 1238 064736 0000 065518
1517558710.889918:  1342 000903 0499 000122 3089 002353 2278 001698 4079 003592 1238 001934 0000 000000
1517558710.889974:  1342 000903 0499 000122 3089 002353 2278 001698 4079 003592 1238 001934 0000 000000
1517558710.951467:  1342 001342 0535 000535 3138 003138 2275 002275 4079 004079 1222 001222 0000 000000
1517558711.012238:  1342 000903 0535 000132 3138 002380 2275 001698 4079 003593 1222 001936 0000 000000
1517558711.012310:  1342 000903 0535 000132 3138 002380 2275 001698 4079 003593 1222 001936 0000 000000
1517558711.063815:  1342 000016 0535 000119 3138 000260 2275 000070 4079 000020 1222 064736 0000 065518
1517558711.124559:  1342 000902 0535 000143 3138 002405 2275 001698 4079 003595 1222 001937 0000 000000
1517558711.124635:  1342 000902 0535 000143 3138 002405 2275 001698 4079 003595 1222 001937 0000 000000
