1517294087.025892:  0000 001758 0000 000285 0000 003269 0000 002460 0000 003598 0000 001937 0000 000000
1517294087.586652:  1758 001758 0284 000284 3269 003269 2460 002460 3598 003598 1937 001937 0000 000000
1517294087.647550:  1758 001756 0284 000275 3269 003275 2460 002461 3598 003611 1937 001945 0000 000000
1517294087.647641:  1758 001756 0284 000275 3269 003275 2460 002461 3598 003611 1937 001945 0000 000000
1517294087.709230:  1758 065460 0284 000023 3269 065393 2460 065446 3598 065406 1937 064815 0000 065518
1517294087.769990:  1758 001751 0284 000277 3269 003234 2460 002462 3598 003646 1937 001947 0000 000000
1517294087.770067:  1758 001751 0284 000277 3269 003234 2460 002462 3598 003646 1937 001947 0000 000000
1517294087.831648:  1765 001765 0308 000308 3222 003222 2456 002456 3589 003589 1934 001934 0000 000000
1517294087.892405:  1765 001747 0308 000281 3222 003189 2456 002462 3589 003679 1934 001957 0000 000000
1517294087.892472:  1765 001747 0308 000281 3222 003189 2456 002462 3589 003679 1934 001957 0000 000000
1517294087.954202:  1765 065484 0308 000035 3222 065423 2456 065446 3589 065476 1934 064785 0000 065518
1517294088.015027:  1765 001743 0308 000302 3222 003151 2456 002462 3589 003708 1934 001971 0000 000000
1517294088.015114:  1765 001743 0308 000302 3222 003151 2456 002462 3589 003708 1934 001971 0000 000000
1517294088.076384:  1772 001772 0331 000331 3174 003174 2453 002453 3579 003579 1932 001932 0000 000000
1517294088.137117:  1772 001741 0331 000290 3174 003114 2453 002460 3579 003732 1932 001987 0000 000000
1517294088.137170:  1772 001741 0331 000290 3174 003114 2453 002460 3579 003732 1932 001987 0000 000000
1517294088.198870:  1772 065496 0331 000047 3174 065453 2453 065446 3579 000000 1932 064765 0000 065518
1517294088.259622:  1772 001741 0331 000295 3174 003081 2453 002451 3579 003751 1932 001997 0000 000000
1517294088.259694:  1772 001741 0331 000295 3174 003081 2453 002451 3579 003751 1932 001997 0000 000000
1517294088.321391:  1778 001778 0354 000354 3124 003124 2450 002450 3568 003568 1930 001930 0000 000000
1517294088.382147:  1778 001742 0354 000303 3124 003050 2450 002442 3568 003763 1930 002010 0000 000000
1517294088.382224:  1778 001742 0354 000303 3124 003050 2450 002442 3568 003763 1930 002010 0000 000000
1517294088.443943:  1778 065508 0354 000059 3124 065463 2450 065456 3568 000040 1930 064736 0000 065518
1517294088.504787:  1778 001743 0354 000310 3124 003020 2450 002432 3568 003770 1930 002019 0000 000000
1517294088.504866:  1778 001743 0354 000310 3124 003020 2450 002432 3568 003770 1930 002019 0000 000000
1517294088.566251:  1784 001784 0377 000377 3073 003073 2447 002447 3556 003556 1927 001927 0000 000000
1517294088.626974:  1784 001747 0377 000319 3073 002989 2447 002426 3556 003772 1927 002020 0000 000000
1517294088.627059:  1784 001747 0377 000319 3073 002989 2447 002426 3556 003772 1927 002020 0000 000000
1517294088.688418:  1784 065496 0377 000071 3073 065473 2447 065466 3556 000060 1927 064736 0000 065518
1517294088.749065:  1784 001751 0377 000329 3073 002962 2447 002419 3556 003772 1927 002019 0000 000000
1517294088.749151:  1784 001751 0377 000329 3073 002962 2447 002419 3556 003772 1927 002019 0000 000000
1517294088.810751:  1790 001790 0401 000401 3020 003020 2444 002444 3542 003542 1925 001925 0000 000000
1517294088.871571:  1790 001755 0401 000338 3020 002934 2444 002411 3542 003770 1925 002019 0000 000000
1517294088.871622:  1790 001755 0401 000338 3020 002934 2444 002411 3542 003770 1925 002019 0000 000000
1517294088.933155:  1790 065496 0401 000083 3020 065473 2444 065476 3542 000070 1925 064736 0000 065518
1517294088.993950:  1790 001758 0401 000349 3020 002907 2444 002406 3542 003766 1925 002021 0000 000000
1517294088.994017:  1790 001758 0401 000349 3020 002907 2444 002406 3542 003766 1925 002021 0000 000000
1517294089.046028:  1795 001795 0425 000425 2966 002966 2441 002441 3527 003527 1922 001922 0000 000000
1517294089.106811:  1795 001761 0425 000359 2966 002884 2441 002402 3527 003761 1922 002024 0000 000000
1517294089.106865:  1795 001761 0425 000359 2966 002884 2441 002402 3527 003761 1922 002024 0000 000000
1517294089.168488:  1795 065496 0425 000083 2966 065463 2441 065486 3527 000070 1922 064736 0000 065518
1517294089.229308:  1795 001765 0425 000371 2966 002856 2441 002397 3527 003755 1922 002018 0000 000000
1517294089.229372:  1795 001765 0425 000371 2966 002856 2441 002397 3527 003755 1922 002018 0000 000000
1517294089.290927:  1800 001800 0449 000449 2911 002911 2438 002438 3511 003511 1919 001919 0000 000000
1517294089.351710:  1800 001770 0449 000382 2911 002829 2438 002393 3511 003747 1919 002014 0000 000000
1517294089.351812:  1800 001770 0449 000382 2911 002829 2438 002393 3511 003747 1919 002014 0000 000000
1517294089.413416:  1800 065496 0449 000083 2911 065463 2438 065486 3511 000080 1919 064736 0000 065518
1517294089.474222:  1800 001773 0449 000395 2911 002803 2438 002389 3511 003739 1919 002012 0000 000000
1517294089.474274:  1800 001773 0449 000395 2911 002803 2438 002389 3511 003739 1919 002012 0000 000000
1517294089.525923:  1805 001805 0473 000473 2854 002854 2435 002435 3494 003494 1917 001917 0000 000000
1517294089.586623:  1805 001776 0473 000406 2854 002776 2435 002384 3494 003731 1917 002009 0000 000000
1517294089.586709:  1805 001776 0473 000406 2854 002776 2435 002384 3494 003731 1917 002009 0000 000000
1517294089.648323:  1805 065496 0473 000083 2854 065463 2435 065496 3494 000080 1917 064736 0000 065518
1517294089.709123:  1805 001787 0473 000418 2854 002749 2435 002381 3494 003722 1917 002006 0000 000000
1517294089.709177:  1805 001787 0473 000418 2854 002749 2435 002381 3494 003722 1917 002006 0000 000000
1517294089.770657:  1810 001810 0497 000497 2796 002796 2432 002432 3476 003476 1914 001914 0000 000000
1517294089.831442:  1810 001782 0497 000430 2796 002720 2432 002378 3476 003714 1914 001999 0000 000000
1517294089.831528:  1810 001782 0497 000430 2796 002720 2432 002378 3476 003714 1914 001999 0000 000000
1517294089.893119:  1810 065484 0497 000083 2796 065463 2432 065496 3476 000080 1914 064736 0000 065518
1517294089.953897:  1810 001785 0497 000442 2796 002691 2432 002376 3476 003705 1914 001996 0000 000000
1517294089.953971:  1810 001785 0497 000442 2796 002691 2432 002376 3476 003705 1914 001996 0000 000000
1517294090.015702:  1814 001814 0522 000522 2736 002736 2429 002429 3457 003457 1910 001910 0000 000000
1517294090.076428:  1814 001788 0522 000455 2736 002663 2429 002373 3457 003695 1910 001994 0000 000000
1517294090.076518:  1814 001788 0522 000455 2736 002663 2429 002373 3457 003695 1910 001994 0000 000000
1517294090.138100:  1814 065484 0522 000083 2736 065453 2429 065496 3457 000080 1910 064736 0000 065518
1517294090.198829:  1814 001790 0522 000467 2736 002632 2429 002370 3457 003686 1910 001994 0000 000000
1517294090.198926:  1814 001790 0522 000467 2736 002632 2429 002370 3457 003686 1910 001994 0000 000000
1517294090.260549:  1818 001818 0547 000547 2676 002676 2427 002427 3437 003437 1907 001907 0000 000000
1517294090.321317:  1818 001792 0547 000480 2676 002603 2427 002368 3437 003677 1907 001990 0000 000000
1517294090.321406:  1818 001792 0547 000480 2676 002603 2427 002368 3437 003677 1907 001990 0000 000000
1517294090.382873:  1818 065484 0547 000083 2676 065453 2427 065496 3437 000080 1907 064736 0000 065518
1517294090.443628:  1818 001794 0547 000492 2676 002573 2427 002366 3437 003666 1907 001981 0000 000000
1517294090.443708:  1818 001794 0547 000492 2676 002573 2427 002366 3437 003666 1907 001981 0000 000000
1517294090.505379:  1821 001821 0572 000572 2614 002614 2424 002424 3416 003416 1904 001904 0000 000000
1517294090.556137:  1821 001796 0572 000504 2614 002542 2424 002364 3416 003657 1904 001974 0000 000000
1517294090.556205:  1821 001796 0572 000504 2614 002542 2424 002364 3416 003657 1904 001974 0000 000000
1517294090.617840:  1821 065484 0572 000083 2614 065453 2424 065496 3416 000080 1904 064745 0000 065518
1517294090.678600:  1821 001797 0572 000516 2614 002516 2424 002363 3416 003631 1904 001975 0000 000000
1517294090.678656:  1821 001797 0572 000516 2614 002516 2424 002363 3416 003631 1904 001975 0000 000000
1517294090.740185:  1825 001825 0598 000598 2551 002551 2421 002421 3394 003394 1900 001900 0000 000000
1517294090.801170:  1825 001801 0598 000529 2551 002484 2421 002360 3394 003639 1900 001972 0000 000000
1517294090.801247:  1825 001801 0598 000529 2551 002484 2421 002360 3394 003639 1900 001972 0000 000000
1517294090.862823:  1825 065484 0598 000083 2551 065453 2421 065496 3394 000090 1900 064755 0000 065518
1517294090.923605:  1825 001804 0598 000541 2551 002455 2421 002359 3394 003626 1900 001965 0000 000000
1517294090.923682:  1825 001804 0598 000541 2551 002455 2421 002359 3394 003626 1900 001965 0000 000000
1517294090.985322:  1828 001828 0623 000623 2487 002487 2418 002418 3371 003371 1896 001896 0000 000000
1517294091.045960:  1828 001806 0623 000554 2487 002423 2418 002358 3371 003613 1896 001954 0000 000000
1517294091.046000:  1828 001806 0623 000554 2487 002423 2418 002358 3371 003613 1896 001954 0000 000000
1517294091.107685:  1828 065484 0623 000083 2487 065443 2418 065496 3371 000080 1896 064765 0000 065518
1517294091.168309:  1828 001807 0623 000567 2487 002391 2418 002357 3371 003601 1896 001947 0000 000000
1517294091.168354:  1828 001807 0623 000567 2487 002391 2418 002357 3371 003601 1896 001947 0000 000000
1517294091.229937:  1831 001831 0650 000650 2422 002422 2415 002415 3347 003347 1892 001892 0000 000000
1517294091.290484:  1831 001809 0650 000580 2422 002358 2415 002356 3347 003588 1892 001942 0000 000000
1517294091.290523:  1831 001809 0650 000580 2422 002358 2415 002356 3347 003588 1892 001942 0000 000000
1517294091.352109:  1831 065484 0650 000083 2422 065443 2415 065496 3347 000080 1892 064775 0000 065518
1517294091.412774:  1831 001810 0650 000593 2422 002327 2415 002355 3347 003577 1892 001935 0000 000000
1517294091.412814:  1831 001810 0650 000593 2422 002327 2415 002355 3347 003577 1892 001935 0000 000000
1517294091.474565:  1835 001835 0676 000676 2356 002356 2412 002412 3322 003322 1888 001888 0000 000000
1517294091.525847:  1835 001812 0676 000606 2356 002304 2412 002353 3322 003564 1888 001932 0000 000000
1517294091.525912:  1835 001812 0676 000606 2356 002304 2412 002353 3322 003564 1888 001932 0000 000000
1517294091.587772:  1835 065484 0676 000083 2356 065443 2412 065496 3322 000080 1888 064775 0000 065518
1517294091.648312:  1835 001813 0676 000618 2356 002265 2412 002350 3322 003551 1888 001924 0000 000000
1517294091.648411:  1835 001813 0676 000618 2356 002265 2412 002350 3322 003551 1888 001924 0000 000000
1517294091.710168:  1837 001837 0703 000703 2289 002289 2408 002408 3296 003296 1884 001884 0000 000000
1517294091.770757:  1837 001813 0703 000631 2289 002234 2408 002349 3296 003540 1884 001918 0000 000000
1517294091.770886:  1837 001813 0703 000631 2289 002234 2408 002349 3296 003540 1884 001918 0000 000000
1517294091.832555:  1837 065484 0703 000095 2289 065443 2408 065506 3296 000090 1884 064785 0000 065518
1517294091.893196:  1837 001811 0703 000644 2289 002200 2408 002347 3296 003527 1884 001914 0000 000000
1517294091.893232:  1837 001811 0703 000644 2289 002200 2408 002347 3296 003527 1884 001914 0000 000000
1517294091.954830:  1840 001840 0730 000730 2221 002221 2405 002405 3269 003269 1880 001880 0000 000000
1517294092.015462:  1840 001811 0730 000659 2221 002167 2405 002345 3269 003514 1880 001912 0000 000000
1517294092.015520:  1840 001811 0730 000659 2221 002167 2405 002345 3269 003514 1880 001912 0000 000000
1517294092.076279:  1840 065496 0730 000083 2221 065433 2405 065506 3269 000090 1880 064785 0000 065518
1517294092.136819:  1840 001811 0730 000672 2221 002135 2405 002345 3269 003501 1880 001903 0000 000000
1517294092.136901:  1840 001811 0730 000672 2221 002135 2405 002345 3269 003501 1880 001903 0000 000000
1517294092.198613:  1843 001843 0758 000758 2152 002152 2402 002402 3242 003242 1875 001875 0000 000000
1517294092.259172:  1843 001812 0758 000686 2152 002100 2402 002343 3242 003489 1875 001902 0000 000000
1517294092.259251:  1843 001812 0758 000686 2152 002100 2402 002343 3242 003489 1875 001902 0000 000000
1517294092.321110:  1843 065496 0758 000095 2152 065433 2402 065506 3242 000090 1875 064795 0000 065518
1517294092.381755:  1843 001812 0758 000699 2152 002067 2402 002339 3242 003473 1875 001891 0000 000000
1517294092.381793:  1843 001812 0758 000699 2152 002067 2402 002339 3242 003473 1875 001891 0000 000000
1517294092.443462:  1845 001845 0786 000786 2082 002082 2398 002398 3213 003213 1870 001870 0000 000000
1517294092.504153:  1845 001812 0786 000714 2082 002032 2398 002337 3213 003461 1870 001883 0000 000000
1517294092.504220:  1845 001812 0786 000714 2082 002032 2398 002337 3213 003461 1870 001883 0000 000000
1517294092.556014:  1845 065496 0786 000083 2082 065433 2398 065496 3213 000090 1870 064805 0000 065518
1517294092.616632:  1845 001813 0786 000728 2082 001999 2398 002336 3213 003449 1870 001882 0000 000000
1517294092.616671:  1845 001813 0786 000728 2082 001999 2398 002336 3213 003449 1870 001882 0000 000000
1517294092.678299:  1848 001848 0815 000815 2011 002011 2394 002394 3183 003183 1866 001866 0000 000000
1517294092.738927:  1848 001814 0815 000742 2011 001965 2394 002335 3183 003436 1866 001875 0000 000000
1517294092.739028:  1848 001814 0815 000742 2011 001965 2394 002335 3183 003436 1866 001875 0000 000000
1517294092.800693:  1848 065496 0815 000083 2011 065423 2394 065496 3183 000100 1866 064815 0000 065518
1517294092.861263:  1848 001815 0815 000758 2011 001928 2394 002334 3183 003422 1866 001871 0000 000000
1517294092.861326:  1848 001815 0815 000758 2011 001928 2394 002334 3183 003422 1866 001871 0000 000000
1517294092.922931:  1850 001850 0844 000844 1939 001939 2391 002391 3153 003153 1860 001860 0000 000000
1517294092.983548:  1850 001807 0844 000772 1939 001893 2391 002330 3153 003401 1860 001855 0000 000000
1517294092.983604:  1850 001807 0844 000772 1939 001893 2391 002330 3153 003401 1860 001855 0000 000000
1517294093.035904:  1850 065496 0844 000083 1939 065423 2391 065496 3153 000090 1860 064815 0000 065518
1517294093.096488:  1850 001817 0844 000786 1939 001859 2391 002330 3153 003387 1860 001855 0000 000000
1517294093.096528:  1850 001817 0844 000786 1939 001859 2391 002330 3153 003387 1860 001855 0000 000000
1517294093.158337:  1852 001852 0873 000873 1867 001867 2387 002387 3121 003121 1855 001855 0000 000000
1517294093.218922:  1852 001819 0873 000800 1867 001822 2387 002327 3121 003372 1855 001846 0000 000000
1517294093.219008:  1852 001819 0873 000800 1867 001822 2387 002327 3121 003372 1855 001846 0000 000000
1517294093.280459:  1852 065496 0873 000095 1867 065423 2387 065496 3121 000100 1855 064815 0000 065518
1517294093.341239:  1852 001821 0873 000815 1867 001785 2387 002325 3121 003358 1855 001835 0000 000000
1517294093.341312:  1852 001821 0873 000815 1867 001785 2387 002325 3121 003358 1855 001835 0000 000000
1517294093.402879:  1854 001854 0904 000904 1794 001794 2382 002382 3089 003089 1849 001849 0000 000000
1517294093.463747:  1854 001823 0904 000830 1794 001748 2382 002323 3089 003341 1849 001829 0000 000000
1517294093.463817:  1854 001823 0904 000830 1794 001748 2382 002323 3089 003341 1849 001829 0000 000000
1517294093.525419:  1854 065496 0904 000095 1794 065423 2382 065496 3089 000090 1849 064835 0000 065518
1517294093.576372:  1854 001826 0904 000845 1794 001717 2382 002324 3089 003328 1849 001824 0000 000000
1517294093.576440:  1854 001826 0904 000845 1794 001717 2382 002324 3089 003328 1849 001824 0000 000000
1517294093.578041:  1854 001826 0904 000845 1794 001717 2382 002324 3089 003328 1849 001824 0000 000000
