1517295669.094062:  0000 001761 0000 000327 0000 003271 0000 002492 0000 003607 0000 001939 0000 000000
1517295669.844903:  0000 065472 0000 000071 0000 065393 0000 065456 0000 065366 0000 064736 0000 065518
1517295670.094086:  0000 001761 0000 000349 0000 003205 0000 002492 0000 003674 0000 001955 0000 000000
1517295670.094139:  0000 001761 0000 000349 0000 003205 0000 002492 0000 003674 0000 001955 0000 000000
1517295670.345756:  1764 001764 0338 000338 3246 003246 2490 002490 3601 003601 1937 001937 0000 000000
1517295670.594101:  1764 001760 0338 000379 3246 003100 2490 002493 3601 003787 1937 002011 0000 000000
1517295670.594193:  1764 001760 0338 000379 3246 003100 2490 002493 3601 003787 1937 002011 0000 000000
1517295670.845888:  1764 065472 0338 000035 3246 000007 2490 065456 3601 000040 1937 064736 0000 065518
1517295671.094111:  1764 001757 0338 000398 3246 003042 2490 002482 3601 003817 1937 002039 0000 000000
1517295671.094209:  1764 001757 0338 000398 3246 003042 2490 002482 3601 003817 1937 002039 0000 000000
1517295671.345798:  1771 001771 0361 000361 3197 003197 2487 002487 3589 003589 1935 001935 0000 000000
1517295671.594093:  1771 001756 0361 000415 3197 003015 2487 002466 3589 003818 1935 002044 0000 000000
1517295671.594160:  1771 001756 0361 000415 3197 003015 2487 002466 3589 003818 1935 002044 0000 000000
1517295671.845824:  1771 065484 0361 000011 3197 000017 2487 065476 3589 000060 1935 064736 0000 065518
1517295672.094091:  1771 001755 0361 000429 3197 002990 2487 002455 3589 003812 1935 002048 0000 000000
1517295672.094173:  1771 001755 0361 000429 3197 002990 2487 002455 3589 003812 1935 002048 0000 000000
1517295672.346161:  1777 001777 0384 000384 3147 003147 2483 002483 3575 003575 1933 001933 0000 000000
1517295672.594115:  1777 001760 0384 000443 3147 002965 2483 002380 3575 003804 1933 002045 0000 000000
1517295672.594205:  1777 001760 0384 000443 3147 002965 2483 002380 3575 003804 1933 002045 0000 000000
1517295672.845827:  1777 065484 0384 000011 3147 000017 2483 065486 3575 000060 1933 064736 0000 065518
1517295673.094058:  1777 001765 0384 000456 3147 002938 2483 002446 3575 003798 1933 002042 0000 000000
1517295673.094109:  1777 001765 0384 000456 3147 002938 2483 002446 3575 003798 1933 002042 0000 000000
1517295673.345759:  1783 001783 0407 000407 3094 003094 2480 002480 3560 003560 1931 001931 0000 000000
1517295673.594087:  1783 001769 0407 000468 3094 002912 2480 002443 3560 003793 1931 002040 0000 000000
1517295673.594144:  1783 001769 0407 000468 3094 002912 2480 002443 3560 003793 1931 002040 0000 000000
1517295673.845973:  1783 065484 0407 000011 3094 000017 2480 065486 3560 000060 1931 064736 0000 065518
1517295674.094089:  1783 001771 0407 000479 3094 002885 2480 002438 3560 003785 1931 002104 0000 000000
1517295674.094159:  1783 001771 0407 000479 3094 002885 2480 002438 3560 003785 1931 002104 0000 000000
1517295674.345621:  1789 001789 0431 000431 3041 003041 2477 002477 3545 003545 1928 001928 0000 000000
1517295674.594091:  1789 001774 0431 000492 3041 002860 2477 002436 3545 003780 1928 002034 0000 000000
1517295674.594163:  1789 001774 0431 000492 3041 002860 2477 002436 3545 003780 1928 002034 0000 000000
1517295674.846050:  1789 065484 0431 000011 3041 000017 2477 065496 3545 000060 1928 064736 0000 065518
1517295675.094096:  1789 001777 0431 000504 3041 002833 2477 002432 3545 003764 1928 002026 0000 000000
1517295675.094164:  1789 001777 0431 000504 3041 002833 2477 002432 3545 003764 1928 002026 0000 000000
1517295675.346297:  1794 001794 0454 000454 2986 002986 2475 002475 3528 003528 1926 001926 0000 000000
1517295675.594092:  1794 001780 0454 000515 2986 002808 2475 002428 3528 003755 1926 002021 0000 000000
1517295675.594159:  1794 001780 0454 000515 2986 002808 2475 002428 3528 003755 1926 002021 0000 000000
1517295675.845843:  1794 065484 0454 000011 2986 000007 2475 065496 3528 000060 1926 064736 0000 065518
1517295676.094058:  1794 001784 0454 000528 2986 002782 2475 002428 3528 003750 1926 002020 0000 000000
1517295676.094136:  1794 001784 0454 000528 2986 002782 2475 002428 3528 003750 1926 002020 0000 000000
1517295676.345819:  1799 001799 0478 000478 2929 002929 2472 002472 3509 003509 1923 001923 0000 000000
1517295676.594081:  1799 001788 0478 000540 2929 002755 2472 002427 3509 003740 1923 002016 0000 000000
1517295676.594135:  1799 001788 0478 000540 2929 002755 2472 002427 3509 003740 1923 002016 0000 000000
1517295676.845785:  1799 065484 0478 000011 2929 000017 2472 065496 3509 000060 1923 064736 0000 065518
1517295677.094088:  1799 001790 0478 000552 2929 002728 2472 002427 3509 003730 1923 002011 0000 000000
1517295677.094146:  1799 001790 0478 000552 2929 002728 2472 002427 3509 003730 1923 002011 0000 000000
1517295677.345853:  1804 001804 0502 000502 2872 002872 2469 002469 3490 003490 1920 001920 0000 000000
1517295677.594091:  1804 001861 0502 000564 2872 002697 2469 002425 3490 003723 1920 002008 0000 000000
1517295677.594148:  1804 001861 0502 000564 2872 002697 2469 002425 3490 003723 1920 002008 0000 000000
1517295677.845813:  1804 065484 0502 000011 2872 000007 2469 065496 3490 000070 1920 064736 0000 065518
1517295678.094110:  1804 001787 0502 000576 2872 002669 2469 002424 3490 003713 1920 002003 0000 000000
1517295678.094198:  1804 001787 0502 000576 2872 002669 2469 002424 3490 003713 1920 002003 0000 000000
1517295678.346018:  1808 001808 0526 000526 2813 002813 2466 002466 3470 003470 1917 001917 0000 000000
1517295678.594090:  1808 001791 0526 000588 2813 002639 2466 002418 3470 003698 1917 001995 0000 000000
1517295678.594163:  1808 001791 0526 000588 2813 002639 2466 002418 3470 003698 1917 001995 0000 000000
1517295678.845879:  1808 065484 0526 000011 2813 000007 2466 065496 3470 000060 1917 064736 0000 065518
1517295679.094114:  1808 001795 0526 000601 2813 002611 2466 002420 3470 003694 1917 001992 0000 000000
1517295679.094209:  1808 001795 0526 000601 2813 002611 2466 002420 3470 003694 1917 001992 0000 000000
1517295679.345593:  1813 001813 0551 000551 2752 002752 2463 002463 3449 003449 1914 001914 0000 000000
1517295679.594093:  1813 001798 0551 000612 2752 002581 2463 002416 3449 003680 1914 001985 0000 000000
1517295679.594180:  1813 001798 0551 000612 2752 002581 2463 002416 3449 003680 1914 001985 0000 000000
1517295679.845831:  1813 065484 0551 000011 2752 000007 2463 065496 3449 000060 1914 064736 0000 065518
1517295680.094140:  1813 001804 0551 000624 2752 002548 2463 002416 3449 003669 1914 001974 0000 000000
1517295680.094195:  1813 001804 0551 000624 2752 002548 2463 002416 3449 003669 1914 001974 0000 000000
1517295680.345947:  1817 001817 0575 000575 2691 002691 2461 002461 3427 003427 1911 001911 0000 000000
1517295680.594106:  1817 001807 0575 000637 2691 002518 2461 002416 3427 003662 1911 001970 0000 000000
1517295680.594161:  1817 001807 0575 000637 2691 002518 2461 002416 3427 003662 1911 001970 0000 000000
1517295680.846039:  1817 065484 0575 000011 2691 000007 2461 065496 3427 000060 1911 064736 0000 065518
1517295681.094085:  1817 001808 0575 000649 2691 002488 2461 002416 3427 003646 1911 001964 0000 000000
1517295681.094176:  1817 001808 0575 000649 2691 002488 2461 002416 3427 003646 1911 001964 0000 000000
1517295681.347254:  1820 001820 0600 000600 2628 002628 2458 002458 3404 003404 1908 001908 0000 000000
1517295681.594088:  1820 001806 0600 000662 2628 002458 2458 002417 3404 003638 1908 001958 0000 000000
1517295681.594177:  1820 001806 0600 000662 2628 002458 2458 002417 3404 003638 1908 001958 0000 000000
1517295681.845796:  1820 065484 0600 000011 2628 000007 2458 065496 3404 000060 1908 064736 0000 065518
1517295682.094107:  1820 001803 0600 000674 2628 002427 2458 002417 3404 003626 1908 001952 0000 000000
1517295682.094158:  1820 001803 0600 000674 2628 002427 2458 002417 3404 003626 1908 001952 0000 000000
1517295682.345831:  1824 001824 0626 000626 2565 002565 2455 002455 3380 003380 1905 001905 0000 000000
1517295682.594094:  1824 001807 0626 000687 2565 002394 2455 002433 3380 003612 1905 001948 0000 000000
1517295682.594168:  1824 001807 0626 000687 2565 002394 2455 002433 3380 003612 1905 001948 0000 000000
1517295682.845888:  1824 065484 0626 000011 2565 000007 2455 065496 3380 000060 1905 064736 0000 065518
1517295683.094136:  1824 001810 0626 000699 2565 002363 2455 002430 3380 003602 1905 001942 0000 000000
1517295683.094233:  1824 001810 0626 000699 2565 002363 2455 002430 3380 003602 1905 001942 0000 000000
1517295683.345875:  1827 001827 0651 000651 2500 002500 2452 002452 3356 003356 1901 001901 0000 000000
1517295683.594093:  1827 001813 0651 000712 2500 002329 2452 002407 3356 003589 1901 001934 0000 000000
1517295683.594163:  1827 001813 0651 000712 2500 002329 2452 002407 3356 003589 1901 001934 0000 000000
1517295683.846098:  1827 065484 0651 000011 2500 000007 2452 065496 3356 000060 1901 064736 0000 065518
1517295684.094092:  1827 001817 0651 000725 2500 002298 2452 002405 3356 003573 1901 001927 0000 000000
1517295684.094159:  1827 001817 0651 000725 2500 002298 2452 002405 3356 003573 1901 001927 0000 000000
1517295684.345817:  1830 001830 0677 000677 2434 002434 2449 002449 3330 003330 1898 001898 0000 000000
1517295684.594093:  1830 001819 0677 000737 2434 002266 2449 002403 3330 003561 1898 001921 0000 000000
1517295684.594160:  1830 001819 0677 000737 2434 002266 2449 002403 3330 003561 1898 001921 0000 000000
1517295684.846011:  1830 065484 0677 000011 2434 000007 2449 065496 3330 000070 1898 064736 0000 065518
1517295685.094098:  1830 001823 0677 000750 2434 002235 2449 002402 3330 003550 1898 001916 0000 000000
1517295685.094165:  1830 001823 0677 000750 2434 002235 2449 002402 3330 003550 1898 001916 0000 000000
1517295685.345753:  1833 001833 0704 000704 2367 002367 2446 002446 3303 003303 1894 001894 0000 000000
1517295685.594093:  1833 001823 0704 000763 2367 002202 2446 002399 3303 003536 1894 001907 0000 000000
1517295685.594146:  1833 001823 0704 000763 2367 002202 2446 002399 3303 003536 1894 001907 0000 000000
1517295685.845735:  1833 065484 0704 000011 2367 000007 2446 065496 3303 000060 1894 064736 0000 065518
1517295686.094105:  1833 001824 0704 000776 2367 002167 2446 002399 3303 003522 1894 001903 0000 000000
1517295686.094184:  1833 001824 0704 000776 2367 002167 2446 002399 3303 003522 1894 001903 0000 000000
1517295686.345941:  1836 001836 0731 000731 2299 002299 2443 002443 3276 003276 1890 001890 0000 000000
1517295686.594089:  1836 001824 0731 000790 2299 002135 2443 002399 3276 003511 1890 001898 0000 000000
1517295686.594163:  1836 001824 0731 000790 2299 002135 2443 002399 3276 003511 1890 001898 0000 000000
1517295686.846101:  1836 065484 0731 000023 2299 065533 2443 065496 3276 000060 1890 064736 0000 065518
1517295687.094056:  1836 001824 0731 000803 2299 002098 2443 002395 3276 003492 1890 001892 0000 000000
1517295687.094121:  1836 001824 0731 000803 2299 002098 2443 002395 3276 003492 1890 001892 0000 000000
1517295687.345844:  1839 001839 0758 000758 2230 002230 2440 002440 3247 003247 1886 001886 0000 000000
1517295687.594092:  1839 001824 0758 000817 2230 002064 2440 002394 3247 003479 1886 001883 0000 000000
1517295687.594168:  1839 001824 0758 000817 2230 002064 2440 002394 3247 003479 1886 001883 0000 000000
1517295687.845899:  1839 065484 0758 000011 2230 065533 2440 065496 3247 000060 1886 064736 0000 065518
1517295688.094085:  1839 001824 0758 000830 2230 002027 2440 002393 3247 003464 1886 001878 0000 000000
1517295688.094151:  1839 001824 0758 000830 2230 002027 2440 002393 3247 003464 1886 001878 0000 000000
1517295688.345890:  1842 001842 0785 000785 2161 002161 2437 002437 3218 003218 1882 001882 0000 000000
1517295688.594096:  1842 001825 0785 000842 2161 001994 2437 002393 3218 003449 1882 001871 0000 000000
1517295688.594232:  1842 001825 0785 000842 2161 001994 2437 002393 3218 003449 1882 001871 0000 000000
1517295688.845767:  1842 065484 0785 000011 2161 065533 2437 065496 3218 000070 1882 064746 0000 065518
1517295689.094090:  1842 001826 0785 000857 2161 001961 2437 002396 3218 003435 1882 001862 0000 000000
1517295689.094168:  1842 001826 0785 000857 2161 001961 2437 002396 3218 003435 1882 001862 0000 000000
1517295689.345909:  1844 001844 0813 000813 2090 002090 2433 002433 3187 003187 1878 001878 0000 000000
1517295689.594083:  1844 001827 0813 000870 2090 001924 2433 002393 3187 003418 1878 001854 0000 000000
1517295689.594188:  1844 001827 0813 000870 2090 001924 2433 002393 3187 003418 1878 001854 0000 000000
1517295689.845784:  1844 065484 0813 000011 2090 065533 2433 065496 3187 000060 1878 064756 0000 065518
1517295690.094080:  1844 001828 0813 000885 2090 001888 2433 002391 3187 003405 1878 001849 0000 000000
1517295690.094155:  1844 001828 0813 000885 2090 001888 2433 002391 3187 003405 1878 001849 0000 000000
1517295690.345826:  1847 001847 0842 000842 2018 002018 2430 002430 3156 003156 1873 001873 0000 000000
1517295690.594094:  1847 001830 0842 000899 2018 001852 2430 002389 3156 003387 1873 001846 0000 000000
1517295690.594149:  1847 001830 0842 000899 2018 001852 2430 002389 3156 003387 1873 001846 0000 000000
1517295690.845742:  1847 065484 0842 000011 2018 065533 2430 065496 3156 000060 1873 064766 0000 065518
1517295691.094122:  1847 001831 0842 000914 2018 001816 2430 002386 3156 003370 1873 001837 0000 000000
1517295691.094256:  1847 001831 0842 000914 2018 001816 2430 002386 3156 003370 1873 001837 0000 000000
1517295691.345898:  1849 001849 0871 000871 1946 001946 2426 002426 3124 003124 1868 001868 0000 000000
1517295691.594083:  1849 001834 0871 000930 1946 001780 2426 002384 3124 003355 1868 001832 0000 000000
1517295691.594156:  1849 001834 0871 000930 1946 001780 2426 002384 3124 003355 1868 001832 0000 000000
1517295691.846060:  1849 065484 0871 000011 1946 065533 2426 065496 3124 000060 1868 064786 0000 065518
1517295692.094091:  1849 001836 0871 000945 1946 001743 2426 002381 3124 003342 1868 001822 0000 000000
1517295692.094150:  1849 001836 0871 000945 1946 001743 2426 002381 3124 003342 1868 001822 0000 000000
1517295692.346203:  1851 001851 0900 000900 1873 001873 2422 002422 3091 003091 1863 001863 0000 000000
1517295692.594089:  1851 001837 0900 000957 1873 001706 2422 002378 3091 003322 1863 001813 0000 000000
1517295692.594145:  1851 001837 0900 000957 1873 001706 2422 002378 3091 003322 1863 001813 0000 000000
1517295692.846002:  1851 065484 0900 000011 1873 065533 2422 065496 3091 000060 1863 064796 0000 065518
1517295693.094088:  1851 001840 0900 000972 1873 001673 2422 002378 3091 003306 1863 001806 0000 000000
1517295693.094140:  1851 001840 0900 000972 1873 001673 2422 002378 3091 003306 1863 001806 0000 000000
1517295693.345846:  1853 001853 0930 000930 1799 001799 2418 002418 3056 003056 1858 001858 0000 000000
1517295693.594082:  1853 001841 0930 000988 1799 001639 2418 002377 3056 003287 1858 001793 0000 000000
1517295693.594179:  1853 001841 0930 000988 1799 001639 2418 002377 3056 003287 1858 001793 0000 000000
1517295693.845925:  1853 065484 0930 000023 1799 065533 2418 065496 3056 000070 1858 064806 0000 065518
1517295694.094094:  1853 001843 0930 001002 1799 001602 2418 002374 3056 003269 1858 001784 0000 000000
1517295694.094162:  1853 001843 0930 001002 1799 001602 2418 002374 3056 003269 1858 001784 0000 000000
1517295694.345879:  1855 001855 0961 000961 1725 001725 2414 002414 3021 003021 1852 001852 0000 000000
1517295694.594090:  1855 001845 0961 001017 1725 001562 2414 002372 3021 003251 1852 001776 0000 000000
1517295694.594186:  1855 001845 0961 001017 1725 001562 2414 002372 3021 003251 1852 001776 0000 000000
