1517294032.581854:  0000 001755 0000 000293 0000 003259 0000 002455 0000 003601 0000 001939 0000 000000
1517294033.182597:  0000 065460 0000 000011 0000 065383 0000 065446 0000 065376 0000 064815 0000 065518
1517294033.283351:  0000 001756 0000 000277 0000 003262 0000 002462 0000 003619 0000 001941 0000 000000
1517294033.283427:  0000 001756 0000 000277 0000 003262 0000 002462 0000 003619 0000 001941 0000 000000
1517294033.384979:  1758 001758 0304 000304 3235 003235 2453 002453 3596 003596 1937 001937 0000 000000
1517294033.485798:  1758 001748 0304 000282 3235 003191 2453 002462 3596 003680 1937 001956 0000 000000
1517294033.485885:  1758 001748 0304 000282 3235 003191 2453 002462 3596 003680 1937 001956 0000 000000
1517294033.581836:  1758 065472 0304 000035 3235 065453 2453 065436 3596 065486 1937 064785 0000 065518
1517294033.682692:  1758 001740 0304 000289 3235 003135 2453 002461 3596 003724 1937 001979 0000 000000
1517294033.682768:  1758 001740 0304 000289 3235 003135 2453 002461 3596 003724 1937 001979 0000 000000
1517294033.784483:  1766 001766 0327 000327 3187 003187 2449 002449 3587 003587 1935 001935 0000 000000
1517294033.885305:  1766 001735 0327 000295 3187 003086 2449 002446 3587 003756 1935 001996 0000 000000
1517294033.885380:  1766 001735 0327 000295 3187 003086 2449 002446 3587 003756 1935 001996 0000 000000
1517294033.986947:  1766 065496 0327 000035 3187 065493 2449 065446 3587 000030 1935 064745 0000 065518
1517294034.081868:  1766 001736 0327 000303 3187 003048 2449 002433 3587 003780 1935 002014 0000 000000
1517294034.081934:  1766 001736 0327 000303 3187 003048 2449 002433 3587 003780 1935 002014 0000 000000
1517294034.183477:  1772 001772 0350 000350 3138 003138 2446 002446 3576 003576 1933 001933 0000 000000
1517294034.284283:  1772 001737 0350 000311 3138 003017 2446 002423 3576 003788 1933 002022 0000 000000
1517294034.284379:  1772 001737 0350 000311 3138 003017 2446 002423 3576 003788 1933 002022 0000 000000
1517294034.386098:  1772 065496 0350 000047 3138 065513 2446 000000 3576 000060 1933 064736 0000 065518
1517294034.486846:  1772 001738 0350 000321 3138 002986 2446 002411 3576 003789 1933 002028 0000 000000
1517294034.486890:  1772 001738 0350 000321 3138 002986 2446 002411 3576 003789 1933 002028 0000 000000
1517294034.581865:  1779 001779 0374 000374 3087 003087 2443 002443 3564 003564 1930 001930 0000 000000
1517294034.682669:  1779 001745 0374 000330 3087 002959 2443 002403 3564 003788 1930 002029 0000 000000
1517294034.682816:  1779 001745 0374 000330 3087 002959 2443 002403 3564 003788 1930 002029 0000 000000
1517294034.784478:  1779 065496 0374 000059 3087 065513 2443 065486 3564 000070 1930 064736 0000 065518
1517294034.885318:  1779 001751 0374 000341 3087 002929 2443 002395 3564 003785 1930 002030 0000 000000
1517294034.885378:  1779 001751 0374 000341 3087 002929 2443 002395 3564 003785 1930 002030 0000 000000
1517294034.986869:  1785 001785 0397 000397 3035 003035 2440 002440 3550 003550 1928 001928 0000 000000
1517294035.081865:  1785 001758 0397 000351 3035 002905 2440 002391 3550 003777 1928 002028 0000 000000
1517294035.081939:  1785 001758 0397 000351 3035 002905 2440 002391 3550 003777 1928 002028 0000 000000
1517294035.183431:  1785 065484 0397 000059 3035 065513 2440 065496 3550 000070 1928 064736 0000 065518
1517294035.284205:  1785 001762 0397 000362 3035 002881 2440 002384 3550 003770 1928 002024 0000 000000
1517294035.284296:  1785 001762 0397 000362 3035 002881 2440 002384 3550 003770 1928 002024 0000 000000
1517294035.385975:  1790 001790 0421 000421 2981 002981 2437 002437 3535 003535 1925 001925 0000 000000
1517294035.486847:  1790 001766 0421 000373 2981 002857 2437 002380 3535 003762 1925 002020 0000 000000
1517294035.486937:  1790 001766 0421 000373 2981 002857 2437 002380 3535 003762 1925 002020 0000 000000
1517294035.581869:  1790 065484 0421 000059 2981 065503 2437 065496 3535 000070 1925 064736 0000 065518
1517294035.682599:  1790 001769 0421 000383 2981 002830 2437 002374 3535 003753 1925 002018 0000 000000
1517294035.682652:  1790 001769 0421 000383 2981 002830 2437 002374 3535 003753 1925 002018 0000 000000
1517294035.784400:  1795 001795 0445 000445 2926 002926 2434 002434 3520 003520 1922 001922 0000 000000
1517294035.885310:  1795 001774 0445 000396 2926 002807 2434 002374 3520 003747 1922 002012 0000 000000
1517294035.885380:  1795 001774 0445 000396 2926 002807 2434 002374 3520 003747 1922 002012 0000 000000
1517294035.987183:  1795 065484 0445 000059 2926 065503 2434 065506 3520 000070 1922 064736 0000 065518
1517294036.081863:  1795 001779 0445 000408 2926 002777 2434 002371 3520 003740 1922 002013 0000 000000
1517294036.081935:  1795 001779 0445 000408 2926 002777 2434 002371 3520 003740 1922 002013 0000 000000
1517294036.183575:  1800 001800 0469 000469 2869 002869 2431 002431 3503 003503 1919 001919 0000 000000
1517294036.284298:  1800 001780 0469 000419 2869 002748 2431 002368 3503 003732 1919 002006 0000 000000
1517294036.284352:  1800 001780 0469 000419 2869 002748 2431 002368 3503 003732 1919 002006 0000 000000
1517294036.385972:  1800 065484 0469 000059 2869 065503 2431 065506 3503 000070 1919 064736 0000 065518
1517294036.486791:  1800 001782 0469 000430 2869 002719 2431 002365 3503 003725 1919 002004 0000 000000
1517294036.486864:  1800 001782 0469 000430 2869 002719 2431 002365 3503 003725 1919 002004 0000 000000
1517294036.581864:  1805 001805 0493 000493 2811 002811 2428 002428 3485 003485 1916 001916 0000 000000
1517294036.682659:  1805 001784 0493 000441 2811 002692 2428 002363 3485 003717 1916 001999 0000 000000
1517294036.682738:  1805 001784 0493 000441 2811 002692 2428 002363 3485 003717 1916 001999 0000 000000
1517294036.784475:  1805 065484 0493 000059 2811 065503 2428 065506 3485 000070 1916 064736 0000 065518
1517294036.885398:  1805 001786 0493 000453 2811 002664 2428 002362 3485 003709 1916 001995 0000 000000
1517294036.885487:  1805 001786 0493 000453 2811 002664 2428 002362 3485 003709 1916 001995 0000 000000
1517294036.986978:  1809 001809 0518 000518 2752 002752 2425 002425 3466 003466 1913 001913 0000 000000
1517294037.081834:  1809 001787 0518 000463 2752 002634 2425 002358 3466 003697 1913 001989 0000 000000
1517294037.081924:  1809 001787 0518 000463 2752 002634 2425 002358 3466 003697 1913 001989 0000 000000
1517294037.183885:  1809 065484 0518 000059 2752 065503 2425 065506 3466 000070 1913 064745 0000 065518
1517294037.284634:  1809 001789 0518 000479 2752 002606 2425 002359 3466 003686 1913 001986 0000 000000
1517294037.284694:  1809 001789 0518 000479 2752 002606 2425 002359 3466 003686 1913 001986 0000 000000
1517294037.386195:  1813 001813 0543 000543 2692 002692 2422 002422 3446 003446 1910 001910 0000 000000
1517294037.486899:  1813 001790 0543 000493 2692 002578 2422 002355 3446 003674 1910 001981 0000 000000
1517294037.487019:  1813 001790 0543 000493 2692 002578 2422 002355 3446 003674 1910 001981 0000 000000
1517294037.581863:  1813 065484 0543 000059 2692 065503 2422 065506 3446 000070 1910 064745 0000 065518
1517294037.682683:  1813 001792 0543 000505 2692 002548 2422 002354 3446 003667 1910 001977 0000 000000
1517294037.682767:  1813 001792 0543 000505 2692 002548 2422 002354 3446 003667 1910 001977 0000 000000
1517294037.784371:  1817 001817 0568 000568 2630 002630 2419 002419 3425 003425 1906 001906 0000 000000
1517294037.885191:  1817 001793 0568 000518 2630 002517 2419 002352 3425 003657 1906 001972 0000 000000
1517294037.885259:  1817 001793 0568 000518 2630 002517 2419 002352 3425 003657 1906 001972 0000 000000
1517294037.986890:  1817 065484 0568 000059 2630 065493 2419 065506 3425 000070 1906 064755 0000 065518
1517294038.081868:  1817 001795 0568 000530 2630 002488 2419 002350 3425 003647 1906 001966 0000 000000
1517294038.081926:  1817 001795 0568 000530 2630 002488 2419 002350 3425 003647 1906 001966 0000 000000
1517294038.183632:  1821 001821 0593 000593 2568 002568 2417 002417 3404 003404 1903 001903 0000 000000
1517294038.284409:  1821 001796 0593 000542 2568 002455 2417 002347 3404 003638 1903 001964 0000 000000
1517294038.284464:  1821 001796 0593 000542 2568 002455 2417 002347 3404 003638 1903 001964 0000 000000
1517294038.386144:  1821 065484 0593 000059 2568 065493 2417 065506 3404 000070 1903 064755 0000 065518
1517294038.486983:  1821 001797 0593 000554 2568 002425 2417 002346 3404 003624 1903 001958 0000 000000
1517294038.487058:  1821 001797 0593 000554 2568 002425 2417 002346 3404 003624 1903 001958 0000 000000
1517294038.581846:  1824 001824 0619 000619 2504 002504 2414 002414 3381 003381 1899 001899 0000 000000
1517294038.682631:  1824 001799 0619 000565 2504 002392 2414 002343 3381 003610 1899 001948 0000 000000
1517294038.682705:  1824 001799 0619 000565 2504 002392 2414 002343 3381 003610 1899 001948 0000 000000
1517294038.784264:  1824 065484 0619 000059 2504 065493 2414 065506 3381 000070 1899 064775 0000 065518
1517294038.885135:  1824 001803 0619 000581 2504 002361 2414 002345 3381 003599 1899 001946 0000 000000
1517294038.885210:  1824 001803 0619 000581 2504 002361 2414 002345 3381 003599 1899 001946 0000 000000
1517294038.986847:  1827 001827 0645 000645 2439 002439 2410 002410 3357 003357 1895 001895 0000 000000
1517294039.081869:  1827 001804 0645 000595 2439 002328 2410 002342 3357 003589 1895 001941 0000 000000
1517294039.081921:  1827 001804 0645 000595 2439 002328 2410 002342 3357 003589 1895 001941 0000 000000
1517294039.183813:  1827 065484 0645 000059 2439 065493 2410 065506 3357 000080 1895 064775 0000 065518
1517294039.284709:  1827 001806 0645 000606 2439 002297 2410 002342 3357 003577 1895 001936 0000 000000
1517294039.284784:  1827 001806 0645 000606 2439 002297 2410 002342 3357 003577 1895 001936 0000 000000
1517294039.386640:  1831 001831 0671 000671 2373 002373 2407 002407 3333 003333 1891 001891 0000 000000
1517294039.487513:  1831 001807 0671 000619 2373 002266 2407 002341 3333 003564 1891 001931 0000 000000
1517294039.487605:  1831 001807 0671 000619 2373 002266 2407 002341 3333 003564 1891 001931 0000 000000
1517294039.581849:  1831 065484 0671 000071 2373 065493 2407 065506 3333 000070 1891 064775 0000 065518
1517294039.682690:  1831 001804 0671 000632 2373 002236 2407 002339 3333 003551 1891 001920 0000 000000
1517294039.682793:  1831 001804 0671 000632 2373 002236 2407 002339 3333 003551 1891 001920 0000 000000
1517294039.784362:  1834 001834 0698 000698 2306 002306 2404 002404 3307 003307 1887 001887 0000 000000
1517294039.885145:  1834 001804 0698 000646 2306 002201 2404 002338 3307 003539 1887 001920 0000 000000
1517294039.885200:  1834 001804 0698 000646 2306 002201 2404 002338 3307 003539 1887 001920 0000 000000
1517294039.986766:  1834 065496 0698 000059 2306 065483 2404 065506 3307 000070 1887 064785 0000 065518
1517294040.081832:  1834 001805 0698 000661 2306 002166 2404 002336 3307 003526 1887 001916 0000 000000
1517294040.081901:  1834 001805 0698 000661 2306 002166 2404 002336 3307 003526 1887 001916 0000 000000
1517294040.183575:  1836 001836 0725 000725 2238 002238 2401 002401 3280 003280 1882 001882 0000 000000
1517294040.284343:  1836 001806 0725 000674 2238 002134 2401 002336 3280 003513 1882 001903 0000 000000
1517294040.284398:  1836 001806 0725 000674 2238 002134 2401 002336 3280 003513 1882 001903 0000 000000
1517294040.386180:  1836 065496 0725 000059 2238 065483 2401 065506 3280 000070 1882 064795 0000 065518
1517294040.486974:  1836 001807 0725 000689 2238 002099 2401 002336 3280 003499 1882 001903 0000 000000
1517294040.487040:  1836 001807 0725 000689 2238 002099 2401 002336 3280 003499 1882 001903 0000 000000
1517294040.581863:  1839 001839 0753 000753 2169 002169 2397 002397 3253 003253 1878 001878 0000 000000
1517294040.682629:  1839 001807 0753 000702 2169 002064 2397 002333 3253 003485 1878 001890 0000 000000
1517294040.682695:  1839 001807 0753 000702 2169 002064 2397 002333 3253 003485 1878 001890 0000 000000
1517294040.784549:  1839 065496 0753 000059 2169 065483 2397 065506 3253 000080 1878 064805 0000 065518
1517294040.885424:  1839 001810 0753 000717 2169 002030 2397 002333 3253 003472 1878 001890 0000 000000
1517294040.885501:  1839 001810 0753 000717 2169 002030 2397 002333 3253 003472 1878 001890 0000 000000
1517294040.987306:  1842 001842 0781 000781 2100 002100 2394 002394 3225 003225 1873 001873 0000 000000
1517294041.081865:  1842 001810 0781 000731 2100 001994 2394 002331 3225 003458 1873 001883 0000 000000
1517294041.081952:  1842 001810 0781 000731 2100 001994 2394 002331 3225 003458 1873 001883 0000 000000
1517294041.183605:  1842 065496 0781 000059 2100 065483 2394 065506 3225 000080 1873 064815 0000 065518
1517294041.284355:  1842 001813 0781 000744 2100 001961 2394 002331 3225 003446 1873 001872 0000 000000
1517294041.284424:  1842 001813 0781 000744 2100 001961 2394 002331 3225 003446 1873 001872 0000 000000
1517294041.385956:  1844 001844 0809 000809 2029 002029 2390 002390 3195 003195 1868 001868 0000 000000
1517294041.486774:  1844 001815 0809 000759 2029 001925 2390 002329 3195 003431 1868 001870 0000 000000
1517294041.486869:  1844 001815 0809 000759 2029 001925 2390 002329 3195 003431 1868 001870 0000 000000
1517294041.581868:  1844 065496 0809 000059 2029 065483 2390 065506 3195 000080 1868 064815 0000 065518
1517294041.682665:  1844 001817 0809 000773 2029 001892 2390 002329 3195 003418 1868 001859 0000 000000
1517294041.682791:  1844 001817 0809 000773 2029 001892 2390 002329 3195 003418 1868 001859 0000 000000
1517294041.784303:  1847 001847 0838 000838 1958 001958 2386 002386 3165 003165 1863 001863 0000 000000
1517294041.885098:  1847 001819 0838 000787 1958 001857 2386 002326 3165 003402 1863 001852 0000 000000
1517294041.885185:  1847 001819 0838 000787 1958 001857 2386 002326 3165 003402 1863 001852 0000 000000
1517294041.986812:  1847 065484 0838 000059 1958 065483 2386 065506 3165 000080 1863 064815 0000 065518
1517294042.081872:  1847 001820 0838 000801 1958 001821 2386 002323 3165 003388 1863 001850 0000 000000
1517294042.081923:  1847 001820 0838 000801 1958 001821 2386 002323 3165 003388 1863 001850 0000 000000
1517294042.183561:  1849 001849 0868 000868 1885 001885 2382 002382 3134 003134 1857 001857 0000 000000
1517294042.284414:  1849 001821 0868 000815 1885 001786 2382 002321 3134 003374 1857 001838 0000 000000
1517294042.284521:  1849 001821 0868 000815 1885 001786 2382 002321 3134 003374 1857 001838 0000 000000
1517294042.386178:  1849 065484 0868 000071 1885 065483 2382 065506 3134 000080 1857 064825 0000 065518
1517294042.486992:  1849 001823 0868 000830 1885 001747 2382 002318 3134 003359 1857 001835 0000 000000
1517294042.487059:  1849 001823 0868 000830 1885 001747 2382 002318 3134 003359 1857 001835 0000 000000
1517294042.581868:  1851 001851 0898 000898 1812 001812 2378 002378 3102 003102 1851 001851 0000 000000
1517294042.682659:  1851 001826 0898 000844 1812 001712 2378 002316 3102 003344 1851 001824 0000 000000
1517294042.682745:  1851 001826 0898 000844 1812 001712 2378 002316 3102 003344 1851 001824 0000 000000
1517294042.784374:  1851 065484 0898 000071 1812 065483 2378 065506 3102 000080 1851 064835 0000 065518
1517294042.885177:  1851 001827 0898 000860 1812 001676 2378 002313 3102 003324 1851 001817 0000 000000
1517294042.885251:  1851 001827 0898 000860 1812 001676 2378 002313 3102 003324 1851 001817 0000 000000
1517294042.986765:  1853 001853 0929 000929 1739 001739 2373 002373 3068 003068 1845 001845 0000 000000
1517294043.081868:  1853 001829 0929 000874 1739 001639 2373 002311 3068 003307 1845 001810 0000 000000
1517294043.081963:  1853 001829 0929 000874 1739 001639 2373 002311 3068 003307 1845 001810 0000 000000
