1517553612.249180:  0000 001318 0000 000100 0000 002884 0000 001939 0000 002906 0000 000659 0000 000000
1517553612.809905:  1317 001317 0179 000179 2884 002884 1939 001939 2906 002906 0659 000659 0000 000000
1517553612.870784:  1317 001289 0179 000100 2884 002881 1939 002019 2906 002890 0659 000652 0000 000000
1517553612.870884:  1317 001289 0179 000100 2884 002881 1939 002019 2906 002890 0659 000652 0000 000000
1517553612.932851:  1317 065144 0179 065132 2884 065066 1939 065036 2906 000450 0659 064746 0000 065518
1517553612.993577:  1317 001203 0179 000099 2884 002830 1939 001947 2906 002828 0659 000621 0000 000000
1517553612.993669:  1317 001203 0179 000099 2884 002830 1939 001947 2906 002828 0659 000621 0000 000000
1517553613.055432:  1360 001360 0179 000179 2891 002891 1920 001920 2928 002928 0651 000651 0000 000000
1517553613.116014:  1360 001123 0179 000100 2891 002773 1920 001922 2928 002768 0651 000589 0000 000000
1517553613.116069:  1360 001123 0179 000100 2891 002773 1920 001922 2928 002768 0651 000589 0000 000000
1517553613.177683:  1360 065384 0179 065132 2891 065186 1920 065036 2928 000300 0651 064806 0000 065518
1517553613.238493:  1360 001065 0179 000099 2891 002717 1920 001896 2928 002711 0651 000555 0000 000000
1517553613.238559:  1360 001065 0179 000099 2891 002717 1920 001896 2928 002711 0651 000555 0000 000000
1517553613.299725:  1404 001404 0179 000179 2898 002898 1901 001901 2952 002952 0643 000643 0000 000000
1517553613.360593:  1404 001022 0179 000099 2898 002663 1901 001868 2952 002660 0643 000522 0000 000000
1517553613.360656:  1404 001022 0179 000099 2898 002663 1901 001868 2952 002660 0643 000522 0000 000000
1517553613.422593:  1404 065528 0179 065120 2898 065296 1901 065066 2952 000180 0643 064866 0000 065518
1517553613.483451:  1404 001000 0179 000099 2898 002613 1901 001839 2952 002614 0643 000486 0000 000000
1517553613.483526:  1404 001000 0179 000099 2898 002613 1901 001839 2952 002614 0643 000486 0000 000000
1517553613.545513:  1448 001448 0179 000179 2905 002905 1882 001882 2976 002976 0636 000636 0000 000000
1517553613.606364:  1448 000991 0179 000099 2905 002569 1882 001812 2976 002577 0636 000451 0000 000000
1517553613.606441:  1448 000991 0179 000099 2905 002569 1882 001812 2976 002577 0636 000451 0000 000000
1517553613.668476:  1448 000076 0179 065120 2905 065386 1882 065106 2976 000080 0636 064926 0000 065518
1517553613.729307:  1448 000989 0179 000099 2905 002530 1882 001782 2976 002549 0636 000415 0000 000000
1517553613.729361:  1448 000989 0179 000099 2905 002530 1882 001782 2976 002549 0636 000415 0000 000000
1517553613.789589:  1493 001493 0179 000179 2911 002911 1863 001863 3001 003001 0629 000629 0000 000000
1517553613.850370:  1493 000997 0179 000099 2911 002497 1863 001759 3001 002530 0629 000381 0000 000000
1517553613.850438:  1493 000997 0179 000099 2911 002497 1863 001759 3001 002530 0629 000381 0000 000000
1517553613.912087:  1493 000112 0179 065120 2911 065456 1863 065146 3001 000020 0629 064996 0000 065518
1517553613.972877:  1493 001005 0179 000099 2911 002471 1863 001727 3001 002523 0629 000345 0000 000000
1517553613.972931:  1493 001005 0179 000099 2911 002471 1863 001727 3001 002523 0629 000345 0000 000000
1517553614.034430:  1540 001540 0179 000179 2916 002916 1844 001844 3026 003026 0623 000623 0000 000000
1517553614.095069:  1540 001019 0179 000099 2916 002450 1844 001701 3026 002524 0623 000306 0000 000000
1517553614.095125:  1540 001019 0179 000099 2916 002450 1844 001701 3026 002524 0623 000306 0000 000000
1517553614.157031:  1540 000136 0179 065132 2916 065506 1844 065186 3026 065526 0623 064736 0000 065518
1517553614.217804:  1540 001039 0179 000099 2916 002431 1844 001672 3026 002526 0623 000269 0000 000000
1517553614.217861:  1540 001039 0179 000099 2916 002431 1844 001672 3026 002526 0623 000269 0000 000000
1517553614.279423:  1587 001587 0179 000179 2921 002921 1826 001826 3052 003052 0621 000621 0000 000000
1517553614.340227:  1587 001055 0179 000099 2921 002415 1826 001645 3052 002533 0621 000232 0000 000000
1517553614.340343:  1587 001055 0179 000099 2921 002415 1826 001645 3052 002533 0621 000232 0000 000000
1517553614.402116:  1587 000148 0179 065132 2921 000010 1826 065216 3052 065516 0621 064736 0000 065518
1517553614.462897:  1587 001076 0179 000099 2921 002403 1826 001620 3052 002543 0621 000194 0000 000000
1517553614.462970:  1587 001076 0179 000099 2921 002403 1826 001620 3052 002543 0621 000194 0000 000000
1517553614.524730:  1634 001634 0179 000179 2925 002925 1808 001808 3078 003078 0621 000621 0000 000000
1517553614.585507:  1634 001097 0179 000099 2925 002397 1808 001592 3078 002556 0621 000166 0000 000000
1517553614.585607:  1634 001097 0179 000099 2925 002397 1808 001592 3078 002556 0621 000166 0000 000000
1517553614.647467:  1634 000160 0179 065132 2925 000030 1808 065246 3078 065516 0621 064736 0000 065518
1517553614.708328:  1634 001119 0179 000100 2925 002393 1808 001568 3078 002568 0621 000118 0000 000000
1517553614.708439:  1634 001119 0179 000100 2925 002393 1808 001568 3078 002568 0621 000118 0000 000000
1517553614.769292:  1683 001683 0179 000179 2929 002929 1789 001789 3104 003104 0621 000621 0000 000000
1517553614.830063:  1683 001141 0179 000099 2929 002389 1789 001542 3104 002581 0621 000080 0000 000000
1517553614.830120:  1683 001141 0179 000099 2929 002389 1789 001542 3104 002581 0621 000080 0000 000000
1517553614.891922:  1683 000160 0179 065120 2929 000040 1789 065286 3104 065506 0621 064736 0000 065518
1517553614.952676:  1683 001164 0179 000100 2929 002386 1789 001517 3104 002594 0621 000043 0000 000000
1517553614.952750:  1683 001164 0179 000100 2929 002386 1789 001517 3104 002594 0621 000043 0000 000000
1517553615.014605:  1732 001732 0179 000179 2932 002932 1771 001771 3131 003131 0621 000621 0000 000000
1517553615.075288:  1732 001193 0179 000100 2932 002382 1771 001493 3131 002606 0621 000005 0000 000000
1517553615.075376:  1732 001193 0179 000100 2932 002382 1771 001493 3131 002606 0621 000005 0000 000000
1517553615.137209:  1732 000160 0179 065132 2932 000050 1771 065316 3131 065506 0621 064736 0000 065518
1517553615.197958:  1732 001217 0179 000099 2932 002380 1771 001468 3131 002620 0621 000002 0000 000000
1517553615.198012:  1732 001217 0179 000099 2932 002380 1771 001468 3131 002620 0621 000002 0000 000000
1517553615.259240:  1781 001781 0179 000179 2934 002934 1753 001753 3159 003159 0621 000621 0000 000000
1517553615.320036:  1781 001241 0179 000099 2934 002379 1753 001442 3159 002632 0621 000485 0000 000000
1517553615.320111:  1781 001241 0179 000099 2934 002379 1753 001442 3159 002632 0621 000485 0000 000000
1517553615.381948:  1781 000160 0179 065132 2934 000050 1753 065346 3159 065506 0621 064736 0000 065518
1517553615.442723:  1781 001267 0179 000100 2934 002377 1753 001421 3159 002646 0621 000939 0000 000000
1517553615.442779:  1781 001267 0179 000100 2934 002377 1753 001421 3159 002646 0621 000939 0000 000000
1517553615.504739:  1832 001832 0179 000179 2936 002936 1736 001736 3186 003186 0589 000589 0000 000000
1517553615.565588:  1832 001295 0179 000100 2936 002376 1736 001398 3186 002660 0589 004092 0000 000000
1517553615.565643:  1832 001295 0179 000100 2936 002376 1736 001398 3186 002660 0589 004092 0000 000000
1517553615.627424:  1832 000148 0179 065120 2936 000060 1736 065366 3186 065506 0589 064736 0000 065518
1517553615.688264:  1832 001321 0179 000100 2936 002375 1736 001393 3186 002673 0589 004080 0000 000000
1517553615.688336:  1832 001321 0179 000100 2936 002375 1736 001393 3186 002673 0589 004080 0000 000000
1517553615.749173:  1882 001882 0179 000179 2937 002937 1718 001718 3214 003214 0589 000589 0000 000000
1517553615.809863:  1882 001344 0179 000100 2937 002373 1718 001394 3214 002686 0589 004042 0000 000000
1517553615.809938:  1882 001344 0179 000100 2937 002373 1718 001394 3214 002686 0589 004042 0000 000000
1517553615.871820:  1882 000160 0179 065120 2937 000060 1718 065346 3214 065506 0589 064736 0000 065518
1517553615.932517:  1882 001367 0179 000100 2937 002371 1718 001393 3214 002700 0589 004003 0000 000000
1517553615.932570:  1882 001367 0179 000100 2937 002371 1718 001393 3214 002700 0589 004003 0000 000000
1517553615.994329:  1933 001933 0179 000179 2938 002938 1701 001701 3242 003242 0589 000589 0000 000000
1517553616.055042:  1933 001390 0179 000100 2938 002370 1701 001393 3242 002713 0589 003964 0000 000000
1517553616.055078:  1933 001390 0179 000100 2938 002370 1701 001393 3242 002713 0589 003964 0000 000000
1517553616.116552:  1933 000160 0179 065120 2938 000060 1701 065336 3242 065506 0589 064736 0000 065518
1517553616.177380:  1933 001414 0179 000100 2938 002370 1701 001392 3242 002728 0589 003925 0000 000000
1517553616.177434:  1933 001414 0179 000100 2938 002370 1701 001392 3242 002728 0589 003925 0000 000000
1517553616.238951:  1984 001984 0179 000179 2938 002938 1684 001684 3270 003270 0589 000589 0000 000000
1517553616.299710:  1984 001437 0179 000100 2938 002366 1684 001392 3270 002741 0589 003886 0000 000000
1517553616.299778:  1984 001437 0179 000100 2938 002366 1684 001392 3270 002741 0589 003886 0000 000000
1517553616.361503:  1984 000172 0179 065120 2938 000070 1684 065316 3270 065506 0589 064736 0000 065518
1517553616.422278:  1984 001461 0179 000100 2938 002367 1684 001392 3270 002755 0589 003845 0000 000000
1517553616.422332:  1984 001461 0179 000100 2938 002367 1684 001392 3270 002755 0589 003845 0000 000000
1517553616.484298:  2035 002035 0179 000179 2937 002937 1667 001667 3298 003298 0570 000570 0000 000000
1517553616.545086:  2035 001488 0179 000100 2937 002366 1667 001393 3298 002769 0570 003806 0000 000000
1517553616.545152:  2035 001488 0179 000100 2937 002366 1667 001393 3298 002769 0570 003806 0000 000000
1517553616.607067:  2035 000172 0179 065120 2937 000070 1667 065296 3298 065506 0570 064736 0000 065518
1517553616.667806:  2035 001514 0179 000100 2937 002365 1667 001393 3298 002783 0570 003767 0000 000000
1517553616.667882:  2035 001514 0179 000100 2937 002365 1667 001393 3298 002783 0570 003767 0000 000000
1517553616.729865:  2086 002086 0179 000179 2936 002936 1650 001650 3326 003326 0566 000566 0000 000000
1517553616.789463:  2086 001539 0179 000100 2936 002365 1650 001393 3326 002797 0566 003729 0000 000000
1517553616.789518:  2086 001539 0179 000100 2936 002365 1650 001393 3326 002797 0566 003729 0000 000000
1517553616.851432:  2086 000172 0179 065120 2936 000070 1650 065276 3326 065506 0566 064736 0000 065518
1517553616.912234:  2086 001563 0179 000101 2936 002363 1650 001393 3326 002812 0566 003690 0000 000000
1517553616.912346:  2086 001563 0179 000101 2936 002363 1650 001393 3326 002812 0566 003690 0000 000000
1517553616.974094:  2137 002137 0179 000179 2934 002934 1634 001634 3354 003354 0563 000563 0000 000000
1517553617.034871:  2137 001590 0179 000100 2934 002363 1634 001392 3354 002826 0563 003651 0000 000000
1517553617.034912:  2137 001590 0179 000100 2934 002363 1634 001392 3354 002826 0563 003651 0000 000000
1517553617.096599:  2137 000160 0179 065120 2934 000070 1634 065266 3354 065506 0563 064736 0000 065518
1517553617.157342:  2137 001616 0179 000100 2934 002362 1634 001392 3354 002839 0563 003613 0000 000000
1517553617.157431:  2137 001616 0179 000100 2934 002362 1634 001392 3354 002839 0563 003613 0000 000000
1517553617.218945:  2189 002189 0179 000179 2932 002932 1618 001618 3381 003381 0560 000560 0000 000000
1517553617.279377:  2189 001640 0179 000100 2932 002361 1618 001392 3381 002853 0560 003590 0000 000000
1517553617.279460:  2189 001640 0179 000100 2932 002361 1618 001392 3381 002853 0560 003590 0000 000000
1517553617.342935:  2189 000172 0179 065120 2932 000060 1618 065246 3381 065506 0560 064736 0000 065518
1517553617.403663:  2189 001668 0179 000100 2932 002360 1618 001392 3381 002867 0560 003533 0000 000000
1517553617.403730:  2189 001668 0179 000100 2932 002360 1618 001392 3381 002867 0560 003533 0000 000000
1517553617.465484:  2239 002239 0179 000179 2929 002929 1602 001602 3409 003409 0557 000557 0000 000000
1517553617.526273:  2239 001694 0179 000100 2929 002360 1602 001393 3409 002880 0557 003492 0000 000000
1517553617.526347:  2239 001694 0179 000100 2929 002360 1602 001393 3409 002880 0557 003492 0000 000000
1517553617.587830:  2239 000160 0179 065120 2929 000060 1602 065236 3409 065506 0557 064736 0000 065518
1517553617.648704:  2239 001720 0179 000100 2929 002359 1602 001393 3409 002895 0557 003450 0000 000000
1517553617.648782:  2239 001720 0179 000100 2929 002359 1602 001393 3409 002895 0557 003450 0000 000000
1517553617.710424:  2290 002290 0179 000179 2925 002925 1587 001587 3436 003436 0554 000554 0000 000000
1517553617.769368:  2290 001745 0179 000100 2925 002358 1587 001393 3436 002907 0554 003409 0000 000000
1517553617.769464:  2290 001745 0179 000100 2925 002358 1587 001393 3436 002907 0554 003409 0000 000000
1517553617.831131:  2290 000160 0179 065120 2925 000060 1587 065216 3436 065506 0554 064736 0000 065518
1517553617.891979:  2290 001770 0179 000100 2925 002357 1587 001393 3436 002920 0554 003334 0000 000000
1517553617.892094:  2290 001770 0179 000100 2925 002357 1587 001393 3436 002920 0554 003334 0000 000000
1517553617.953616:  2340 002340 0179 000179 2921 002921 1571 001571 3463 003463 0552 000552 0000 000000
1517553618.014476:  2340 001795 0179 000100 2921 002356 1571 001392 3463 002934 0552 003326 0000 000000
1517553618.014565:  2340 001795 0179 000100 2921 002356 1571 001392 3463 002934 0552 003326 0000 000000
1517553618.076205:  2340 000160 0179 065120 2921 000060 1571 065206 3463 065506 0552 064736 0000 065518
1517553618.137000:  2340 001821 0179 000100 2921 002355 1571 001391 3463 002948 0552 003281 0000 000000
1517553618.137075:  2340 001821 0179 000100 2921 002355 1571 001391 3463 002948 0552 003281 0000 000000
1517553618.198606:  2390 002390 0179 000179 2916 002916 1556 001556 3490 003490 0550 000550 0000 000000
1517553618.259257:  2390 001845 0179 000100 2916 002354 1556 001391 3490 002962 0550 003236 0000 000000
1517553618.259324:  2390 001845 0179 000100 2916 002354 1556 001391 3490 002962 0550 003236 0000 000000
1517553618.321069:  2390 000160 0179 065120 2916 000060 1556 065186 3490 065506 0550 064736 0000 065518
1517553618.381806:  2390 001872 0179 000100 2916 002353 1556 001392 3490 002976 0550 003193 0000 000000
1517553618.381872:  2390 001872 0179 000100 2916 002353 1556 001392 3490 002976 0550 003193 0000 000000
1517553618.443430:  2439 002439 0179 000179 2911 002911 1541 001541 3516 003516 0548 000548 0000 000000
1517553618.504241:  2439 001899 0179 000099 2911 002351 1541 001391 3516 002993 0548 003145 0000 000000
1517553618.504293:  2439 001899 0179 000099 2911 002351 1541 001391 3516 002993 0548 003145 0000 000000
1517553618.565912:  2439 000160 0179 065120 2911 000050 1541 065176 3516 065506 0548 064736 0000 065518
1517553618.626711:  2439 001925 0179 000100 2911 002352 1541 001391 3516 003004 0548 003108 0000 000000
1517553618.626778:  2439 001925 0179 000100 2911 002352 1541 001391 3516 003004 0548 003108 0000 000000
1517553618.688316:  2488 002488 0179 000179 2905 002905 1527 001527 3542 003542 0546 000546 0000 000000
1517553618.749105:  2488 001949 0179 000100 2905 002350 1527 001392 3542 003016 0546 003068 0000 000000
1517553618.749210:  2488 001949 0179 000100 2905 002350 1527 001392 3542 003016 0546 003068 0000 000000
1517553618.810767:  2488 000160 0179 065120 2905 000050 1527 065156 3542 065506 0546 064736 0000 065518
1517553618.871527:  2488 001973 0179 000101 2905 002348 1527 001392 3542 003028 0546 003026 0000 000000
1517553618.871596:  2488 001973 0179 000101 2905 002348 1527 001392 3542 003028 0546 003026 0000 000000
