1517556845.593514:  0000 001370 0000 000450 0000 001638 0000 002140 0000 002924 0000 001611 0000 000000
1517556846.154243:  1370 001370 0450 000450 1638 001638 2140 002140 2924 002924 1611 001611 0000 000000
1517556846.215033:  1370 001341 0450 000480 1638 001603 2140 002163 2924 002901 1611 001609 0000 000000
1517556846.215119:  1370 001341 0450 000480 1638 001603 2140 002163 2924 002901 1611 001609 0000 000000
1517556846.276687:  1370 065144 0450 065499 1638 065106 2140 065036 2924 000430 1611 064746 0000 065518
1517556846.337413:  1370 001260 0450 000480 1638 001551 2140 002156 2924 002826 1611 001594 0000 000000
1517556846.337482:  1370 001260 0450 000480 1638 001551 2140 002156 2924 002826 1611 001594 0000 000000
1517556846.398980:  1416 001416 0442 000442 1653 001653 2121 002121 2953 002953 1624 001624 0000 000000
1517556846.459691:  1416 001167 0442 000481 1653 001466 2121 002120 2953 002755 1624 001570 0000 000000
1517556846.459792:  1416 001167 0442 000481 1653 001466 2121 002120 2953 002755 1624 001570 0000 000000
1517556846.521361:  1416 065396 0442 065487 1653 065256 2121 065046 2953 000260 1624 064806 0000 065518
1517556846.582128:  1416 001113 0442 000481 1653 001402 2121 002080 2953 002693 1624 001542 0000 000000
1517556846.582201:  1416 001113 0442 000481 1653 001402 2121 002080 2953 002693 1624 001542 0000 000000
1517556846.633785:  1464 001464 0435 000435 1667 001667 2102 002102 2983 002983 1637 001637 0000 000000
1517556846.694604:  1464 001088 0435 000481 1667 001352 2102 002047 2983 002645 1637 001516 0000 000000
1517556846.694753:  1464 001088 0435 000481 1667 001352 2102 002047 2983 002645 1637 001516 0000 000000
1517556846.756377:  1464 065516 0435 065487 1667 065376 2102 065096 2983 000130 1637 064876 0000 065518
1517556846.817214:  1464 001074 0435 000481 1667 001303 2102 002009 2983 002603 1637 001490 0000 000000
1517556846.817291:  1464 001074 0435 000481 1667 001303 2102 002009 2983 002603 1637 001490 0000 000000
1517556846.878973:  1513 001513 0428 000428 1680 001680 2084 002084 3014 003014 1650 001650 0000 000000
1517556846.939645:  1513 001072 0428 000481 1680 001265 2084 001969 3014 002573 1650 001468 0000 000000
1517556846.939715:  1513 001072 0428 000481 1680 001265 2084 001969 3014 002573 1650 001468 0000 000000
1517556847.001530:  1513 000052 0428 065475 1680 065466 2084 065156 3014 000040 1650 064926 0000 065518
1517556847.062204:  1513 001081 0428 000481 1680 001234 2084 001930 3014 002559 1650 001452 0000 000000
1517556847.062257:  1513 001081 0428 000481 1680 001234 2084 001930 3014 002559 1650 001452 0000 000000
1517556847.123768:  1562 001562 0423 000423 1692 001692 2066 002066 3045 003045 1662 001662 0000 000000
1517556847.184596:  1562 001098 0423 000481 1692 001212 2066 001895 3045 002557 1662 001441 0000 000000
1517556847.184670:  1562 001098 0423 000481 1692 001212 2066 001895 3045 002557 1662 001441 0000 000000
1517556847.246181:  1562 000076 0423 065463 1692 065526 2066 065206 3045 000000 1662 064966 0000 065518
1517556847.306943:  1562 001116 0423 000481 1692 001195 2066 001861 3045 002559 1662 001436 0000 000000
1517556847.306998:  1562 001116 0423 000481 1692 001195 2066 001861 3045 002559 1662 001436 0000 000000
1517556847.370104:  1613 001613 0418 000418 1702 001702 2048 002048 3077 003077 1675 001675 0000 000000
1517556847.430731:  1613 001137 0418 000481 1702 001184 2048 001826 3077 002569 1675 001435 0000 000000
1517556847.430789:  1613 001137 0418 000481 1702 001184 2048 001826 3077 002569 1675 001435 0000 000000
1517556847.492502:  1613 000088 0418 065463 1702 000020 2048 065256 3077 065526 1675 064976 0000 065518
1517556847.553249:  1613 001158 0418 000480 1702 001172 2048 001795 3077 002581 1675 001436 0000 000000
1517556847.553329:  1613 001158 0418 000480 1702 001172 2048 001795 3077 002581 1675 001436 0000 000000
1517556847.613667:  1664 001664 0414 000414 1710 001710 2031 002031 3109 003109 1687 001687 0000 000000
1517556847.674544:  1664 001181 0414 000480 1710 001163 2031 001762 3109 002595 1687 001441 0000 000000
1517556847.674621:  1664 001181 0414 000480 1710 001163 2031 001762 3109 002595 1687 001441 0000 000000
1517556847.736283:  1664 000088 0414 065463 1710 000050 2031 065306 3109 065516 1687 064986 0000 065518
1517556847.797100:  1664 001207 0414 000479 1710 001161 2031 001734 3109 002611 1687 001448 0000 000000
1517556847.797153:  1664 001207 0414 000479 1710 001161 2031 001734 3109 002611 1687 001448 0000 000000
1517556847.858823:  1717 001717 0410 000410 1717 001717 2013 002013 3142 003142 1699 001699 0000 000000
1517556847.919620:  1717 001232 0410 000478 1717 001158 2013 001706 3142 002624 1699 001452 0000 000000
1517556847.919682:  1717 001232 0410 000478 1717 001158 2013 001706 3142 002624 1699 001452 0000 000000
1517556847.981099:  1717 000088 0410 065463 1717 000060 2013 065346 3142 065516 1699 064986 0000 065518
1517556848.041890:  1717 001255 0410 000478 1717 001158 2013 001679 3142 002572 1699 001459 0000 000000
1517556848.041947:  1717 001255 0410 000478 1717 001158 2013 001679 3142 002572 1699 001459 0000 000000
1517556848.103556:  1769 001769 0407 000407 1723 001723 1996 001996 3175 003175 1711 001711 0000 000000
1517556848.164298:  1769 001281 0407 000477 1723 001156 1996 001654 3175 002659 1711 001467 0000 000000
1517556848.164396:  1769 001281 0407 000477 1723 001156 1996 001654 3175 002659 1711 001467 0000 000000
1517556848.226025:  1769 000100 0407 065451 1723 000070 1996 065376 3175 065516 1711 064976 0000 065518
1517556848.286761:  1769 001308 0407 000476 1723 001155 1996 001632 3175 002676 1711 001475 0000 000000
1517556848.286815:  1769 001308 0407 000476 1723 001155 1996 001632 3175 002676 1711 001475 0000 000000
1517556848.348402:  1823 001823 0405 000405 1727 001727 1979 001979 3208 003208 1722 001722 0000 000000
1517556848.409149:  1823 001333 0405 000476 1727 001154 1979 001608 3208 002692 1722 001483 0000 000000
1517556848.409204:  1823 001333 0405 000476 1727 001154 1979 001608 3208 002692 1722 001483 0000 000000
1517556848.470740:  1823 000100 0405 065451 1727 000070 1979 065406 3208 065516 1722 064976 0000 065518
1517556848.531488:  1823 001358 0405 000475 1727 001153 1979 001586 3208 002709 1722 001491 0000 000000
1517556848.531554:  1823 001358 0405 000475 1727 001153 1979 001586 3208 002709 1722 001491 0000 000000
1517556848.593254:  1877 001877 0404 000404 1730 001730 1963 001963 3241 003241 1733 001733 0000 000000
1517556848.643984:  1877 001383 0404 000474 1730 001153 1963 001569 3241 002725 1733 001499 0000 000000
1517556848.644052:  1877 001383 0404 000474 1730 001153 1963 001569 3241 002725 1733 001499 0000 000000
1517556848.705505:  1877 000112 0404 065451 1730 000070 1963 065426 3241 065516 1733 064966 0000 065518
1517556848.766413:  1877 001408 0404 000474 1730 001152 1963 001550 3241 002743 1733 001508 0000 000000
1517556848.766479:  1877 001408 0404 000474 1730 001152 1963 001550 3241 002743 1733 001508 0000 000000
1517556848.828214:  1931 001931 0403 000403 1732 001732 1946 001946 3275 003275 1744 001744 0000 000000
1517556848.889014:  1931 001436 0403 000474 1732 001152 1946 001530 3275 002760 1744 001516 0000 000000
1517556848.889125:  1931 001436 0403 000474 1732 001152 1946 001530 3275 002760 1744 001516 0000 000000
1517556848.950655:  1931 000100 0403 065451 1732 000080 1946 065446 3275 065516 1744 064966 0000 065518
1517556849.011463:  1931 001465 0403 000473 1732 001152 1946 001513 3275 002777 1744 001525 0000 000000
1517556849.011517:  1931 001465 0403 000473 1732 001152 1946 001513 3275 002777 1744 001525 0000 000000
1517556849.072984:  1985 001985 0403 000403 1732 001732 1931 001931 3308 003308 1755 001755 0000 000000
1517556849.123713:  1985 001494 0403 000473 1732 001151 1931 001498 3308 002795 1755 001533 0000 000000
1517556849.123780:  1985 001494 0403 000473 1732 001151 1931 001498 3308 002795 1755 001533 0000 000000
1517556849.185452:  1985 000100 0403 065463 1732 000080 1931 065466 3308 065516 1755 064956 0000 065518
1517556849.246244:  1985 001519 0403 000472 1732 001151 1931 001483 3308 002811 1755 001541 0000 000000
1517556849.246298:  1985 001519 0403 000472 1732 001151 1931 001483 3308 002811 1755 001541 0000 000000
1517556849.307943:  2040 002040 0404 000404 1730 001730 1915 001915 3342 003342 1765 001765 0000 000000
1517556849.368744:  2040 001546 0404 000472 1730 001150 1915 001468 3342 002827 1765 001549 0000 000000
1517556849.368796:  2040 001546 0404 000472 1730 001150 1915 001468 3342 002827 1765 001549 0000 000000
1517556849.430404:  2040 000100 0404 065463 1730 000070 1915 065476 3342 065516 1765 064946 0000 065518
1517556849.491218:  2040 001575 0404 000472 1730 001150 1915 001453 3342 002844 1765 001558 0000 000000
1517556849.491302:  2040 001575 0404 000472 1730 001150 1915 001453 3342 002844 1765 001558 0000 000000
1517556849.553092:  2095 002095 0405 000405 1727 001727 1900 001900 3376 003376 1776 001776 0000 000000
1517556849.613724:  2095 001604 0405 000471 1727 001149 1900 001439 3376 002862 1776 001566 0000 000000
1517556849.613792:  2095 001604 0405 000471 1727 001149 1900 001439 3376 002862 1776 001566 0000 000000
1517556849.675316:  2095 000100 0405 065463 1727 000070 1900 065486 3376 065516 1776 064946 0000 065518
1517556849.736048:  2095 001632 0405 000471 1727 001149 1900 001427 3376 002880 1776 001575 0000 000000
1517556849.736119:  2095 001632 0405 000471 1727 001149 1900 001427 3376 002880 1776 001575 0000 000000
1517556849.797787:  2149 002149 0407 000407 1723 001723 1885 001885 3409 003409 1785 001785 0000 000000
1517556849.858522:  2149 001658 0407 000471 1723 001149 1885 001415 3409 002896 1785 001582 0000 000000
1517556849.858577:  2149 001658 0407 000471 1723 001149 1885 001415 3409 002896 1785 001582 0000 000000
1517556849.920244:  2149 000100 0407 065463 1723 000070 1885 065496 3409 065516 1785 064936 0000 065518
1517556849.981068:  2149 001689 0407 000471 1723 001148 1885 001405 3409 002913 1785 001591 0000 000000
1517556849.981136:  2149 001689 0407 000471 1723 001148 1885 001405 3409 002913 1785 001591 0000 000000
1517556850.042679:  2204 002204 0410 000410 1717 001717 1871 001871 3442 003442 1795 001795 0000 000000
1517556850.093490:  2204 001715 0410 000470 1717 001147 1871 001396 3442 002928 1795 001600 0000 000000
1517556850.093565:  2204 001715 0410 000470 1717 001147 1871 001396 3442 002928 1795 001600 0000 000000
1517556850.155149:  2204 000100 0410 065475 1717 000060 1871 065496 3442 065516 1795 064926 0000 065518
1517556850.215987:  2204 001740 0410 000470 1717 001147 1871 001395 3442 002944 1795 001607 0000 000000
1517556850.216040:  2204 001740 0410 000470 1717 001147 1871 001395 3442 002944 1795 001607 0000 000000
1517556850.277572:  2258 002258 0414 000414 1710 001710 1857 001857 3475 003475 1805 001805 0000 000000
1517556850.338278:  2258 001766 0414 000471 1710 001146 1857 001394 3475 002962 1805 001615 0000 000000
1517556850.338365:  2258 001766 0414 000471 1710 001146 1857 001394 3475 002962 1805 001615 0000 000000
1517556850.400134:  2258 000100 0414 065475 1710 000060 1857 065486 3475 065516 1805 064926 0000 065518
1517556850.460770:  2258 001792 0414 000470 1710 001145 1857 001393 3475 002979 1805 001624 0000 000000
1517556850.460823:  2258 001792 0414 000470 1710 001145 1857 001393 3475 002979 1805 001624 0000 000000
1517556850.522562:  2312 002312 0418 000418 1702 001702 1843 001843 3507 003507 1814 001814 0000 000000
1517556850.583373:  2312 001819 0418 000471 1702 001144 1843 001394 3507 003029 1814 001632 0000 000000
1517556850.583446:  2312 001819 0418 000471 1702 001144 1843 001394 3507 003029 1814 001632 0000 000000
1517556850.644095:  2312 000100 0418 065475 1702 000050 1843 065476 3507 065516 1814 064916 0000 065518
1517556850.704909:  2312 001844 0418 000471 1702 001141 1843 001394 3507 003010 1814 001640 0000 000000
1517556850.704975:  2312 001844 0418 000471 1702 001141 1843 001394 3507 003010 1814 001640 0000 000000
1517556850.766625:  2365 002365 0423 000423 1692 001692 1830 001830 3539 003539 1823 001823 0000 000000
1517556850.827417:  2365 001870 0423 000470 1692 001139 1830 001393 3539 003027 1823 001648 0000 000000
1517556850.827483:  2365 001870 0423 000470 1692 001139 1830 001393 3539 003027 1823 001648 0000 000000
1517556850.889334:  2365 000100 0423 065487 1692 000040 1830 065466 3539 065526 1823 064906 0000 065518
1517556850.950209:  2365 001898 0423 000471 1692 001138 1830 001393 3539 003044 1823 001656 0000 000000
1517556850.950296:  2365 001898 0423 000471 1692 001138 1830 001393 3539 003044 1823 001656 0000 000000
1517556851.011884:  2418 002418 0428 000428 1680 001680 1817 001817 3571 003571 1831 001831 0000 000000
1517556851.072687:  2418 001924 0428 000471 1680 001136 1817 001394 3571 003061 1831 001664 0000 000000
1517556851.072753:  2418 001924 0428 000471 1680 001136 1817 001394 3571 003061 1831 001664 0000 000000
1517556851.133805:  2418 000100 0428 065487 1680 000040 1817 065446 3571 065526 1831 064896 0000 065518
1517556851.194527:  2418 001951 0428 000472 1680 001133 1817 001394 3571 003077 1831 001672 0000 000000
1517556851.194599:  2418 001951 0428 000472 1680 001133 1817 001394 3571 003077 1831 001672 0000 000000
1517556851.256134:  2470 002470 0435 000435 1668 001668 1804 001804 3602 003602 1840 001840 0000 000000
1517556851.316824:  2470 001976 0435 000472 1668 001130 1804 001393 3602 003092 1840 001680 0000 000000
1517556851.316897:  2470 001976 0435 000472 1668 001130 1804 001393 3602 003092 1840 001680 0000 000000
1517556851.378547:  2470 000100 0435 065499 1668 000030 1804 065436 3602 065526 1840 064896 0000 065518
1517556851.439389:  2470 002002 0435 000472 1668 001127 1804 001394 3602 003108 1840 001688 0000 000000
1517556851.439463:  2470 002002 0435 000472 1668 001127 1804 001394 3602 003108 1840 001688 0000 000000
1517556851.501291:  2522 002522 0442 000442 1653 001653 1792 001792 3632 003632 1848 001848 0000 000000
1517556851.562032:  2522 002029 0442 000473 1653 001124 1792 001394 3632 003088 1848 001696 0000 000000
1517556851.562085:  2522 002029 0442 000473 1653 001124 1792 001394 3632 003088 1848 001696 0000 000000
1517556851.613613:  2522 000100 0442 065511 1653 000020 1792 065426 3632 065526 1848 064886 0000 065518
1517556851.674179:  2522 002052 0442 000473 1653 001121 1792 001393 3632 003136 1848 001702 0000 000000
1517556851.674255:  2522 002052 0442 000473 1653 001121 1792 001393 3632 003136 1848 001702 0000 000000
1517556851.736064:  2573 002573 0449 000449 1638 001638 1780 001780 3662 003662 1856 001856 0000 000000
1517556851.796664:  2573 002078 0449 000474 1638 001117 1780 001394 3662 003153 1856 001710 0000 000000
1517556851.796702:  2573 002078 0449 000474 1638 001117 1780 001394 3662 003153 1856 001710 0000 000000
1517556851.858399:  2573 000100 0449 065511 1638 000010 1780 065416 3662 065526 1856 064876 0000 065518
1517556851.919028:  2573 002103 0449 000474 1638 001113 1780 001393 3662 003168 1856 001718 0000 000000
1517556851.919068:  2573 002103 0449 000474 1638 001113 1780 001393 3662 003168 1856 001718 0000 000000
1517556851.980711:  2623 002623 0458 000458 1621 001621 1769 001769 3691 003691 1864 001864 0000 000000
1517556852.041385:  2623 002129 0458 000475 1621 001108 1769 001394 3691 003182 1864 001725 0000 000000
1517556852.041444:  2623 002129 0458 000475 1621 001108 1769 001394 3691 003182 1864 001725 0000 000000
1517556852.093475:  2623 000100 0458 065523 1621 000000 1769 065406 3691 065526 1864 064866 0000 065518
1517556852.154098:  2623 002154 0458 000477 1621 001102 1769 001393 3691 003195 1864 001732 0000 000000
1517556852.154162:  2623 002154 0458 000477 1621 001102 1769 001393 3691 003195 1864 001732 0000 000000
