1517293695.034573:  0000 001759 0000 002274 0000 001230 0000 002126 0000 001750 0000 001001 0000 000000
1517293695.635272:  0000 065460 0000 065535 0000 065403 0000 065446 0000 065376 0000 064785 0000 065518
1517293695.736077:  0000 001740 0000 002275 0000 001209 0000 002126 0000 001767 0000 001033 0000 000000
1517293695.736166:  0000 001740 0000 002275 0000 001209 0000 002126 0000 001767 0000 001033 0000 000000
1517293695.837663:  1758 001758 2266 002266 1255 001255 2142 002142 1765 001765 1015 001015 0000 000000
1517293695.938432:  1758 001751 2266 002278 1255 001157 2142 002115 1765 001830 1015 001051 0000 000000
1517293695.938490:  1758 001751 2266 002278 1255 001157 2142 002115 1765 001830 1015 001051 0000 000000
1517293696.034543:  1758 065472 2266 065511 1255 000007 2142 065486 1765 065456 1015 064775 0000 065518
1517293696.135338:  1758 001744 2266 002280 1255 001130 2142 002106 1765 001886 1015 001076 0000 000000
1517293696.135432:  1758 001744 2266 002280 1255 001130 2142 002106 1765 001886 1015 001076 0000 000000
1517293696.237034:  1756 001756 2252 002252 1307 001307 2172 002172 1798 001798 1041 001041 0000 000000
1517293696.337922:  1756 001737 2252 002282 1307 001120 2172 002101 1798 001936 1041 001102 0000 000000
1517293696.337990:  1756 001737 2252 002282 1307 001120 2172 002101 1798 001936 1041 001102 0000 000000
1517293696.439739:  1756 065484 2252 065499 1307 000077 2172 065526 1798 065516 1041 064755 0000 065518
1517293696.534505:  1756 001730 2252 002283 1307 001118 2172 002100 1798 001977 1041 001126 0000 000000
1517293696.534560:  1756 001730 2252 002283 1307 001118 2172 002100 1798 001977 1041 001126 0000 000000
1517293696.636268:  1754 001754 2239 002239 1358 001358 2199 002199 1831 001831 1065 001065 0000 000000
1517293696.737054:  1754 001728 2239 002284 1358 001117 2199 002099 1831 002008 1065 001145 0000 000000
1517293696.737129:  1754 001728 2239 002284 1358 001117 2199 002099 1831 002008 1065 001145 0000 000000
1517293696.838754:  1754 065484 2239 065475 1358 000127 2199 000020 1831 000010 1065 064745 0000 065518
1517293696.939541:  1754 001725 2239 002284 1358 001120 2199 002099 1831 002032 1065 001160 0000 000000
1517293696.939615:  1754 001725 2239 002284 1358 001120 2199 002099 1831 002032 1065 001160 0000 000000
1517293697.034542:  1752 001752 2226 002226 1410 001410 2223 002223 1865 001865 1087 001087 0000 000000
1517293697.135263:  1752 001723 2226 002285 1410 001127 2223 002099 1865 002054 1087 001168 0000 000000
1517293697.135316:  1752 001723 2226 002285 1410 001127 2223 002099 1865 002054 1087 001168 0000 000000
1517293697.236950:  1752 065484 2226 065463 1410 000167 2223 000040 1865 000020 1087 064736 0000 065518
1517293697.337774:  1752 001723 2226 002284 1410 001141 2223 002099 1865 002073 1087 001184 0000 000000
1517293697.337846:  1752 001723 2226 002284 1410 001141 2223 002099 1865 002073 1087 001184 0000 000000
1517293697.439561:  1750 001750 2214 002214 1461 001461 2245 002245 1899 001899 1107 001107 0000 000000
1517293697.534556:  1750 001724 2214 002284 1461 001157 2245 002099 1899 002090 1107 001193 0000 000000
1517293697.534617:  1750 001724 2214 002284 1461 001157 2245 002099 1899 002090 1107 001193 0000 000000
1517293697.636252:  1750 065484 2214 065451 1461 000187 2245 000060 1899 000020 1107 064736 0000 065518
1517293697.737062:  1750 001725 2214 002282 1461 001175 2245 002099 1899 002107 1107 001202 0000 000000
1517293697.737117:  1750 001725 2214 002282 1461 001175 2245 002099 1899 002107 1107 001202 0000 000000
1517293697.838686:  1748 001748 2202 002202 1513 001513 2265 002265 1934 001934 1125 001125 0000 000000
1517293697.939475:  1748 001725 2202 002281 1513 001199 2265 002102 1934 002124 1125 001211 0000 000000
1517293697.939532:  1748 001725 2202 002281 1513 001199 2265 002102 1934 002124 1125 001211 0000 000000
1517293698.034539:  1748 065484 2202 065439 1513 000187 2265 000070 1934 000020 1125 064745 0000 065518
1517293698.135457:  1748 001725 2202 002280 1513 001220 2265 002115 1934 002140 1125 001215 0000 000000
1517293698.135510:  1748 001725 2202 002280 1513 001220 2265 002115 1934 002140 1125 001215 0000 000000
1517293698.237208:  1745 001745 2190 002190 1564 001564 2284 002284 1970 001970 1141 001141 0000 000000
1517293698.338050:  1745 001725 2190 002278 1564 001246 2284 002124 1970 002159 1141 001228 0000 000000
1517293698.338124:  1745 001725 2190 002278 1564 001246 2284 002124 1970 002159 1141 001228 0000 000000
1517293698.439816:  1745 065472 2190 065427 1564 000197 2284 000070 1970 000020 1141 064736 0000 065518
1517293698.534557:  1745 001725 2190 002276 1564 001271 2284 002135 1970 002178 1141 001237 0000 000000
1517293698.534649:  1745 001725 2190 002276 1564 001271 2284 002135 1970 002178 1141 001237 0000 000000
1517293698.636255:  1743 001743 2179 002179 1615 001615 2301 002301 2006 002006 1157 001157 0000 000000
1517293698.737017:  1743 001725 2179 002274 1615 001296 2301 002146 2006 002195 1157 001246 0000 000000
1517293698.737091:  1743 001725 2179 002274 1615 001296 2301 002146 2006 002195 1157 001246 0000 000000
1517293698.838832:  1743 065472 2179 065427 1615 000197 2301 000060 2006 000010 1157 064736 0000 065518
1517293698.939650:  1743 001725 2179 002272 1615 001322 2301 002157 2006 002214 1157 001255 0000 000000
1517293698.939706:  1743 001725 2179 002272 1615 001322 2301 002157 2006 002214 1157 001255 0000 000000
1517293699.034506:  1741 001741 2169 002169 1666 001666 2316 002316 2043 002043 1171 001171 0000 000000
1517293699.135345:  1741 001724 2169 002269 1666 001345 2316 002168 2043 002231 1171 001262 0000 000000
1517293699.135399:  1741 001724 2169 002269 1666 001345 2316 002168 2043 002231 1171 001262 0000 000000
1517293699.236964:  1741 065472 2169 065415 1666 000197 2316 000060 2043 000010 1171 064736 0000 065518
1517293699.337764:  1741 001724 2169 002265 1666 001372 2316 002175 2043 002252 1171 001272 0000 000000
1517293699.337832:  1741 001724 2169 002265 1666 001372 2316 002175 2043 002252 1171 001272 0000 000000
1517293699.440026:  1739 001739 2159 002159 1717 001717 2330 002330 2080 002080 1184 001184 0000 000000
1517293699.534586:  1739 001723 2159 002262 1717 001397 2330 002185 2080 002269 1184 001282 0000 000000
1517293699.534663:  1739 001723 2159 002262 1717 001397 2330 002185 2080 002269 1184 001282 0000 000000
1517293699.636361:  1739 065472 2159 065415 1717 000197 2330 000050 2080 000020 1184 064736 0000 065518
1517293699.737117:  1739 001722 2159 002259 1717 001421 2330 002194 2080 002286 1184 001290 0000 000000
1517293699.737172:  1739 001722 2159 002259 1717 001421 2330 002194 2080 002286 1184 001290 0000 000000
1517293699.838704:  1737 001737 2150 002150 1767 001767 2344 002344 2117 002117 1196 001196 0000 000000
1517293699.939467:  1737 001721 2150 002255 1767 001446 2344 002202 2117 002307 1196 001299 0000 000000
1517293699.939520:  1737 001721 2150 002255 1767 001446 2344 002202 2117 002307 1196 001299 0000 000000
1517293700.034548:  1737 065472 2150 065415 1767 000197 2344 000050 2117 000010 1196 064736 0000 065518
1517293700.135337:  1737 001721 2150 002252 1767 001471 2344 002212 2117 002325 1196 001309 0000 000000
1517293700.135449:  1737 001721 2150 002252 1767 001471 2344 002212 2117 002325 1196 001309 0000 000000
1517293700.237085:  1734 001734 2141 002141 1818 001818 2356 002356 2155 002155 1207 001207 0000 000000
1517293700.337891:  1734 001720 2141 002248 1818 001496 2356 002220 2155 002345 1207 001317 0000 000000
1517293700.337989:  1734 001720 2141 002248 1818 001496 2356 002220 2155 002345 1207 001317 0000 000000
1517293700.439679:  1734 065472 2141 065403 1818 000197 2356 000040 2155 000010 1207 064736 0000 065518
1517293700.534542:  1734 001718 2141 002244 1818 001520 2356 002227 2155 002362 1207 001325 0000 000000
1517293700.534595:  1734 001718 2141 002244 1818 001520 2356 002227 2155 002362 1207 001325 0000 000000
1517293700.636340:  1732 001732 2132 002132 1868 001868 2367 002367 2193 002193 1217 001217 0000 000000
1517293700.737055:  1732 001786 2132 002240 1868 001545 2367 002233 2193 002382 1217 001337 0000 000000
1517293700.737113:  1732 001786 2132 002240 1868 001545 2367 002233 2193 002382 1217 001337 0000 000000
1517293700.838839:  1732 065472 2132 065415 1868 000197 2367 000040 2193 000010 1217 064736 0000 065518
1517293700.939652:  1732 001706 2132 002235 1868 001570 2367 002241 2193 002402 1217 001343 0000 000000
1517293700.939740:  1732 001706 2132 002235 1868 001570 2367 002241 2193 002402 1217 001343 0000 000000
1517293701.034545:  1729 001729 2124 002124 1919 001919 2378 002378 2232 002232 1227 001227 0000 000000
1517293701.135360:  1729 001699 2124 002231 1919 001594 2378 002247 2232 002421 1227 001357 0000 000000
1517293701.135436:  1729 001699 2124 002231 1919 001594 2378 002247 2232 002421 1227 001357 0000 000000
1517293701.237122:  1729 065484 2124 065415 1919 000197 2378 000040 2232 000020 1227 064736 0000 065518
1517293701.337984:  1729 001699 2124 002227 1919 001620 2378 002254 2232 002441 1227 001366 0000 000000
1517293701.338051:  1729 001699 2124 002227 1919 001620 2378 002254 2232 002441 1227 001366 0000 000000
1517293701.439767:  1727 001727 2117 002117 1969 001969 2388 002388 2271 002271 1236 001236 0000 000000
1517293701.534537:  1727 001699 2117 002222 1969 001645 2388 002258 2271 002459 1236 001371 0000 000000
1517293701.534594:  1727 001699 2117 002222 1969 001645 2388 002258 2271 002459 1236 001371 0000 000000
1517293701.636229:  1727 065484 2117 065415 1969 000197 2388 000040 2271 000010 1236 064736 0000 065518
1517293701.737125:  1727 001699 2117 002218 1969 001668 2388 002265 2271 002479 1236 001385 0000 000000
1517293701.737188:  1727 001699 2117 002218 1969 001668 2388 002265 2271 002479 1236 001385 0000 000000
1517293701.839067:  1724 001724 2110 002110 2019 002019 2397 002397 2311 002311 1245 001245 0000 000000
1517293701.939932:  1724 001699 2110 002213 2019 001694 2397 002270 2311 002500 1245 001389 0000 000000
1517293701.939987:  1724 001699 2110 002213 2019 001694 2397 002270 2311 002500 1245 001389 0000 000000
1517293702.034542:  1724 065484 2110 065415 2019 000197 2397 000030 2311 000010 1245 064736 0000 065518
1517293702.135296:  1724 001697 2110 002209 2019 001718 2397 002275 2311 002517 1245 001404 0000 000000
1517293702.135349:  1724 001697 2110 002209 2019 001718 2397 002275 2311 002517 1245 001404 0000 000000
1517293702.236935:  1722 001722 2103 002103 2069 002069 2406 002406 2350 002350 1253 001253 0000 000000
1517293702.337735:  1722 001692 2103 002205 2069 001743 2406 002281 2350 002536 1253 001413 0000 000000
1517293702.337825:  1722 001692 2103 002205 2069 001743 2406 002281 2350 002536 1253 001413 0000 000000
1517293702.439492:  1722 065484 2103 065415 2069 000197 2406 000030 2350 000010 1253 064736 0000 065518
1517293702.534535:  1722 001692 2103 002200 2069 001767 2406 002285 2350 002558 1253 001417 0000 000000
1517293702.534588:  1722 001692 2103 002200 2069 001767 2406 002285 2350 002558 1253 001417 0000 000000
1517293702.636324:  1719 001719 2098 002098 2118 002118 2415 002415 2391 002391 1261 001261 0000 000000
1517293702.736998:  1719 001691 2098 002196 2118 001792 2415 002290 2391 002579 1261 001433 0000 000000
1517293702.737070:  1719 001691 2098 002196 2118 001792 2415 002290 2391 002579 1261 001433 0000 000000
1517293702.838804:  1719 065496 2098 065427 2118 000197 2415 000030 2391 000010 1261 064736 0000 065518
1517293702.939602:  1719 001691 2098 002193 2118 001817 2415 002295 2391 002600 1261 001437 0000 000000
1517293702.939693:  1719 001691 2098 002193 2118 001817 2415 002295 2391 002600 1261 001437 0000 000000
1517293703.034537:  1716 001716 2092 002092 2168 002168 2422 002422 2431 002431 1268 001268 0000 000000
1517293703.135397:  1716 001691 2092 002190 2168 001841 2422 002299 2431 002620 1268 001452 0000 000000
1517293703.135464:  1716 001691 2092 002190 2168 001841 2422 002299 2431 002620 1268 001452 0000 000000
1517293703.237080:  1716 065484 2092 065427 2168 000197 2422 000030 2431 000010 1268 064736 0000 065518
1517293703.337930:  1716 001691 2092 002187 2168 001864 2422 002304 2431 002641 1268 001461 0000 000000
1517293703.338000:  1716 001691 2092 002187 2168 001864 2422 002304 2431 002641 1268 001461 0000 000000
1517293703.439658:  1713 001713 2087 002087 2217 002217 2430 002430 2472 002472 1275 001275 0000 000000
1517293703.534594:  1713 001692 2087 002185 2217 001890 2430 002308 2472 002664 1275 001467 0000 000000
1517293703.534667:  1713 001692 2087 002185 2217 001890 2430 002308 2472 002664 1275 001467 0000 000000
1517293703.636255:  1713 065484 2087 065427 2217 000207 2430 000030 2472 000010 1275 064736 0000 065518
1517293703.737080:  1713 001691 2087 002182 2217 001914 2430 002313 2472 002680 1275 001481 0000 000000
1517293703.737149:  1713 001691 2087 002182 2217 001914 2430 002313 2472 002680 1275 001481 0000 000000
1517293703.838725:  1711 001711 2083 002083 2266 002266 2437 002437 2514 002514 1281 001281 0000 000000
1517293703.939619:  1711 001691 2083 002178 2266 001938 2437 002317 2514 002700 1281 001490 0000 000000
1517293703.939674:  1711 001691 2083 002178 2266 001938 2437 002317 2514 002700 1281 001490 0000 000000
1517293704.034538:  1711 065472 2083 065427 2266 000197 2437 000030 2514 000010 1281 064736 0000 065518
1517293704.135367:  1711 001689 2083 002176 2266 001963 2437 002320 2514 002720 1281 001499 0000 000000
1517293704.135417:  1711 001689 2083 002176 2266 001963 2437 002320 2514 002720 1281 001499 0000 000000
1517293704.237233:  1708 001708 2079 002079 2315 002315 2443 002443 2555 002555 1287 001287 0000 000000
1517293704.338113:  1708 001686 2079 002173 2315 001987 2443 002325 2555 002741 1287 001509 0000 000000
1517293704.338166:  1708 001686 2079 002173 2315 001987 2443 002325 2555 002741 1287 001509 0000 000000
1517293704.439769:  1708 065484 2079 065427 2315 000197 2443 000030 2555 000010 1287 064736 0000 065518
1517293704.534538:  1708 001685 2079 002170 2315 002012 2443 002328 2555 002763 1287 001516 0000 000000
1517293704.534611:  1708 001685 2079 002170 2315 002012 2443 002328 2555 002763 1287 001516 0000 000000
1517293704.636370:  1705 001705 2076 002076 2363 002363 2450 002450 2598 002598 1293 001293 0000 000000
1517293704.737237:  1705 001681 2076 002167 2363 002036 2450 002331 2598 002784 1293 001529 0000 000000
1517293704.737333:  1705 001681 2076 002167 2363 002036 2450 002331 2598 002784 1293 001529 0000 000000
1517293704.839132:  1705 065484 2076 065427 2363 000207 2450 000030 2598 000010 1293 064736 0000 065518
1517293704.939907:  1705 001679 2076 002168 2363 002060 2450 002334 2598 002804 1293 001539 0000 000000
1517293704.940004:  1705 001679 2076 002168 2363 002060 2450 002334 2598 002804 1293 001539 0000 000000
1517293705.034507:  1702 001702 2073 002073 2411 002411 2456 002456 2640 002640 1299 001299 0000 000000
1517293705.135364:  1702 001677 2073 002162 2411 002083 2456 002337 2640 002824 1299 001554 0000 000000
1517293705.135419:  1702 001677 2073 002162 2411 002083 2456 002337 2640 002824 1299 001554 0000 000000
1517293705.237024:  1702 065484 2073 065439 2411 000207 2456 000030 2640 000010 1299 064736 0000 065518
1517293705.337831:  1702 001674 2073 002159 2411 002109 2456 002341 2640 002844 1299 001558 0000 000000
1517293705.337897:  1702 001674 2073 002159 2411 002109 2456 002341 2640 002844 1299 001558 0000 000000
1517293705.439634:  1698 001698 2071 002071 2460 002460 2461 002461 2683 002683 1304 001304 0000 000000
1517293705.534572:  1698 001672 2071 002157 2460 002134 2461 002344 2683 002865 1304 001568 0000 000000
1517293705.534633:  1698 001672 2071 002157 2460 002134 2461 002344 2683 002865 1304 001568 0000 000000
