1517295471.435482:  0000 001760 0000 000323 0000 003267 0000 002484 0000 003612 0000 001944 0000 000000
1517295471.996275:  0000 065472 0000 000071 0000 065393 0000 065456 0000 065366 0000 064736 0000 065518
1517295472.057063:  0000 001760 0000 000329 0000 003263 0000 002485 0000 003622 0000 001950 0000 000000
1517295472.057136:  0000 001760 0000 000329 0000 003263 0000 002485 0000 003622 0000 001950 0000 000000
1517295472.118832:  1763 001763 0334 000334 3243 003243 2482 002482 3606 003606 1942 001942 0000 000000
1517295472.179675:  1763 001760 0334 000342 3243 003221 2482 002485 3606 003658 1942 001952 0000 000000
1517295472.179736:  1763 001760 0334 000342 3243 003221 2482 002485 3606 003658 1942 001952 0000 000000
1517295472.241527:  1763 065472 0334 000071 3243 065403 2482 065456 3606 065436 1942 064736 0000 065518
1517295472.302231:  1763 001760 0334 000355 3243 003177 2482 002485 3606 003692 1942 001962 0000 000000
1517295472.302336:  1763 001760 0334 000355 3243 003177 2482 002485 3606 003692 1942 001962 0000 000000
1517295472.364258:  1770 001770 0357 000357 3193 003193 2479 002479 3594 003594 1940 001940 0000 000000
1517295472.425080:  1770 001759 0357 000367 3193 003137 2479 002486 3594 003723 1940 001976 0000 000000
1517295472.425172:  1770 001759 0357 000367 3193 003137 2479 002486 3594 003723 1940 001976 0000 000000
1517295472.486026:  1770 065484 0357 000071 3193 065433 2479 065456 3594 065506 1940 064736 0000 065518
1517295472.546727:  1770 001759 0357 000380 3193 003099 2479 002486 3594 003749 1940 001994 0000 000000
1517295472.546804:  1770 001759 0357 000380 3193 003099 2479 002486 3594 003749 1940 001994 0000 000000
1517295472.608512:  1777 001777 0380 000380 3143 003143 2475 002475 3581 003581 1938 001938 0000 000000
1517295472.669308:  1777 001758 0380 000390 3143 003066 2475 002486 3581 003768 1938 002003 0000 000000
1517295472.669362:  1777 001758 0380 000390 3143 003066 2475 002486 3581 003768 1938 002003 0000 000000
1517295472.730917:  1777 065496 0380 000071 3143 065463 2475 065446 3581 000030 1938 064736 0000 065518
1517295472.791811:  1777 001758 0380 000403 3143 003033 2475 002485 3581 003781 1938 002019 0000 000000
1517295472.791879:  1777 001758 0380 000403 3143 003033 2475 002485 3581 003781 1938 002019 0000 000000
1517295472.853654:  1783 001783 0403 000403 3091 003091 2472 002472 3567 003567 1936 001936 0000 000000
1517295472.914427:  1783 001758 0403 000415 3091 003003 2472 002483 3567 003788 1936 002029 0000 000000
1517295472.914503:  1783 001758 0403 000415 3091 003003 2472 002483 3567 003788 1936 002029 0000 000000
1517295472.975837:  1783 065496 0403 000071 3091 065463 2472 065456 3567 000060 1936 064736 0000 065518
1517295473.036575:  1783 001759 0403 000425 3091 002972 2472 002476 3567 003789 1936 002029 0000 000000
1517295473.036646:  1783 001759 0403 000425 3091 002972 2472 002476 3567 003789 1936 002029 0000 000000
1517295473.098363:  1788 001788 0427 000427 3037 003037 2469 002469 3551 003551 1933 001933 0000 000000
1517295473.159140:  1788 001764 0427 000437 3037 002944 2469 002471 3551 003788 1933 002028 0000 000000
1517295473.159196:  1788 001764 0427 000437 3037 002944 2469 002471 3551 003788 1933 002028 0000 000000
1517295473.220820:  1788 065496 0427 000071 3037 065473 2469 065456 3551 000070 1933 064736 0000 065518
1517295473.281577:  1788 001769 0427 000449 3037 002916 2469 002466 3551 003785 1933 002027 0000 000000
1517295473.281630:  1788 001769 0427 000449 3037 002916 2469 002466 3551 003785 1933 002027 0000 000000
1517295473.343324:  1794 001794 0450 000450 2982 002982 2467 002467 3535 003535 1931 001931 0000 000000
1517295473.404097:  1794 001773 0450 000461 2982 002888 2467 002460 3535 003780 1931 002028 0000 000000
1517295473.404163:  1794 001773 0450 000461 2982 002888 2467 002460 3535 003780 1931 002028 0000 000000
1517295473.465718:  1794 065496 0450 000071 2982 065463 2467 065466 3535 000080 1931 064736 0000 065518
1517295473.526554:  1794 001777 0450 000472 2982 002862 2467 002453 3535 003772 1931 002025 0000 000000
1517295473.526650:  1794 001777 0450 000472 2982 002862 2467 002453 3535 003772 1931 002025 0000 000000
1517295473.588522:  1799 001799 0474 000474 2926 002926 2464 002464 3517 003517 1928 001928 0000 000000
1517295473.649389:  1799 001782 0474 000484 2926 002833 2464 002450 3517 003764 1928 002026 0000 000000
1517295473.649465:  1799 001782 0474 000484 2926 002833 2464 002450 3517 003764 1928 002026 0000 000000
1517295473.711286:  1799 065484 0474 000071 2926 065463 2464 065466 3517 000080 1928 064736 0000 065518
1517295473.772148:  1799 001786 0474 000496 2926 002804 2464 002445 3517 003755 1928 002027 0000 000000
1517295473.772223:  1799 001786 0474 000496 2926 002804 2464 002445 3517 003755 1928 002027 0000 000000
1517295473.833687:  1803 001803 0498 000498 2868 002868 2461 002461 3498 003498 1925 001925 0000 000000
1517295473.894457:  1803 001789 0498 000507 2868 002775 2461 002439 3498 003754 1925 002023 0000 000000
1517295473.894524:  1803 001789 0498 000507 2868 002775 2461 002439 3498 003754 1925 002023 0000 000000
1517295473.955629:  1803 065484 0498 000071 2868 065463 2461 065476 3498 000080 1925 064736 0000 065518
1517295474.016482:  1803 001791 0498 000520 2868 002747 2461 002435 3498 003736 1925 002014 0000 000000
1517295474.016551:  1803 001791 0498 000520 2868 002747 2461 002435 3498 003736 1925 002014 0000 000000
1517295474.078017:  1808 001808 0522 000522 2810 002810 2458 002458 3478 003478 1922 001922 0000 000000
1517295474.138862:  1808 001794 0522 000532 2810 002717 2458 002432 3478 003726 1922 002006 0000 000000
1517295474.138919:  1808 001794 0522 000532 2810 002717 2458 002432 3478 003726 1922 002006 0000 000000
1517295474.200558:  1808 065484 0522 000071 2810 065463 2458 065476 3478 000080 1922 064736 0000 065518
1517295474.261362:  1808 001796 0522 000544 2810 002687 2458 002430 3478 003716 1922 002001 0000 000000
1517295474.261418:  1808 001796 0522 000544 2810 002687 2458 002430 3478 003716 1922 002001 0000 000000
1517295474.323081:  1812 001812 0547 000547 2749 002749 2455 002455 3458 003458 1919 001919 0000 000000
1517295474.383899:  1812 001801 0547 000555 2749 002658 2455 002428 3458 003707 1919 001999 0000 000000
1517295474.383970:  1812 001801 0547 000555 2749 002658 2455 002428 3458 003707 1919 001999 0000 000000
1517295474.445591:  1812 065484 0547 000071 2749 065463 2455 065476 3458 000080 1919 064736 0000 065518
1517295474.506235:  1812 001805 0547 000566 2749 002630 2455 002425 3458 003697 1919 001992 0000 000000
1517295474.506324:  1812 001805 0547 000566 2749 002630 2455 002425 3458 003697 1919 001992 0000 000000
1517295474.567982:  1816 001816 0572 000572 2688 002688 2452 002452 3436 003436 1916 001916 0000 000000
1517295474.628723:  1816 001805 0572 000578 2688 002602 2452 002424 3436 003687 1916 001992 0000 000000
1517295474.628789:  1816 001805 0572 000578 2688 002602 2452 002424 3436 003687 1916 001992 0000 000000
1517295474.690452:  1816 065484 0572 000071 2688 065463 2452 065476 3436 000080 1916 064736 0000 065518
1517295474.751245:  1816 001806 0572 000590 2688 002572 2452 002421 3436 003679 1916 001992 0000 000000
1517295474.751311:  1816 001806 0572 000590 2688 002572 2452 002421 3436 003679 1916 001992 0000 000000
1517295474.813358:  1820 001820 0597 000597 2626 002626 2450 002450 3413 003413 1913 001913 0000 000000
1517295474.874142:  1820 001805 0597 000602 2626 002541 2450 002418 3413 003667 1913 001986 0000 000000
1517295474.874208:  1820 001805 0597 000602 2626 002541 2450 002418 3413 003667 1913 001986 0000 000000
1517295474.935473:  1820 065484 0597 000071 2626 065453 2450 065486 3413 000080 1913 064736 0000 065518
1517295474.996181:  1820 001805 0597 000615 2626 002509 2450 002415 3413 003654 1913 001975 0000 000000
1517295474.996257:  1820 001805 0597 000615 2626 002509 2450 002415 3413 003654 1913 001975 0000 000000
1517295475.058032:  1823 001823 0622 000622 2562 002562 2447 002447 3390 003390 1909 001909 0000 000000
1517295475.118823:  1823 001806 0622 000629 2562 002479 2447 002414 3390 003643 1909 001967 0000 000000
1517295475.118912:  1823 001806 0622 000629 2562 002479 2447 002414 3390 003643 1909 001967 0000 000000
1517295475.180483:  1823 065484 0622 000071 2562 065453 2447 065486 3390 000080 1909 064736 0000 065518
1517295475.241392:  1823 001807 0622 000642 2562 002449 2447 002412 3390 003632 1909 001961 0000 000000
1517295475.241444:  1823 001807 0622 000642 2562 002449 2447 002412 3390 003632 1909 001961 0000 000000
1517295475.303116:  1827 001827 0648 000648 2497 002497 2444 002444 3365 003365 1906 001906 0000 000000
1517295475.363947:  1827 001807 0648 000656 2497 002417 2444 002411 3365 003619 1906 001959 0000 000000
1517295475.364000:  1827 001807 0648 000656 2497 002417 2444 002411 3365 003619 1906 001959 0000 000000
1517295475.425803:  1827 065496 0648 000071 2497 065453 2444 065486 3365 000090 1906 064736 0000 065518
1517295475.486032:  1827 001807 0648 000668 2497 002385 2444 002409 3365 003607 1906 001952 0000 000000
1517295475.486119:  1827 001807 0648 000668 2497 002385 2444 002409 3365 003607 1906 001952 0000 000000
1517295475.547851:  1830 001830 0674 000674 2431 002431 2441 002441 3340 003340 1902 001902 0000 000000
1517295475.608679:  1830 001809 0674 000682 2431 002354 2441 002408 3340 003593 1902 001950 0000 000000
1517295475.608753:  1830 001809 0674 000682 2431 002354 2441 002408 3340 003593 1902 001950 0000 000000
1517295475.670533:  1830 065496 0674 000071 2431 065453 2441 065486 3340 000080 1902 064736 0000 065518
1517295475.731320:  1830 001810 0674 000696 2431 002322 2441 002407 3340 003580 1902 001947 0000 000000
1517295475.731410:  1830 001810 0674 000696 2431 002322 2441 002407 3340 003580 1902 001947 0000 000000
1517295475.792922:  1833 001833 0700 000700 2365 002365 2438 002438 3314 003314 1898 001898 0000 000000
1517295475.853802:  1833 001810 0700 000709 2365 002288 2438 002403 3314 003567 1898 001938 0000 000000
1517295475.853874:  1833 001810 0700 000709 2365 002288 2438 002403 3314 003567 1898 001938 0000 000000
1517295475.915478:  1833 065496 0700 000071 2365 065443 2438 065486 3314 000090 1898 064736 0000 065518
1517295475.975815:  1833 001814 0700 000722 2365 002256 2438 002402 3314 003553 1898 001927 0000 000000
1517295475.975870:  1833 001814 0700 000722 2365 002256 2438 002402 3314 003553 1898 001927 0000 000000
1517295476.037669:  1836 001836 0727 000727 2297 002297 2435 002435 3286 003286 1894 001894 0000 000000
1517295476.098478:  1836 001816 0727 000736 2297 002223 2435 002400 3286 003540 1894 001919 0000 000000
1517295476.098581:  1836 001816 0727 000736 2297 002223 2435 002400 3286 003540 1894 001919 0000 000000
1517295476.160284:  1836 065484 0727 000071 2297 065443 2435 065486 3286 000090 1894 064736 0000 065518
1517295476.221048:  1836 001819 0727 000749 2297 002191 2435 002398 3286 003527 1894 001913 0000 000000
1517295476.221101:  1836 001819 0727 000749 2297 002191 2435 002398 3286 003527 1894 001913 0000 000000
1517295476.282820:  1839 001839 0754 000754 2228 002228 2432 002432 3258 003258 1890 001890 0000 000000
1517295476.343565:  1839 001822 0754 000763 2228 002157 2432 002397 3258 003513 1890 001910 0000 000000
1517295476.343684:  1839 001822 0754 000763 2228 002157 2432 002397 3258 003513 1890 001910 0000 000000
1517295476.405340:  1839 065484 0754 000071 2228 065443 2432 065486 3258 000090 1890 064736 0000 065518
1517295476.465714:  1839 001824 0754 000776 2228 002124 2432 002395 3258 003499 1890 001900 0000 000000
1517295476.465793:  1839 001824 0754 000776 2228 002124 2432 002395 3258 003499 1890 001900 0000 000000
1517295476.527511:  1841 001841 0782 000782 2158 002158 2428 002428 3229 003229 1886 001886 0000 000000
1517295476.588586:  1841 001827 0782 000790 2158 002091 2428 002394 3229 003486 1886 001899 0000 000000
1517295476.588654:  1841 001827 0782 000790 2158 002091 2428 002394 3229 003486 1886 001899 0000 000000
1517295476.650660:  1841 065484 0782 000071 2158 065443 2428 065486 3229 000090 1886 064736 0000 065518
1517295476.711528:  1841 001829 0782 000803 2158 002057 2428 002393 3229 003472 1886 001894 0000 000000
1517295476.711616:  1841 001829 0782 000803 2158 002057 2428 002393 3229 003472 1886 001894 0000 000000
1517295476.773257:  1844 001844 0810 000810 2088 002088 2425 002425 3199 003199 1881 001881 0000 000000
1517295476.834100:  1844 001831 0810 000816 2088 002022 2425 002392 3199 003459 1881 001884 0000 000000
1517295476.834171:  1844 001831 0810 000816 2088 002022 2425 002392 3199 003459 1881 001884 0000 000000
1517295476.895876:  1844 065484 0810 000071 2088 065433 2425 065486 3199 000090 1881 064736 0000 065518
1517295476.955629:  1844 001834 0810 000830 2088 001987 2425 002391 3199 003446 1881 001873 0000 000000
1517295476.955700:  1844 001834 0810 000830 2088 001987 2425 002391 3199 003446 1881 001873 0000 000000
1517295477.017427:  1846 001846 0838 000838 2017 002017 2421 002421 3168 003168 1876 001876 0000 000000
1517295477.078296:  1846 001836 0838 000843 2017 001951 2421 002390 3168 003431 1876 001865 0000 000000
1517295477.078365:  1846 001836 0838 000843 2017 001951 2421 002390 3168 003431 1876 001865 0000 000000
1517295477.140149:  1846 065472 0838 000071 2017 065433 2421 065476 3168 000100 1876 064746 0000 065518
1517295477.200938:  1846 001838 0838 000857 2017 001916 2421 002389 3168 003414 1876 001859 0000 000000
1517295477.200988:  1846 001838 0838 000857 2017 001916 2421 002389 3168 003414 1876 001859 0000 000000
1517295477.262619:  1849 001849 0867 000867 1944 001944 2417 002417 3136 003136 1872 001872 0000 000000
1517295477.323296:  1849 001838 0867 000870 1944 001881 2417 002387 3136 003396 1872 001856 0000 000000
1517295477.323358:  1849 001838 0867 000870 1944 001881 2417 002387 3136 003396 1872 001856 0000 000000
1517295477.385009:  1849 065484 0867 000071 1944 065433 2417 065486 3136 000090 1872 064746 0000 065518
1517295477.445570:  1849 001838 0867 000883 1944 001846 2417 002384 3136 003379 1872 001845 0000 000000
1517295477.445638:  1849 001838 0867 000883 1944 001846 2417 002384 3136 003379 1872 001845 0000 000000
1517295477.507406:  1851 001851 0897 000897 1871 001871 2414 002414 3103 003103 1866 001866 0000 000000
1517295477.568140:  1851 001838 0897 000897 1871 001811 2414 002382 3103 003363 1866 001842 0000 000000
1517295477.568211:  1851 001838 0897 000897 1871 001811 2414 002382 3103 003363 1866 001842 0000 000000
1517295477.629794:  1851 065484 0897 000071 1871 065433 2414 065486 3103 000090 1866 064756 0000 065518
1517295477.690500:  1851 001838 0897 000910 1871 001774 2414 002380 3103 003348 1866 001835 0000 000000
1517295477.690579:  1851 001838 0897 000910 1871 001774 2414 002380 3103 003348 1866 001835 0000 000000
1517295477.752089:  1853 001853 0927 000927 1798 001798 2409 002409 3069 003069 1861 001861 0000 000000
1517295477.812934:  1853 001838 0927 000923 1798 001738 2409 002378 3069 003332 1861 001822 0000 000000
1517295477.813002:  1853 001838 0927 000923 1798 001738 2409 002378 3069 003332 1861 001822 0000 000000
1517295477.874686:  1853 065484 0927 000083 1798 065433 2409 065486 3069 000100 1861 064776 0000 065518
1517295477.935472:  1853 001838 0927 000938 1798 001701 2409 002375 3069 003315 1861 001811 0000 000000
1517295477.935547:  1853 001838 0927 000938 1798 001701 2409 002375 3069 003315 1861 001811 0000 000000
1517295477.997252:  1855 001855 0958 000958 1723 001723 2405 002405 3034 003034 1856 001856 0000 000000
1517295478.058057:  1855 001838 0958 000952 1723 001664 2405 002373 3034 003297 1856 001802 0000 000000
1517295478.058130:  1855 001838 0958 000952 1723 001664 2405 002373 3034 003297 1856 001802 0000 000000
1517295478.059917:  1855 001838 0958 000952 1723 001664 2405 002373 3034 003297 1856 001802 0000 000000
1517295478.496123:  1855 065472 0958 000023 1723 065483 2405 065456 3034 065336 1856 064736 0000 065518
1517295478.557069:  1855 001838 0958 000998 1723 001558 2405 002364 3034 003270 1856 001776 0000 000000
1517295478.557171:  1855 001838 0958 000998 1723 001558 2405 002364 3034 003270 1856 001776 0000 000000
1517295478.618780:  1837 001837 0941 000941 1642 001642 2370 002370 3268 003268 1797 001797 0000 000000
1517295478.679619:  1837 001838 0941 001001 1642 001533 2370 002360 3268 003312 1797 001783 0000 000000
1517295478.679697:  1837 001838 0941 001001 1642 001533 2370 002360 3268 003312 1797 001783 0000 000000
1517295478.741375:  1837 065472 0941 065523 1642 065483 2370 065456 3268 065456 1797 064736 0000 065518
1517295478.802193:  1837 001838 0941 001003 1642 001509 2370 002358 3268 003349 1797 001800 0000 000000
1517295478.802246:  1837 001838 0941 001003 1642 001509 2370 002358 3268 003349 1797 001800 0000 000000
1517295478.863807:  1837 001837 0922 000922 1599 001599 2364 002364 3210 003210 1787 001787 0000 000000
1517295478.924570:  1837 001838 0922 001005 1599 001489 2364 002354 3210 003377 1787 001811 0000 000000
1517295478.924624:  1837 001838 0922 001005 1599 001489 2364 002354 3210 003377 1787 001811 0000 000000
1517295478.986080:  1837 065472 0922 065499 1599 065493 2364 065456 3210 000030 1787 064736 0000 065518
1517295479.046926:  1837 001837 0922 001006 1599 001466 2364 002348 3210 003394 1787 001828 0000 000000
1517295479.046983:  1837 001837 0922 001006 1599 001466 2364 002348 3210 003394 1787 001828 0000 000000
1517295479.108487:  1837 001837 0903 000903 1554 001554 2358 002358 3151 003151 1777 001777 0000 000000
1517295479.169313:  1837 001837 0903 001007 1554 001444 2358 002343 3151 003396 1777 001836 0000 000000
1517295479.169350:  1837 001837 0903 001007 1554 001444 2358 002343 3151 003396 1777 001836 0000 000000
1517295479.230855:  1837 065472 0903 065475 1554 065483 2358 065466 3151 000100 1777 064736 0000 065518
1517295479.291675:  1837 001836 0903 001007 1554 001420 2358 002340 3151 003383 1777 001835 0000 000000
1517295479.291730:  1837 001836 0903 001007 1554 001420 2358 002340 3151 003383 1777 001835 0000 000000
1517295479.353492:  1837 001837 0886 000886 1508 001508 2352 002352 3091 003091 1767 001767 0000 000000
1517295479.414310:  1837 001832 0886 001007 1508 001399 2352 002337 3091 003365 1767 001829 0000 000000
1517295479.414360:  1837 001832 0886 001007 1508 001399 2352 002337 3091 003365 1767 001829 0000 000000
1517295479.475896:  1837 065472 0886 065463 1508 065483 2352 065466 3091 000120 1767 064736 0000 065518
1517295479.536738:  1837 001826 0886 001008 1508 001376 2352 002334 3091 003343 1767 001824 0000 000000
1517295479.536790:  1837 001826 0886 001008 1508 001376 2352 002334 3091 003343 1767 001824 0000 000000
1517295479.598458:  1837 001837 0870 000870 1461 001461 2344 002344 3031 003031 1756 001756 0000 000000
1517295479.659219:  1837 001824 0870 001007 1461 001353 2344 002331 3031 003317 1756 001817 0000 000000
1517295479.659284:  1837 001824 0870 001007 1461 001353 2344 002331 3031 003317 1756 001817 0000 000000
1517295479.720969:  1837 065484 0870 065439 1461 065483 2344 065466 3031 000130 1756 064736 0000 065518
1517295479.781770:  1837 001822 0870 001006 1461 001331 2344 002327 3031 003289 1756 001806 0000 000000
1517295479.781824:  1837 001822 0870 001006 1461 001331 2344 002327 3031 003289 1756 001806 0000 000000
1517295479.843534:  1837 001837 0855 000855 1413 001413 2337 002337 2970 002970 1745 001745 0000 000000
1517295479.904388:  1837 001820 0855 001005 1413 001309 2337 002324 2970 003260 1745 001796 0000 000000
1517295479.904456:  1837 001820 0855 001005 1413 001309 2337 002324 2970 003260 1745 001796 0000 000000
1517295479.965719:  1837 065484 0855 065427 1413 065483 2337 065466 2970 000130 1745 064736 0000 065518
1517295480.026529:  1837 001818 0855 001003 1413 001286 2337 002320 2970 003229 1745 001786 0000 000000
1517295480.026597:  1837 001818 0855 001003 1413 001286 2337 002320 2970 003229 1745 001786 0000 000000
1517295480.088163:  1837 001837 0841 000841 1364 001364 2328 002328 2908 002908 1733 001733 0000 000000
1517295480.149020:  1837 001817 0841 001001 1364 001264 2328 002315 2908 003199 1733 001770 0000 000000
1517295480.149087:  1837 001817 0841 001001 1364 001264 2328 002315 2908 003199 1733 001770 0000 000000
1517295480.210541:  1837 065484 0841 065415 1364 065473 2328 065466 2908 000130 1733 064736 0000 065518
1517295480.271345:  1837 001818 0841 000998 1364 001239 2328 002311 2908 003169 1733 001752 0000 000000
1517295480.271399:  1837 001818 0841 000998 1364 001239 2328 002311 2908 003169 1733 001752 0000 000000
1517295480.332892:  1837 001837 0829 000829 1313 001313 2318 002318 2846 002846 1720 001720 0000 000000
1517295480.393813:  1837 001818 0829 000995 1313 001214 2318 002308 2846 003139 1720 001735 0000 000000
1517295480.393884:  1837 001818 0829 000995 1313 001214 2318 002308 2846 003139 1720 001735 0000 000000
1517295480.445492:  1837 065484 0829 065403 1313 065473 2318 065456 2846 000130 1720 064736 0000 065518
1517295480.506233:  1837 001819 0829 000993 1313 001192 2318 002304 2846 003111 1720 001729 0000 000000
1517295480.506310:  1837 001819 0829 000993 1313 001192 2318 002304 2846 003111 1720 001729 0000 000000
1517295480.567946:  1837 001837 0818 000818 1262 001262 2308 002308 2783 002783 1707 001707 0000 000000
1517295480.628622:  1837 001819 0818 000989 1262 001167 2308 002300 2783 003078 1707 001714 0000 000000
1517295480.628679:  1837 001819 0818 000989 1262 001167 2308 002300 2783 003078 1707 001714 0000 000000
1517295480.690293:  1837 065484 0818 065403 1262 065473 2308 065456 2783 000140 1707 064736 0000 065518
1517295480.751073:  1837 001821 0818 000985 1262 001143 2308 002295 2783 003047 1707 001694 0000 000000
1517295480.751139:  1837 001821 0818 000985 1262 001143 2308 002295 2783 003047 1707 001694 0000 000000
1517295480.812615:  1837 001837 0807 000807 1209 001209 2296 002296 2721 002721 1692 001692 0000 000000
1517295480.873454:  1837 001821 0807 000981 1209 001118 2296 002291 2721 003014 1692 001676 0000 000000
1517295480.873564:  1837 001821 0807 000981 1209 001118 2296 002291 2721 003014 1692 001676 0000 000000
1517295480.935491:  1837 065484 0807 065403 1209 065463 2296 065456 2721 000130 1692 064746 0000 065518
1517295480.996340:  1837 001822 0807 000977 1209 001092 2296 002286 2721 002983 1692 001660 0000 000000
1517295480.996418:  1837 001822 0807 000977 1209 001092 2296 002286 2721 002983 1692 001660 0000 000000
1517295481.058202:  1837 001837 0798 000798 1156 001156 2283 002283 2657 002657 1677 001677 0000 000000
1517295481.119006:  1837 001823 0798 000973 1156 001065 2283 002282 2657 002951 1677 001647 0000 000000
1517295481.119102:  1837 001823 0798 000973 1156 001065 2283 002282 2657 002951 1677 001647 0000 000000
1517295481.180637:  1837 065484 0798 065403 1156 065463 2283 065456 2657 000140 1677 064766 0000 065518
1517295481.241345:  1837 001824 0798 000969 1156 001038 2283 002277 2657 002920 1677 001636 0000 000000
1517295481.241406:  1837 001824 0798 000969 1156 001038 2283 002277 2657 002920 1677 001636 0000 000000
1517295481.302889:  1837 001837 0791 000791 1102 001102 2269 002269 2594 002594 1660 001660 0000 000000
1517295481.363553:  1837 001824 0791 000966 1102 001012 2269 002272 2594 002924 1660 001619 0000 000000
1517295481.363642:  1837 001824 0791 000966 1102 001012 2269 002272 2594 002924 1660 001619 0000 000000
1517295481.425196:  1837 065484 0791 065403 1102 065463 2269 065456 2594 000130 1660 064766 0000 065518
1517295481.486047:  1837 001825 0791 000962 1102 000985 2269 002267 2594 002856 1660 001606 0000 000000
1517295481.486117:  1837 001825 0791 000962 1102 000985 2269 002267 2594 002856 1660 001606 0000 000000
1517295481.548037:  1837 001837 0784 000784 1047 001047 2253 002253 2531 002531 1642 001642 0000 000000
1517295481.608826:  1837 001826 0784 000958 1047 000958 2253 002261 2531 002824 1642 001589 0000 000000
1517295481.608893:  1837 001826 0784 000958 1047 000958 2253 002261 2531 002824 1642 001589 0000 000000
1517295481.670736:  1837 065484 0784 065403 1047 065463 2253 065446 2531 000130 1642 064786 0000 065518
1517295481.731474:  1837 001826 0784 000954 1047 000932 2253 002255 2531 002792 1642 001569 0000 000000
1517295481.731529:  1837 001826 0784 000954 1047 000932 2253 002255 2531 002792 1642 001569 0000 000000
1517295481.793322:  1837 001837 0779 000779 0991 000991 2236 002236 2468 002468 1623 001623 0000 000000
1517295481.854121:  1837 001827 0779 000950 0991 000906 2236 002250 2468 002760 1623 001551 0000 000000
1517295481.854199:  1837 001827 0779 000950 0991 000906 2236 002250 2468 002760 1623 001551 0000 000000
1517295481.915771:  1837 065484 0779 065403 0991 065463 2236 065436 2468 000130 1623 064796 0000 065518
1517295481.975780:  1837 001826 0779 000946 0991 000879 2236 002244 2468 002728 1623 001536 0000 000000
1517295481.975876:  1837 001826 0779 000946 0991 000879 2236 002244 2468 002728 1623 001536 0000 000000
1517295482.037529:  1837 001837 0775 000775 0934 000934 2216 002216 2405 002405 1602 001602 0000 000000
1517295482.098218:  1837 001824 0775 000943 0934 000851 2216 002238 2405 002697 1602 001524 0000 000000
1517295482.098307:  1837 001824 0775 000943 0934 000851 2216 002238 2405 002697 1602 001524 0000 000000
1517295482.159914:  1837 065484 0775 065415 0934 065453 2216 065436 2405 000130 1602 064806 0000 065518
1517295482.220611:  1837 001821 0775 000939 0934 000823 2216 002230 2405 002666 1602 001512 0000 000000
1517295482.220682:  1837 001821 0775 000939 0934 000823 2216 002230 2405 002666 1602 001512 0000 000000
1517295482.282473:  1837 001837 0772 000772 0877 000877 2194 002194 2342 002342 1578 001578 0000 000000
1517295482.343214:  1837 001820 0772 000936 0877 000795 2194 002221 2342 002634 1578 001495 0000 000000
1517295482.343295:  1837 001820 0772 000936 0877 000795 2194 002221 2342 002634 1578 001495 0000 000000
1517295482.404820:  1837 065484 0772 065415 0877 065453 2194 065426 2342 000130 1578 064806 0000 065518
1517295482.455678:  1837 001818 0772 000933 0877 000768 2194 002212 2342 002601 1578 001482 0000 000000
1517295482.455745:  1837 001818 0772 000933 0877 000768 2194 002212 2342 002601 1578 001482 0000 000000
1517295482.517620:  1837 001837 0771 000771 0819 000819 2169 002169 2280 002280 1553 001553 0000 000000
1517295482.578436:  1837 001818 0771 000930 0819 000741 2169 002204 2280 002571 1553 001461 0000 000000
1517295482.578509:  1837 001818 0771 000930 0819 000741 2169 002204 2280 002571 1553 001461 0000 000000
1517295482.640174:  1837 065484 0771 065427 0819 065453 2169 065416 2280 000130 1553 064816 0000 065518
1517295482.700964:  1837 001818 0771 000928 0819 000713 2169 002194 2280 002539 1553 001449 0000 000000
1517295482.701095:  1837 001818 0771 000928 0819 000713 2169 002194 2280 002539 1553 001449 0000 000000
1517295482.762633:  1837 001837 0771 000771 0760 000760 2141 002141 2218 002218 1524 001524 0000 000000
1517295482.823463:  1837 001818 0771 000926 0760 000686 2141 002185 2218 002508 1524 001435 0000 000000
1517295482.823532:  1837 001818 0771 000926 0760 000686 2141 002185 2218 002508 1524 001435 0000 000000
1517295482.885289:  1837 065484 0771 065427 0760 065443 2141 065406 2218 000130 1524 064816 0000 065518
1517295482.945532:  1837 001819 0771 000923 0760 000656 2141 002175 2218 002477 1524 001417 0000 000000
1517295482.945588:  1837 001819 0771 000923 0760 000656 2141 002175 2218 002477 1524 001417 0000 000000
1517295483.007083:  1837 001837 0772 000772 0701 000701 2109 002109 2157 002157 1492 001492 0000 000000
1517295483.067885:  1837 001819 0772 000921 0701 000628 2109 002164 2157 002446 1492 001403 0000 000000
1517295483.067955:  1837 001819 0772 000921 0701 000628 2109 002164 2157 002446 1492 001403 0000 000000
1517295483.129749:  1837 065484 0772 065439 0701 065443 2109 065396 2157 000130 1492 064816 0000 065518
1517295483.190600:  1837 001819 0772 000920 0701 000599 2109 002151 2157 002414 1492 001383 0000 000000
1517295483.190666:  1837 001819 0772 000920 0701 000599 2109 002151 2157 002414 1492 001383 0000 000000
1517295483.252324:  1837 001837 0775 000775 0641 000641 2072 002072 2098 002098 1455 001455 0000 000000
1517295483.313195:  1837 001819 0775 000918 0641 000570 2072 002139 2098 002384 1455 001365 0000 000000
1517295483.313262:  1837 001819 0775 000918 0641 000570 2072 002139 2098 002384 1455 001365 0000 000000
1517295483.375084:  1837 065484 0775 065439 0641 065443 2072 065376 2098 000130 1455 064806 0000 065518
1517295483.435474:  1837 001820 0775 000917 0641 000541 2072 002126 2098 002355 1455 001350 0000 000000
1517295483.435552:  1837 001820 0775 000917 0641 000541 2072 002126 2098 002355 1455 001350 0000 000000
1517295483.497301:  1837 001837 0780 000780 0581 000581 2029 002029 2040 002040 1414 001414 0000 000000
1517295483.558114:  1837 001820 0780 000916 0581 000512 2029 002111 2040 002326 1414 001338 0000 000000
1517295483.558190:  1837 001820 0780 000916 0581 000512 2029 002111 2040 002326 1414 001338 0000 000000
1517295483.620132:  1837 065484 0780 065451 0581 065443 2029 065366 2040 000120 1414 064786 0000 065518
1517295483.680965:  1837 001820 0780 000915 0581 000483 2029 002094 2040 002297 1414 001328 0000 000000
1517295483.681040:  1837 001820 0780 000915 0581 000483 2029 002094 2040 002297 1414 001328 0000 000000
1517295483.743000:  1837 001837 0786 000786 0521 000521 1979 001979 1985 001985 1366 001366 0000 000000
1517295483.803796:  1837 001820 0786 000915 0521 000455 1979 002077 1985 002269 1366 001313 0000 000000
1517295483.803867:  1837 001820 0786 000915 0521 000455 1979 002077 1985 002269 1366 001313 0000 000000
1517295483.865636:  1837 065484 0786 065463 0521 065433 1979 065346 1985 000120 1366 064766 0000 065518
1517295483.926427:  1837 001821 0786 000915 0521 000427 1979 002061 1985 002240 1366 001295 0000 000000
1517295483.926483:  1837 001821 0786 000915 0521 000427 1979 002061 1985 002240 1366 001295 0000 000000
1517295483.985992:  1837 001837 0795 000795 0461 000461 1920 001920 1932 001932 1311 001311 0000 000000
1517295484.046892:  1837 001821 0795 000915 0461 000399 1920 002041 1932 002213 1311 001285 0000 000000
1517295484.046959:  1837 001821 0795 000915 0461 000399 1920 002041 1932 002213 1311 001285 0000 000000
1517295484.108681:  1837 065484 0795 065475 0461 065433 1920 065316 1932 000120 1311 064736 0000 065518
1517295484.169501:  1837 001821 0795 000915 0461 000371 1920 002021 1932 002185 1311 001266 0000 000000
1517295484.169591:  1837 001821 0795 000915 0461 000371 1920 002021 1932 002185 1311 001266 0000 000000
1517295484.231245:  1837 001837 0806 000806 0401 000401 1851 001851 1884 001884 1247 001247 0000 000000
1517295484.292006:  1837 001823 0806 000915 0401 000343 1851 002000 1884 002158 1247 001253 0000 000000
1517295484.292058:  1837 001823 0806 000915 0401 000343 1851 002000 1884 002158 1247 001253 0000 000000
1517295484.353779:  1837 065484 0806 065487 0401 065433 1851 065286 1884 000110 1247 064736 0000 065518
1517295484.414536:  1837 001823 0806 000915 0401 000312 1851 001975 1884 002137 1247 001237 0000 000000
1517295484.414591:  1837 001823 0806 000915 0401 000312 1851 001975 1884 002137 1247 001237 0000 000000
1517295484.475800:  1837 001837 0819 000819 0341 000341 1770 001770 1841 001841 1173 001173 0000 000000
1517295484.536607:  1837 001823 0819 000916 0341 000285 1770 001951 1841 002112 1173 001230 0000 000000
1517295484.536661:  1837 001823 0819 000916 0341 000285 1770 001951 1841 002112 1173 001230 0000 000000
