1517293886.083458:  0000 001758 0000 000269 0000 003281 0000 002394 0000 003601 0000 001947 0000 000000
1517293886.684169:  1758 001758 0268 000268 3280 003280 2394 002394 3601 003601 1946 001946 0000 000000
1517293886.784863:  1758 001755 0268 000267 3280 003266 2394 002462 3601 003622 1946 001944 0000 000000
1517293886.784919:  1758 001755 0268 000267 3280 003266 2394 002462 3601 003622 1946 001944 0000 000000
1517293886.886520:  1758 065472 0268 000011 3280 065423 2394 065376 3601 065426 1946 064815 0000 065518
1517293886.987269:  1758 001747 0268 000269 3280 003204 2394 002457 3601 003678 1946 001961 0000 000000
1517293886.987330:  1758 001747 0268 000269 3280 003204 2394 002457 3601 003678 1946 001961 0000 000000
1517293887.083491:  1765 001765 0291 000291 3235 003235 2390 002390 3594 003594 1944 001944 0000 000000
1517293887.184288:  1765 001739 0291 000274 3235 003154 2390 002432 3594 003725 1944 001978 0000 000000
1517293887.184351:  1765 001739 0291 000274 3235 003154 2390 002432 3594 003725 1944 001978 0000 000000
1517293887.285995:  1765 065496 0291 000023 3235 065483 2390 065416 3594 065526 1944 064775 0000 065518
1517293887.386757:  1765 001737 0291 000279 3235 003109 2390 002409 3594 003762 1944 002004 0000 000000
1517293887.386829:  1765 001737 0291 000279 3235 003109 2390 002409 3594 003762 1944 002004 0000 000000
1517293887.488406:  1772 001772 0315 000315 3188 003188 2387 002387 3585 003585 1942 001942 0000 000000
1517293887.583450:  1772 001737 0315 000285 3188 003074 2387 002392 3585 003782 1942 002022 0000 000000
1517293887.583543:  1772 001737 0315 000285 3188 003074 2387 002392 3585 003782 1942 002022 0000 000000
1517293887.685101:  1772 065496 0315 000035 3188 065503 2387 065446 3585 000040 1942 064736 0000 065518
1517293887.785897:  1772 001738 0315 000291 3188 003044 2387 002375 3585 003792 1942 002030 0000 000000
1517293887.785972:  1772 001738 0315 000291 3188 003044 2387 002375 3585 003792 1942 002030 0000 000000
1517293887.887601:  1779 001779 0338 000338 3139 003139 2383 002383 3576 003576 1939 001939 0000 000000
1517293887.988329:  1779 001741 0338 000300 3139 003016 2383 002362 3576 003795 1939 002035 0000 000000
1517293887.988425:  1779 001741 0338 000300 3139 003016 2383 002362 3576 003795 1939 002035 0000 000000
1517293888.083452:  1779 065496 0338 000047 3139 065513 2383 065466 3576 000060 1939 064736 0000 065518
1517293888.184239:  1779 001746 0338 000308 3139 002990 2383 002352 3576 003795 1939 002033 0000 000000
1517293888.184313:  1779 001746 0338 000308 3139 002990 2383 002352 3576 003795 1939 002033 0000 000000
1517293888.285937:  1785 001785 0361 000361 3088 003088 2380 002380 3565 003565 1937 001937 0000 000000
1517293888.386726:  1785 001752 0361 000317 3088 002963 2380 002341 3565 003791 1937 002040 0000 000000
1517293888.386832:  1785 001752 0361 000317 3088 002963 2380 002341 3565 003791 1937 002040 0000 000000
1517293888.488477:  1785 065496 0361 000059 3088 065513 2380 065486 3565 000060 1937 064736 0000 065518
1517293888.583443:  1785 001757 0361 000327 3088 002936 2380 002335 3565 003788 1937 002041 0000 000000
1517293888.583496:  1785 001757 0361 000327 3088 002936 2380 002335 3565 003788 1937 002041 0000 000000
1517293888.685128:  1791 001791 0385 000385 3036 003036 2377 002377 3553 003553 1934 001934 0000 000000
1517293888.785877:  1791 001763 0385 000337 3036 002911 2377 002327 3553 003780 1934 002036 0000 000000
1517293888.785949:  1791 001763 0385 000337 3036 002911 2377 002327 3553 003780 1934 002036 0000 000000
1517293888.887600:  1791 065484 0385 000059 3036 065513 2377 065496 3553 000070 1934 064736 0000 065518
1517293888.988331:  1791 001767 0385 000347 3036 002885 2377 002323 3553 003772 1934 002033 0000 000000
1517293888.988384:  1791 001767 0385 000347 3036 002885 2377 002323 3553 003772 1934 002033 0000 000000
1517293889.083439:  1796 001796 0409 000409 2983 002983 2374 002374 3539 003539 1931 001931 0000 000000
1517293889.184230:  1796 001771 0409 000358 2983 002862 2374 002320 3539 003766 1931 002025 0000 000000
1517293889.184305:  1796 001771 0409 000358 2983 002862 2374 002320 3539 003766 1931 002025 0000 000000
1517293889.286103:  1796 065484 0409 000059 2983 065503 2374 065496 3539 000070 1931 064736 0000 065518
1517293889.386853:  1796 001774 0409 000368 2983 002835 2374 002316 3539 003758 1931 002026 0000 000000
1517293889.386924:  1796 001774 0409 000368 2983 002835 2374 002316 3539 003758 1931 002026 0000 000000
1517293889.488394:  1801 001801 0432 000432 2928 002928 2371 002371 3525 003525 1927 001927 0000 000000
1517293889.583463:  1801 001777 0432 000379 2928 002807 2371 002310 3525 003751 1927 002023 0000 000000
1517293889.583535:  1801 001777 0432 000379 2928 002807 2371 002310 3525 003751 1927 002023 0000 000000
1517293889.685248:  1801 065484 0432 000071 2928 065503 2371 065496 3525 000070 1927 064736 0000 065518
1517293889.786089:  1801 001780 0432 000391 2928 002780 2371 002307 3525 003744 1927 002020 0000 000000
1517293889.786160:  1801 001780 0432 000391 2928 002780 2371 002307 3525 003744 1927 002020 0000 000000
1517293889.887746:  1806 001806 0457 000457 2872 002872 2368 002368 3509 003509 1924 001924 0000 000000
1517293889.988562:  1806 001784 0457 000404 2872 002753 2368 002305 3509 003737 1924 002017 0000 000000
1517293889.988637:  1806 001784 0457 000404 2872 002753 2368 002305 3509 003737 1924 002017 0000 000000
1517293890.083451:  1806 065484 0457 000059 2872 065503 2368 065506 3509 000070 1924 064736 0000 065518
1517293890.184252:  1806 001788 0457 000417 2872 002726 2368 002302 3509 003730 1924 002011 0000 000000
1517293890.184341:  1806 001788 0457 000417 2872 002726 2368 002302 3509 003730 1924 002011 0000 000000
1517293890.286153:  1810 001810 0481 000481 2815 002815 2365 002365 3493 003493 1921 001921 0000 000000
1517293890.386979:  1810 001790 0481 000430 2815 002697 2365 002298 3493 003722 1921 002008 0000 000000
1517293890.387075:  1810 001790 0481 000430 2815 002697 2365 002298 3493 003722 1921 002008 0000 000000
1517293890.488758:  1810 065484 0481 000059 2815 065503 2365 065506 3493 000070 1921 064736 0000 065518
1517293890.583448:  1810 001791 0481 000443 2815 002669 2365 002294 3493 003714 1921 002003 0000 000000
1517293890.583499:  1810 001791 0481 000443 2815 002669 2365 002294 3493 003714 1921 002003 0000 000000
1517293890.685099:  1814 001814 0506 000506 2756 002756 2362 002362 3475 003475 1917 001917 0000 000000
1517293890.785895:  1814 001792 0506 000455 2756 002641 2362 002292 3475 003707 1917 002001 0000 000000
1517293890.785977:  1814 001792 0506 000455 2756 002641 2362 002292 3475 003707 1917 002001 0000 000000
1517293890.887692:  1814 065484 0506 000059 2756 065503 2362 065506 3475 000070 1917 064736 0000 065518
1517293890.988482:  1814 001791 0506 000466 2756 002612 2362 002290 3475 003699 1917 001996 0000 000000
1517293890.988571:  1814 001791 0506 000466 2756 002612 2362 002290 3475 003699 1917 001996 0000 000000
1517293891.083438:  1818 001818 0530 000530 2696 002696 2359 002359 3456 003456 1913 001913 0000 000000
1517293891.184276:  1818 001792 0530 000478 2696 002584 2359 002290 3456 003688 1913 001993 0000 000000
1517293891.184353:  1818 001792 0530 000478 2696 002584 2359 002290 3456 003688 1913 001993 0000 000000
1517293891.286004:  1818 065484 0530 000071 2696 065493 2359 065506 3456 000070 1913 064736 0000 065518
1517293891.386842:  1818 001794 0530 000489 2696 002552 2359 002286 3456 003677 1913 001986 0000 000000
1517293891.386923:  1818 001794 0530 000489 2696 002552 2359 002286 3456 003677 1913 001986 0000 000000
1517293891.488384:  1822 001822 0556 000556 2635 002635 2356 002356 3437 003437 1909 001909 0000 000000
1517293891.583450:  1822 001796 0556 000504 2635 002523 2356 002286 3437 003668 1909 001980 0000 000000
1517293891.583517:  1822 001796 0556 000504 2635 002523 2356 002286 3437 003668 1909 001980 0000 000000
1517293891.685072:  1822 065484 0556 000059 2635 065493 2356 065506 3437 000070 1909 064745 0000 065518
1517293891.785990:  1822 001799 0556 000517 2635 002492 2356 002284 3437 003659 1909 001979 0000 000000
1517293891.786065:  1822 001799 0556 000517 2635 002492 2356 002284 3437 003659 1909 001979 0000 000000
1517293891.887686:  1826 001826 0581 000581 2573 002573 2353 002353 3416 003416 1905 001905 0000 000000
1517293891.988497:  1826 001802 0581 000530 2573 002460 2353 002281 3416 003649 1905 001969 0000 000000
1517293891.988570:  1826 001802 0581 000530 2573 002460 2353 002281 3416 003649 1905 001969 0000 000000
1517293892.083451:  1826 065484 0581 000059 2573 065493 2353 065516 3416 000080 1905 064755 0000 065518
1517293892.184333:  1826 001805 0581 000543 2573 002431 2353 002280 3416 003638 1905 001968 0000 000000
1517293892.184386:  1826 001805 0581 000543 2573 002431 2353 002280 3416 003638 1905 001968 0000 000000
1517293892.285920:  1829 001829 0607 000607 2510 002510 2349 002349 3395 003395 1900 001900 0000 000000
1517293892.386826:  1829 001807 0607 000556 2510 002398 2349 002279 3395 003628 1900 001958 0000 000000
1517293892.386880:  1829 001807 0607 000556 2510 002398 2349 002279 3395 003628 1900 001958 0000 000000
1517293892.488709:  1829 065484 0607 000059 2510 065493 2349 065516 3395 000070 1900 064765 0000 065518
1517293892.583445:  1829 001808 0607 000567 2510 002364 2349 002276 3395 003618 1900 001955 0000 000000
1517293892.583519:  1829 001808 0607 000567 2510 002364 2349 002276 3395 003618 1900 001955 0000 000000
1517293892.685335:  1832 001832 0633 000633 2445 002445 2346 002346 3373 003373 1896 001896 0000 000000
1517293892.786111:  1832 001810 0633 000580 2445 002335 2346 002275 3373 003606 1896 001954 0000 000000
1517293892.786243:  1832 001810 0633 000580 2445 002335 2346 002275 3373 003606 1896 001954 0000 000000
1517293892.887698:  1832 065484 0633 000059 2445 065493 2346 065516 3373 000070 1896 064765 0000 065518
1517293892.988464:  1832 001813 0633 000595 2445 002303 2346 002274 3373 003594 1896 001943 0000 000000
1517293892.988534:  1832 001813 0633 000595 2445 002303 2346 002274 3373 003594 1896 001943 0000 000000
1517293893.083465:  1835 001835 0659 000659 2380 002380 2343 002343 3350 003350 1891 001891 0000 000000
1517293893.184375:  1835 001814 0659 000611 2380 002274 2343 002272 3350 003578 1891 001939 0000 000000
1517293893.184444:  1835 001814 0659 000611 2380 002274 2343 002272 3350 003578 1891 001939 0000 000000
1517293893.286297:  1835 065484 0659 000059 2380 065493 2343 065506 3350 000070 1891 064775 0000 065518
1517293893.387148:  1835 001815 0659 000620 2380 002237 2343 002267 3350 003568 1891 001930 0000 000000
1517293893.387200:  1835 001815 0659 000620 2380 002237 2343 002267 3350 003568 1891 001930 0000 000000
1517293893.488788:  1838 001838 0686 000686 2313 002313 2339 002339 3325 003325 1886 001886 0000 000000
1517293893.583488:  1838 001819 0686 000634 2313 002211 2339 002271 3325 003556 1886 001922 0000 000000
1517293893.583534:  1838 001819 0686 000634 2313 002211 2339 002271 3325 003556 1886 001922 0000 000000
1517293893.685133:  1838 065484 0686 000059 2313 065483 2339 065506 3325 000070 1886 064775 0000 065518
1517293893.785805:  1838 001818 0686 000648 2313 002177 2339 002268 3325 003545 1886 001922 0000 000000
1517293893.785868:  1838 001818 0686 000648 2313 002177 2339 002268 3325 003545 1886 001922 0000 000000
1517293893.887423:  1841 001841 0713 000713 2246 002246 2335 002335 3301 003301 1881 001881 0000 000000
1517293893.988250:  1841 001818 0713 000660 2246 002142 2335 002267 3301 003533 1881 001911 0000 000000
1517293893.988359:  1841 001818 0713 000660 2246 002142 2335 002267 3301 003533 1881 001911 0000 000000
1517293894.083444:  1841 065484 0713 000059 2246 065483 2335 065506 3301 000080 1881 064785 0000 065518
1517293894.184228:  1841 001818 0713 000674 2246 002110 2335 002264 3301 003520 1881 001908 0000 000000
1517293894.184302:  1841 001818 0713 000674 2246 002110 2335 002264 3301 003520 1881 001908 0000 000000
1517293894.285943:  1844 001844 0741 000741 2177 002177 2332 002332 3275 003275 1875 001875 0000 000000
1517293894.386869:  1844 001818 0741 000688 2177 002075 2332 002262 3275 003507 1875 001902 0000 000000
1517293894.386965:  1844 001818 0741 000688 2177 002075 2332 002262 3275 003507 1875 001902 0000 000000
1517293894.488674:  1844 065484 0741 000071 2177 065483 2332 065506 3275 000070 1875 064795 0000 065518
1517293894.583451:  1844 001818 0741 000702 2177 002042 2332 002261 3275 003494 1875 001892 0000 000000
1517293894.583509:  1844 001818 0741 000702 2177 002042 2332 002261 3275 003494 1875 001892 0000 000000
1517293894.685110:  1846 001846 0769 000769 2108 002108 2328 002328 3248 003248 1870 001870 0000 000000
1517293894.785997:  1846 001816 0769 000715 2108 002006 2328 002257 3248 003481 1870 001888 0000 000000
1517293894.786052:  1846 001816 0769 000715 2108 002006 2328 002257 3248 003481 1870 001888 0000 000000
1517293894.887842:  1846 065496 0769 000071 2108 065483 2328 065506 3248 000080 1870 064805 0000 065518
1517293894.988702:  1846 001816 0769 000730 2108 001971 2328 002256 3248 003467 1870 001879 0000 000000
1517293894.988754:  1846 001816 0769 000730 2108 001971 2328 002256 3248 003467 1870 001879 0000 000000
1517293895.083448:  1849 001849 0797 000797 2037 002037 2323 002323 3220 003220 1864 001864 0000 000000
1517293895.184291:  1849 001817 0797 000744 2037 001936 2323 002255 3220 003455 1864 001874 0000 000000
1517293895.184349:  1849 001817 0797 000744 2037 001936 2323 002255 3220 003455 1864 001874 0000 000000
1517293895.285959:  1849 065496 0797 000071 2037 065483 2323 065506 3220 000080 1864 064805 0000 065518
1517293895.386720:  1849 001818 0797 000757 2037 001900 2323 002251 3220 003440 1864 001867 0000 000000
1517293895.386834:  1849 001818 0797 000757 2037 001900 2323 002251 3220 003440 1864 001867 0000 000000
1517293895.488577:  1851 001851 0826 000826 1966 001966 2319 002319 3192 003192 1858 001858 0000 000000
1517293895.583451:  1851 001821 0826 000772 1966 001865 2319 002251 3192 003428 1858 001860 0000 000000
1517293895.583509:  1851 001821 0826 000772 1966 001865 2319 002251 3192 003428 1858 001860 0000 000000
1517293895.685073:  1851 065496 0826 000071 1966 065483 2319 065506 3192 000080 1858 064815 0000 065518
1517293895.785929:  1851 001824 0826 000786 1966 001833 2319 002250 3192 003414 1858 001854 0000 000000
1517293895.785996:  1851 001824 0826 000786 1966 001833 2319 002250 3192 003414 1858 001854 0000 000000
1517293895.887848:  1853 001853 0855 000855 1894 001894 2315 002315 3162 003162 1852 001852 0000 000000
1517293895.988626:  1853 001826 0855 000800 1894 001795 2315 002248 3162 003400 1852 001847 0000 000000
1517293895.988700:  1853 001826 0855 000800 1894 001795 2315 002248 3162 003400 1852 001847 0000 000000
1517293896.083415:  1853 065484 0855 000071 1894 065483 2315 065506 3162 000080 1852 064815 0000 065518
1517293896.184197:  1853 001828 0855 000814 1894 001760 2315 002246 3162 003386 1852 001840 0000 000000
1517293896.184267:  1853 001828 0855 000814 1894 001760 2315 002246 3162 003386 1852 001840 0000 000000
1517293896.286018:  1855 001855 0885 000885 1822 001822 2310 002310 3132 003132 1845 001845 0000 000000
1517293896.386828:  1855 001830 0885 000829 1822 001724 2310 002244 3132 003372 1845 001833 0000 000000
1517293896.386888:  1855 001830 0885 000829 1822 001724 2310 002244 3132 003372 1845 001833 0000 000000
1517293896.488456:  1855 065484 0885 000071 1822 065483 2310 065506 3132 000080 1845 064825 0000 065518
1517293896.583461:  1855 001831 0885 000844 1822 001687 2310 002243 3132 003358 1845 001828 0000 000000
1517293896.583533:  1855 001831 0885 000844 1822 001687 2310 002243 3132 003358 1845 001828 0000 000000
