1517553558.584831:  0000 001317 0000 000099 0000 002901 0000 001948 0000 002906 0000 000657 0000 000000
1517553559.145531:  0000 065036 0000 065120 0000 065036 0000 065036 0000 000500 0000 064736 0000 065518
1517553559.206439:  0000 001288 0000 000100 0000 002886 0000 001952 0000 002886 0000 000648 0000 000000
1517553559.206542:  0000 001288 0000 000100 0000 002886 0000 001952 0000 002886 0000 000648 0000 000000
1517553559.268095:  1323 001323 0185 000185 2888 002888 1944 001944 2909 002909 0655 000655 0000 000000
1517553559.328995:  1323 001202 0185 000099 2888 002836 1944 001949 2909 002825 0655 000618 0000 000000
1517553559.329070:  1323 001202 0185 000099 2888 002836 1944 001949 2909 002825 0655 000618 0000 000000
1517553559.390592:  1323 065240 0185 065144 2888 065096 1944 065036 2909 000390 0655 064786 0000 065518
1517553559.451447:  1323 001121 0185 000100 2888 002783 1944 001926 2909 002767 0655 000587 0000 000000
1517553559.451543:  1323 001121 0185 000100 2888 002783 1944 001926 2909 002767 0655 000587 0000 000000
1517553559.513419:  1336 001336 0198 000198 2862 002862 1938 001938 2916 002916 0653 000653 0000 000000
1517553559.574366:  1336 001055 0198 000099 2862 002726 1938 001902 2916 002710 0653 000556 0000 000000
1517553559.574437:  1336 001055 0198 000099 2862 002726 1938 001902 2916 002710 0653 000556 0000 000000
1517553559.635376:  1336 065408 0198 065156 2862 065186 1938 065076 2916 000270 0653 064846 0000 065518
1517553559.696201:  1336 001004 0198 000099 2862 002670 1938 001877 2916 002657 0653 000523 0000 000000
1517553559.696280:  1336 001004 0198 000099 2862 002670 1938 001877 2916 002657 0653 000523 0000 000000
1517553559.757944:  1349 001349 0212 000212 2836 002836 1932 001932 2921 002921 0650 000650 0000 000000
1517553559.818746:  1349 000966 0212 000099 2836 002617 1932 001849 2921 002609 0650 000490 0000 000000
1517553559.818822:  1349 000966 0212 000099 2836 002617 1932 001849 2921 002609 0650 000490 0000 000000
1517553559.880469:  1349 065516 0212 065168 2836 065266 1932 065126 2921 000170 0650 064906 0000 065518
1517553559.941289:  1349 000941 0212 000100 2836 002566 1932 001823 2921 002565 0650 000456 0000 000000
1517553559.941388:  1349 000941 0212 000100 2836 002566 1932 001823 2921 002565 0650 000456 0000 000000
1517553560.003021:  1361 001361 0225 000225 2810 002810 1927 001927 2927 002927 0647 000647 0000 000000
1517553560.063813:  1361 000924 0225 000099 2810 002517 1927 001795 2927 002529 0647 000422 0000 000000
1517553560.063859:  1361 000924 0225 000099 2810 002517 1927 001795 2927 002529 0647 000422 0000 000000
1517553560.125162:  1361 000028 0225 065192 2810 065336 1927 065176 2927 000090 0647 064976 0000 065518
1517553560.186034:  1361 000914 0225 000099 2810 002472 1927 001767 2927 002500 0647 000386 0000 000000
1517553560.186144:  1361 000914 0225 000099 2810 002472 1927 001767 2927 002500 0647 000386 0000 000000
1517553560.247719:  1373 001373 0238 000238 2783 002783 1921 001921 2932 002932 0644 000644 0000 000000
1517553560.308583:  1373 000909 0238 000099 2783 002430 1921 001741 2932 002478 0644 000350 0000 000000
1517553560.308678:  1373 000909 0238 000099 2783 002430 1921 001741 2932 002478 0644 000350 0000 000000
1517553560.370269:  1373 000064 0238 065204 2783 065386 1921 065226 2932 000040 0644 065046 0000 065518
1517553560.431128:  1373 000907 0238 000099 2783 002394 1921 001715 2932 002464 0644 000317 0000 000000
1517553560.431237:  1373 000907 0238 000099 2783 002394 1921 001715 2932 002464 0644 000317 0000 000000
1517553560.493116:  1384 001384 0252 000252 2755 002755 1915 001915 2936 002936 0641 000641 0000 000000
1517553560.553883:  1384 000907 0252 000099 2755 002358 1915 001691 2936 002455 0641 000281 0000 000000
1517553560.553974:  1384 000907 0252 000099 2755 002358 1915 001691 2936 002455 0641 000281 0000 000000
1517553560.615063:  1384 000076 0252 065216 2755 065436 1915 065266 2936 000020 0641 064736 0000 065518
1517553560.675936:  1384 000908 0252 000099 2755 002326 1915 001665 2936 002449 0641 000246 0000 000000
1517553560.676010:  1384 000908 0252 000099 2755 002326 1915 001665 2936 002449 0641 000246 0000 000000
1517553560.737997:  1395 001395 0266 000266 2727 002727 1909 001909 2939 002939 0641 000641 0000 000000
1517553560.798760:  1395 000912 0266 000099 2727 002299 1909 001643 2939 002448 0641 000210 0000 000000
1517553560.798821:  1395 000912 0266 000099 2727 002299 1909 001643 2939 002448 0641 000210 0000 000000
1517553560.860711:  1395 000076 0266 065240 2727 065456 1909 065306 2939 000010 0641 064736 0000 065518
1517553560.921612:  1395 000915 0266 000099 2727 002273 1909 001619 2939 002447 0641 000173 0000 000000
1517553560.921681:  1395 000915 0266 000099 2727 002273 1909 001619 2939 002447 0641 000173 0000 000000
1517553560.984954:  1405 001405 0280 000280 2698 002698 1904 001904 2943 002943 0641 000641 0000 000000
1517553561.045594:  1405 000917 0280 000099 2698 002252 1904 001594 2943 002449 0641 000134 0000 000000
1517553561.045644:  1405 000917 0280 000099 2698 002252 1904 001594 2943 002449 0641 000134 0000 000000
1517553561.104925:  1405 000088 0280 065252 2698 065476 1904 065346 2943 000010 0641 064736 0000 065518
1517553561.165567:  1405 000922 0280 000099 2698 002231 1904 001574 2943 002450 0641 000098 0000 000000
1517553561.165649:  1405 000922 0280 000099 2698 002231 1904 001574 2943 002450 0641 000098 0000 000000
1517553561.227405:  1415 001415 0294 000294 2668 002668 1898 001898 2945 002945 0641 000641 0000 000000
1517553561.287951:  1415 000928 0294 000099 2668 002211 1898 001552 2945 002452 0641 000062 0000 000000
1517553561.288028:  1415 000928 0294 000099 2668 002211 1898 001552 2945 002452 0641 000062 0000 000000
1517553561.349723:  1415 000088 0294 065276 2668 065486 1898 065386 2945 000010 0641 064736 0000 065518
1517553561.410326:  1415 000933 0294 000099 2668 002190 1898 001531 2945 002453 0641 000025 0000 000000
1517553561.410360:  1415 000933 0294 000099 2668 002190 1898 001531 2945 002453 0641 000025 0000 000000
1517553561.472055:  1425 001425 0308 000308 2639 002639 1893 001893 2948 002948 0641 000641 0000 000000
1517553561.532691:  1425 000940 0308 000099 2639 002171 1893 001510 2948 002455 0641 000003 0000 000000
1517553561.532755:  1425 000940 0308 000099 2639 002171 1893 001510 2948 002455 0641 000003 0000 000000
1517553561.584787:  1425 000076 0308 065288 2639 065496 1893 065416 2948 000010 0641 064736 0000 065518
1517553561.645495:  1425 000946 0308 000099 2639 002155 1893 001494 2948 002456 0641 000002 0000 000000
1517553561.645550:  1425 000946 0308 000099 2639 002155 1893 001494 2948 002456 0641 000002 0000 000000
1517553561.707302:  1435 001435 0322 000322 2608 002608 1887 001887 2950 002950 0624 000624 0000 000000
1517553561.767903:  1435 000951 0322 000099 2608 002137 1887 001474 2950 002458 0624 000644 0000 000000
1517553561.767954:  1435 000951 0322 000099 2608 002137 1887 001474 2950 002458 0624 000644 0000 000000
1517553561.829877:  1435 000076 0322 065312 2608 065496 1887 065446 2950 000010 0624 064736 0000 065518
1517553561.890705:  1435 000958 0322 000100 2608 002121 1887 001455 2950 002459 0624 000985 0000 000000
1517553561.890795:  1435 000958 0322 000100 2608 002121 1887 001455 2950 002459 0624 000985 0000 000000
1517553561.952675:  1444 001444 0337 000337 2577 002577 1882 001882 2951 002951 0622 000622 0000 000000
1517553562.013522:  1444 000966 0337 000100 2577 002106 1882 001441 2951 002459 0622 004092 0000 000000
1517553562.013587:  1444 000966 0337 000100 2577 002106 1882 001441 2951 002459 0622 004092 0000 000000
1517553562.075450:  1444 000064 0337 065324 2577 065496 1882 065476 2951 000010 0622 064736 0000 065518
1517553562.135168:  1444 000971 0337 000100 2577 002090 1882 001427 2951 002460 0622 004070 0000 000000
1517553562.135290:  1444 000971 0337 000100 2577 002090 1882 001427 2951 002460 0622 004070 0000 000000
1517553562.196936:  1452 001452 0351 000351 2546 002546 1876 001876 2952 002952 0622 000622 0000 000000
1517553562.257595:  1452 000976 0351 000100 2546 002075 1876 001413 2952 002461 0622 004035 0000 000000
1517553562.257642:  1452 000976 0351 000100 2546 002075 1876 001413 2952 002461 0622 004035 0000 000000
1517553562.319487:  1452 000064 0351 065336 2546 065496 1876 065496 2952 000010 0622 064736 0000 065518
1517553562.380106:  1452 000980 0351 000100 2546 002058 1876 001408 2952 002462 0622 003997 0000 000000
1517553562.380179:  1452 000980 0351 000100 2546 002058 1876 001408 2952 002462 0622 003997 0000 000000
1517553562.442006:  1461 001461 0366 000366 2514 002514 1871 001871 2953 002953 0622 000622 0000 000000
1517553562.502583:  1461 000985 0366 000100 2514 002043 1871 001395 2953 002462 0622 003959 0000 000000
1517553562.502623:  1461 000985 0366 000100 2514 002043 1871 001395 2953 002462 0622 003959 0000 000000
1517553562.564329:  1461 000064 0366 065360 2514 065496 1871 065506 2953 000010 0622 064736 0000 065518
1517553562.614955:  1461 000989 0366 000100 2514 002095 1871 001393 2953 002463 0622 003922 0000 000000
1517553562.614985:  1461 000989 0366 000100 2514 002095 1871 001393 2953 002463 0622 003922 0000 000000
1517553562.676612:  1469 001469 0381 000381 2482 002482 1866 001866 2953 002953 0622 000622 0000 000000
1517553562.737223:  1469 000993 0381 000100 2482 002011 1866 001393 2953 002463 0622 003886 0000 000000
1517553562.737274:  1469 000993 0381 000100 2482 002011 1866 001393 2953 002463 0622 003886 0000 000000
1517553562.798962:  1469 000064 0381 065372 2482 065496 1866 065506 2953 000010 0622 064736 0000 065518
1517553562.859562:  1469 000996 0381 000100 2482 001995 1866 001393 2953 002464 0622 003847 0000 000000
1517553562.859632:  1469 000996 0381 000100 2482 001995 1866 001393 2953 002464 0622 003847 0000 000000
1517553562.921240:  1477 001477 0396 000396 2449 002449 1860 001860 2953 002953 0604 000604 0000 000000
1517553562.981884:  1477 001002 0396 000100 2449 001980 1860 001393 2953 002463 0604 003811 0000 000000
1517553562.981949:  1477 001002 0396 000100 2449 001980 1860 001393 2953 002463 0604 003811 0000 000000
1517553563.043583:  1477 000064 0396 065396 2449 065496 1860 065496 2953 000010 0604 064736 0000 065518
1517553563.094842:  1477 001005 0396 000099 2449 001963 1860 001392 2953 002464 0604 003773 0000 000000
1517553563.094878:  1477 001005 0396 000099 2449 001963 1860 001392 2953 002464 0604 003773 0000 000000
1517553563.156566:  1485 001485 0411 000411 2416 002416 1855 001855 2953 002953 0600 000600 0000 000000
1517553563.217218:  1485 001008 0411 000100 2416 001949 1855 001393 2953 002463 0600 003739 0000 000000
1517553563.217272:  1485 001008 0411 000100 2416 001949 1855 001393 2953 002463 0600 003739 0000 000000
1517553563.278906:  1485 000064 0411 065408 2416 065486 1855 065486 2953 000020 0600 064736 0000 065518
1517553563.339538:  1485 001013 0411 000100 2416 001932 1855 001392 2953 002464 0600 003701 0000 000000
1517553563.339573:  1485 001013 0411 000100 2416 001932 1855 001392 2953 002464 0600 003701 0000 000000
1517553563.401253:  1492 001492 0426 000426 2382 002382 1849 001849 2953 002953 0595 000595 0000 000000
1517553563.461836:  1492 001016 0426 000100 2382 001913 1849 001392 2953 002463 0595 003662 0000 000000
1517553563.461903:  1492 001016 0426 000100 2382 001913 1849 001392 2953 002463 0595 003662 0000 000000
1517553563.523658:  1492 000064 0426 065432 2382 065496 1849 065486 2953 000020 0595 064736 0000 065518
1517553563.584270:  1492 001019 0426 000099 2382 001895 1849 001391 2953 002463 0595 003626 0000 000000
1517553563.584321:  1492 001019 0426 000099 2382 001895 1849 001391 2953 002463 0595 003626 0000 000000
1517553563.646025:  1500 001500 0441 000441 2348 002348 1844 001844 2952 002952 0591 000591 0000 000000
1517553563.706646:  1500 001057 0441 000099 2348 001878 1844 001391 2952 002463 0591 003589 0000 000000
1517553563.706678:  1500 001057 0441 000099 2348 001878 1844 001391 2952 002463 0591 003589 0000 000000
1517553563.768400:  1500 000076 0441 065444 2348 065496 1844 065486 2952 000020 0591 064736 0000 065518
1517553563.829044:  1500 001023 0441 000099 2348 001860 1844 001391 2952 002463 0591 003550 0000 000000
1517553563.829095:  1500 001023 0441 000099 2348 001860 1844 001391 2952 002463 0591 003550 0000 000000
1517553563.890800:  1507 001507 0457 000457 2314 002314 1838 001838 2951 002951 0586 000586 0000 000000
1517553563.951448:  1507 001028 0457 000100 2314 001844 1838 001391 2951 002462 0586 003511 0000 000000
1517553563.951500:  1507 001028 0457 000100 2314 001844 1838 001391 2951 002462 0586 003511 0000 000000
1517553564.013302:  1507 000064 0457 065468 2314 065496 1838 065476 2951 000020 0586 064736 0000 065518
1517553564.073918:  1507 001036 0457 000100 2314 001827 1838 001392 2951 002461 0586 003471 0000 000000
1517553564.073972:  1507 001036 0457 000100 2314 001827 1838 001392 2951 002461 0586 003471 0000 000000
1517553564.135179:  1513 001513 0472 000472 2279 002279 1832 001832 2949 002949 0581 000581 0000 000000
1517553564.195862:  1513 001042 0472 000100 2279 001810 1832 001392 2949 002461 0581 003431 0000 000000
1517553564.195914:  1513 001042 0472 000100 2279 001810 1832 001392 2949 002461 0581 003431 0000 000000
1517553564.257663:  1513 000064 0472 065492 2279 065496 1832 065466 2949 000020 0581 064736 0000 065518
1517553564.318333:  1513 001046 0472 000100 2279 001792 1832 001392 2949 002461 0581 003390 0000 000000
1517553564.318384:  1513 001046 0472 000100 2279 001792 1832 001392 2949 002461 0581 003390 0000 000000
1517553564.380195:  1520 001520 0488 000488 2244 002244 1827 001827 2948 002948 0576 000576 0000 000000
1517553564.440707:  1520 001051 0488 000100 2244 001774 1827 001392 2948 002460 0576 003348 0000 000000
1517553564.440766:  1520 001051 0488 000100 2244 001774 1827 001392 2948 002460 0576 003348 0000 000000
1517553564.502505:  1520 000064 0488 065504 2244 065496 1827 065466 2948 000020 0576 064736 0000 065518
1517553564.563053:  1520 001053 0488 000100 2244 001757 1827 001392 2948 002459 0576 003308 0000 000000
1517553564.563088:  1520 001053 0488 000100 2244 001757 1827 001392 2948 002459 0576 003308 0000 000000
1517553564.614949:  1527 001527 0504 000504 2208 002208 1821 001821 2946 002946 0570 000570 0000 000000
1517553564.675597:  1527 001056 0504 000100 2208 001741 1821 001392 2946 002459 0570 003269 0000 000000
1517553564.675650:  1527 001056 0504 000100 2208 001741 1821 001392 2946 002459 0570 003269 0000 000000
1517553564.737295:  1527 000064 0504 065528 2208 065486 1821 065456 2946 000020 0570 064736 0000 065518
1517553564.797879:  1527 001059 0504 000100 2208 001723 1821 001392 2946 002459 0570 003226 0000 000000
1517553564.797930:  1527 001059 0504 000100 2208 001723 1821 001392 2946 002459 0570 003226 0000 000000
1517553564.859881:  1533 001533 0520 000520 2172 002172 1815 001815 2944 002944 0565 000565 0000 000000
1517553564.920448:  1533 001064 0520 000100 2172 001706 1815 001392 2944 002458 0565 003184 0000 000000
1517553564.920482:  1533 001064 0520 000100 2172 001706 1815 001392 2944 002458 0565 003184 0000 000000
1517553564.982148:  1533 000064 0520 000004 2172 065486 1815 065456 2944 000020 0565 064736 0000 065518
1517553565.042727:  1533 001066 0520 000100 2172 001688 1815 001391 2944 002458 0565 003140 0000 000000
1517553565.042767:  1533 001066 0520 000100 2172 001688 1815 001391 2944 002458 0565 003140 0000 000000
1517553565.094843:  1539 001539 0536 000536 2135 002135 1810 001810 2942 002942 0559 000559 0000 000000
1517553565.155492:  1539 001066 0536 000100 2135 001672 1810 001391 2942 002458 0559 003105 0000 000000
1517553565.155545:  1539 001066 0536 000100 2135 001672 1810 001391 2942 002458 0559 003105 0000 000000
1517553565.157670:  1539 001066 0536 000100 2135 001672 1810 001391 2942 002458 0559 003105 0000 000000
