1517295831.924432:  0000 001766 0000 000348 0000 003256 0000 002490 0000 003609 0000 001946 0000 000000
1517295832.575124:  0000 065472 0000 000083 0000 065383 0000 065456 0000 065366 0000 064736 0000 065518
1517295832.726563:  0000 001761 0000 000348 0000 003229 0000 002492 0000 003646 0000 001952 0000 000000
1517295832.726619:  0000 001761 0000 000348 0000 003229 0000 002492 0000 003646 0000 001952 0000 000000
1517295832.878374:  1769 001769 0359 000359 3231 003231 2488 002488 3602 003602 1944 001944 0000 000000
1517295832.975012:  1769 001761 0359 000375 3231 003152 2488 002493 3602 003715 1944 001971 0000 000000
1517295832.975068:  1769 001761 0359 000375 3231 003152 2488 002493 3602 003715 1944 001971 0000 000000
1517295833.126709:  1769 065484 0359 000059 3231 065483 2488 065456 3602 065516 1944 064736 0000 065518
1517295833.277463:  1769 001760 0359 000401 3231 003082 2488 002493 3602 003778 1944 002008 0000 000000
1517295833.277530:  1769 001760 0359 000401 3231 003082 2488 002493 3602 003778 1944 002008 0000 000000
1517295833.424415:  1776 001776 0382 000382 3181 003181 2485 002485 3589 003589 1942 001942 0000 000000
1517295833.575214:  1776 001759 0382 000418 3181 003034 2485 002486 3589 003804 1942 002027 0000 000000
1517295833.575312:  1776 001759 0382 000418 3181 003034 2485 002486 3589 003804 1942 002027 0000 000000
1517295833.727173:  1776 065496 0382 000035 3181 065533 2485 065456 3589 000050 1942 064736 0000 065518
1517295833.878006:  1776 001759 0382 000435 3181 002994 2485 002480 3589 003810 1942 002040 0000 000000
1517295833.878080:  1776 001759 0382 000435 3181 002994 2485 002480 3589 003810 1942 002040 0000 000000
1517295833.975000:  1782 001782 0405 000405 3129 003129 2482 002482 3574 003574 1940 001940 0000 000000
1517295834.125759:  1782 001760 0405 000445 3129 002964 2482 002472 3574 003808 1940 002041 0000 000000
1517295834.125817:  1782 001760 0405 000445 3129 002964 2482 002472 3574 003808 1940 002041 0000 000000
1517295834.277441:  1782 065496 0405 000035 3129 000007 2482 065466 3574 000070 1940 064736 0000 065518
1517295834.424431:  1782 001762 0405 000458 3129 002939 2482 002463 3574 003801 1940 002039 0000 000000
1517295834.424505:  1782 001762 0405 000458 3129 002939 2482 002463 3574 003801 1940 002039 0000 000000
1517295834.576097:  1787 001787 0428 000428 3076 003076 2479 002479 3558 003558 1937 001937 0000 000000
1517295834.726753:  1787 001765 0428 000471 3076 002912 2479 002455 3558 003791 1937 002035 0000 000000
1517295834.726859:  1787 001765 0428 000471 3076 002912 2479 002455 3558 003791 1937 002035 0000 000000
1517295834.878726:  1787 065496 0428 000035 3076 000007 2479 065476 3558 000060 1937 064736 0000 065518
1517295834.974948:  1787 001768 0428 000481 3076 002893 2479 002450 3558 003783 1937 002029 0000 000000
1517295834.975021:  1787 001768 0428 000481 3076 002893 2479 002450 3558 003783 1937 002029 0000 000000
1517295835.126814:  1793 001793 0452 000452 3021 003021 2476 002476 3541 003541 1935 001935 0000 000000
1517295835.277599:  1793 001771 0452 000494 3021 002862 2476 002444 3541 003772 1935 002031 0000 000000
1517295835.277661:  1793 001771 0452 000494 3021 002862 2476 002444 3541 003772 1935 002031 0000 000000
1517295835.424466:  1793 065496 0452 000035 3021 065533 2476 065486 3541 000060 1935 064736 0000 065518
1517295835.575320:  1793 001773 0452 000506 3021 002833 2476 002440 3541 003765 1935 002028 0000 000000
1517295835.575444:  1793 001773 0452 000506 3021 002833 2476 002440 3541 003765 1935 002028 0000 000000
1517295835.728535:  1798 001798 0475 000475 2965 002965 2473 002473 3523 003523 1932 001932 0000 000000
1517295835.879232:  1798 001778 0475 000520 2965 002807 2473 002440 3523 003761 1932 002027 0000 000000
1517295835.879351:  1798 001778 0475 000520 2965 002807 2473 002440 3523 003761 1932 002027 0000 000000
1517295835.975085:  1798 065496 0475 000035 2965 065533 2473 065486 3523 000060 1932 064736 0000 065518
1517295836.125889:  1798 001783 0475 000529 2965 002782 2473 002434 3523 003748 1932 002013 0000 000000
1517295836.125953:  1798 001783 0475 000529 2965 002782 2473 002434 3523 003748 1932 002013 0000 000000
1517295836.277535:  1803 001803 0499 000499 2908 002908 2470 002470 3504 003504 1930 001930 0000 000000
1517295836.424427:  1803 001789 0499 000542 2908 002753 2470 002430 3504 003739 1930 002010 0000 000000
1517295836.424481:  1803 001789 0499 000542 2908 002753 2470 002430 3504 003739 1930 002010 0000 000000
1517295836.576269:  1803 065484 0499 000035 2908 065533 2470 065486 3504 000060 1930 064736 0000 065518
1517295836.727129:  1803 001795 0499 000555 2908 002726 2470 002429 3504 003727 1930 002002 0000 000000
1517295836.727185:  1803 001795 0499 000555 2908 002726 2470 002429 3504 003727 1930 002002 0000 000000
1517295836.878798:  1807 001807 0523 000523 2849 002849 2467 002467 3484 003484 1927 001927 0000 000000
1517295836.975025:  1807 001797 0523 000563 2849 002700 2467 002426 3484 003716 1927 001998 0000 000000
1517295836.975140:  1807 001797 0523 000563 2849 002700 2467 002426 3484 003716 1927 001998 0000 000000
1517295837.126884:  1807 065484 0523 000035 2849 065523 2467 065486 3484 000070 1927 064736 0000 065518
1517295837.277805:  1807 001797 0523 000577 2849 002668 2467 002426 3484 003708 1927 002003 0000 000000
1517295837.277857:  1807 001797 0523 000577 2849 002668 2467 002426 3484 003708 1927 002003 0000 000000
1517295837.424440:  1811 001811 0547 000547 2789 002789 2464 002464 3463 003463 1924 001924 0000 000000
1517295837.575209:  1811 001797 0547 000589 2789 002636 2464 002424 3463 003696 1924 001997 0000 000000
1517295837.575264:  1811 001797 0547 000589 2789 002636 2464 002424 3463 003696 1924 001997 0000 000000
1517295837.727330:  1811 065412 0547 000035 2789 065533 2464 065496 3463 000060 1924 064736 0000 065518
1517295837.878140:  1811 001795 0547 000601 2789 002606 2464 002423 3463 003686 1924 001992 0000 000000
1517295837.878215:  1811 001795 0547 000601 2789 002606 2464 002423 3463 003686 1924 001992 0000 000000
1517295837.975017:  1815 001815 0572 000572 2728 002728 2462 002462 3441 003441 1921 001921 0000 000000
1517295838.125838:  1815 001795 0572 000610 2728 002580 2462 002420 3441 003676 1921 001978 0000 000000
1517295838.125893:  1815 001795 0572 000610 2728 002580 2462 002420 3441 003676 1921 001978 0000 000000
1517295838.277695:  1815 065496 0572 000035 2728 065523 2462 065496 3441 000070 1921 064736 0000 065518
1517295838.424441:  1815 001799 0572 000623 2728 002548 2462 002419 3441 003667 1921 001975 0000 000000
1517295838.424514:  1815 001799 0572 000623 2728 002548 2462 002419 3441 003667 1921 001975 0000 000000
1517295838.576210:  1819 001819 0597 000597 2666 002666 2459 002459 3418 003418 1917 001917 0000 000000
1517295838.727102:  1819 001805 0597 000634 2666 002515 2459 002415 3418 003652 1917 001966 0000 000000
1517295838.727170:  1819 001805 0597 000634 2666 002515 2459 002415 3418 003652 1917 001966 0000 000000
1517295838.878893:  1819 065484 0597 000035 2666 065523 2459 065496 3418 000060 1917 064736 0000 065518
1517295838.974913:  1819 001807 0597 000644 2666 002489 2459 002414 3418 003644 1917 001971 0000 000000
1517295838.974985:  1819 001807 0597 000644 2666 002489 2459 002414 3418 003644 1917 001971 0000 000000
1517295839.126670:  1823 001823 0622 000622 2603 002603 2456 002456 3394 003394 1914 001914 0000 000000
1517295839.277491:  1823 001810 0622 000658 2603 002456 2456 002412 3394 003630 1914 001963 0000 000000
1517295839.277579:  1823 001810 0622 000658 2603 002456 2456 002412 3394 003630 1914 001963 0000 000000
1517295839.424412:  1823 065484 0622 000035 2603 065523 2456 065496 3394 000070 1914 064736 0000 065518
1517295839.575147:  1823 001814 0622 000673 2603 002424 2456 002411 3394 003620 1914 001959 0000 000000
1517295839.575220:  1823 001814 0622 000673 2603 002424 2456 002411 3394 003620 1914 001959 0000 000000
1517295839.726878:  1826 001826 0647 000647 2538 002538 2453 002453 3369 003369 1911 001911 0000 000000
1517295839.877797:  1826 001816 0647 000687 2538 002390 2453 002408 3369 003609 1911 001953 0000 000000
1517295839.877867:  1826 001816 0647 000687 2538 002390 2453 002408 3369 003609 1911 001953 0000 000000
1517295839.975052:  1826 065484 0647 000035 2538 065513 2453 065496 3369 000070 1911 064736 0000 065518
1517295840.125879:  1826 001816 0647 000697 2538 002361 2453 002407 3369 003598 1911 001942 0000 000000
1517295840.125951:  1826 001816 0647 000697 2538 002361 2453 002407 3369 003598 1911 001942 0000 000000
1517295840.277566:  1830 001830 0673 000673 2472 002472 2450 002450 3343 003343 1907 001907 0000 000000
1517295840.424427:  1830 001817 0673 000710 2472 002326 2450 002406 3343 003585 1907 001935 0000 000000
1517295840.424496:  1830 001817 0673 000710 2472 002326 2450 002406 3343 003585 1907 001935 0000 000000
1517295840.576480:  1830 065484 0673 000035 2472 065513 2450 065496 3343 000070 1907 064736 0000 065518
1517295840.727323:  1830 001817 0673 000723 2472 002293 2450 002405 3343 003571 1907 001929 0000 000000
1517295840.727393:  1830 001817 0673 000723 2472 002293 2450 002405 3343 003571 1907 001929 0000 000000
1517295840.878941:  1833 001833 0699 000699 2406 002406 2447 002447 3317 003317 1903 001903 0000 000000
1517295840.974966:  1833 001817 0699 000735 2406 002266 2447 002404 3317 003561 1903 001928 0000 000000
1517295840.975051:  1833 001817 0699 000735 2406 002266 2447 002404 3317 003561 1903 001928 0000 000000
1517295841.126756:  1833 065484 0699 000035 2406 065513 2447 065496 3317 000070 1903 064736 0000 065518
1517295841.277621:  1833 001817 0699 000749 2406 002231 2447 002404 3317 003541 1903 001918 0000 000000
1517295841.277711:  1833 001817 0699 000749 2406 002231 2447 002404 3317 003541 1903 001918 0000 000000
1517295841.424428:  1836 001836 0725 000725 2338 002338 2444 002444 3289 003289 1900 001900 0000 000000
1517295841.575265:  1836 001817 0725 000764 2338 002193 2444 002401 3289 003529 1900 001912 0000 000000
1517295841.575335:  1836 001817 0725 000764 2338 002193 2444 002401 3289 003529 1900 001912 0000 000000
1517295841.727076:  1836 065496 0725 000035 2338 065513 2444 065496 3289 000070 1900 064736 0000 065518
1517295841.877900:  1836 001818 0725 000777 2338 002160 2444 002399 3289 003514 1900 001904 0000 000000
1517295841.877994:  1836 001818 0725 000777 2338 002160 2444 002399 3289 003514 1900 001904 0000 000000
1517295841.974885:  1838 001838 0752 000752 2270 002270 2441 002441 3261 003261 1896 001896 0000 000000
1517295842.125577:  1838 001820 0752 000789 2270 002130 2441 002397 3261 003501 1896 001897 0000 000000
1517295842.125622:  1838 001820 0752 000789 2270 002130 2441 002397 3261 003501 1896 001897 0000 000000
1517295842.277241:  1838 065496 0752 000035 2270 065513 2441 065506 3261 000070 1896 064736 0000 065518
1517295842.424389:  1838 001821 0752 000803 2270 002094 2441 002396 3261 003485 1896 001895 0000 000000
1517295842.424453:  1838 001821 0752 000803 2270 002094 2441 002396 3261 003485 1896 001895 0000 000000
1517295842.575994:  1841 001841 0780 000780 2200 002200 2438 002438 3232 003232 1891 001891 0000 000000
1517295842.726821:  1841 001825 0780 000817 2200 002059 2438 002396 3232 003470 1891 001881 0000 000000
1517295842.726930:  1841 001825 0780 000817 2200 002059 2438 002396 3232 003470 1891 001881 0000 000000
1517295842.878600:  1841 065484 0780 000035 2200 065513 2438 065496 3232 000070 1891 064746 0000 065518
1517295842.975063:  1841 001826 0780 000829 2200 002029 2438 002395 3232 003460 1891 001875 0000 000000
1517295842.975130:  1841 001826 0780 000829 2200 002029 2438 002395 3232 003460 1891 001875 0000 000000
1517295843.126734:  1844 001844 0807 000807 2130 002130 2435 002435 3201 003201 1887 001887 0000 000000
1517295843.277524:  1844 001830 0807 000844 2130 001997 2435 002396 3201 003440 1887 001866 0000 000000
1517295843.277619:  1844 001830 0807 000844 2130 001997 2435 002396 3201 003440 1887 001866 0000 000000
1517295843.424428:  1844 065484 0807 000035 2130 065513 2435 065486 3201 000070 1887 064746 0000 065518
1517295843.575286:  1844 001832 0807 000859 2130 001956 2435 002395 3201 003428 1887 001860 0000 000000
1517295843.575340:  1844 001832 0807 000859 2130 001956 2435 002395 3201 003428 1887 001860 0000 000000
1517295843.727047:  1846 001846 0836 000836 2058 002058 2431 002431 3170 003170 1883 001883 0000 000000
1517295843.877840:  1846 001836 0836 000874 2058 001922 2431 002395 3170 003408 1883 001847 0000 000000
1517295843.877922:  1846 001836 0836 000874 2058 001922 2431 002395 3170 003408 1883 001847 0000 000000
1517295843.974972:  1846 065484 0836 000047 2058 065503 2431 065486 3170 000080 1883 064766 0000 065518
1517295844.125845:  1846 001838 0836 000886 2058 001888 2431 002394 3170 003395 1883 001847 0000 000000
1517295844.125923:  1846 001838 0836 000886 2058 001888 2431 002394 3170 003395 1883 001847 0000 000000
1517295844.277922:  1848 001848 0864 000864 1986 001986 2427 002427 3138 003138 1878 001878 0000 000000
1517295844.424426:  1848 001838 0864 000899 1986 001847 2427 002390 3138 003375 1878 001840 0000 000000
1517295844.424502:  1848 001838 0864 000899 1986 001847 2427 002390 3138 003375 1878 001840 0000 000000
1517295844.576225:  1848 065484 0864 000047 1986 065523 2427 065486 3138 000070 1878 064776 0000 065518
1517295844.726997:  1848 001839 0864 000914 1986 001810 2427 002390 3138 003361 1878 001833 0000 000000
1517295844.727077:  1848 001839 0864 000914 1986 001810 2427 002390 3138 003361 1878 001833 0000 000000
1517295844.878916:  1851 001851 0893 000893 1914 001914 2424 002424 3105 003105 1873 001873 0000 000000
1517295844.974949:  1851 001838 0893 000927 1914 001776 2424 002386 3105 003346 1873 001818 0000 000000
1517295844.975048:  1851 001838 0893 000927 1914 001776 2424 002386 3105 003346 1873 001818 0000 000000
1517295845.126669:  1851 065484 0893 000047 1914 065513 2424 065486 3105 000080 1873 064776 0000 065518
1517295845.277436:  1851 001839 0893 000943 1914 001737 2424 002386 3105 003328 1873 001811 0000 000000
1517295845.277511:  1851 001839 0893 000943 1914 001737 2424 002386 3105 003328 1873 001811 0000 000000
1517295845.424429:  1853 001853 0923 000923 1840 001840 2419 002419 3071 003071 1868 001868 0000 000000
1517295845.575275:  1853 001839 0923 000957 1840 001700 2419 002383 3071 003310 1868 001800 0000 000000
1517295845.575368:  1853 001839 0923 000957 1840 001700 2419 002383 3071 003310 1868 001800 0000 000000
1517295845.726851:  1853 065484 0923 000047 1840 065513 2419 065486 3071 000070 1868 064796 0000 065518
1517295845.877628:  1853 001836 0923 000973 1840 001662 2419 002382 3071 003293 1868 001794 0000 000000
1517295845.877688:  1853 001836 0923 000973 1840 001662 2419 002382 3071 003293 1868 001794 0000 000000
1517295845.974913:  1855 001855 0954 000954 1766 001766 2415 002415 3036 003036 1862 001862 0000 000000
1517295846.125793:  1855 001836 0954 000987 1766 001630 2415 002381 3036 003279 1862 001795 0000 000000
1517295846.125847:  1855 001836 0954 000987 1766 001630 2415 002381 3036 003279 1862 001795 0000 000000
1517295846.277541:  1855 065484 0954 000047 1766 065503 2415 065486 3036 000080 1862 064806 0000 065518
1517295846.424427:  1855 001838 0954 001004 1766 001590 2415 002378 3036 003258 1862 001782 0000 000000
1517295846.424493:  1855 001838 0954 001004 1766 001590 2415 002378 3036 003258 1862 001782 0000 000000
1517295846.576500:  1857 001857 0985 000985 1691 001691 2411 002411 3000 003000 1857 001857 0000 000000
1517295846.727306:  1857 001839 0985 001019 1691 001552 2411 002375 3000 003240 1857 001772 0000 000000
1517295846.727400:  1857 001839 0985 001019 1691 001552 2411 002375 3000 003240 1857 001772 0000 000000
