1517295099.637015:  0000 002039 0000 001908 0000 002472 0000 002612 0000 003915 0000 002091 0000 000000
1517295100.237725:  0000 065472 0000 065472 0000 000080 0000 065506 0000 000040 0000 000800 0000 000500
1517295100.338525:  0000 002039 0000 001912 0000 002472 0000 002615 0000 003919 0000 002093 0000 000000
1517295100.338601:  0000 002039 0000 001912 0000 002472 0000 002615 0000 003919 0000 002093 0000 000000
1517295100.440242:  1816 001816 1687 001687 2344 002344 2379 002379 4079 004079 1982 001982 0000 000000
1517295100.541066:  1816 002039 1687 001912 2344 002470 2379 002618 4079 003918 1982 002092 0000 000000
1517295100.541137:  1816 002039 1687 001912 2344 002470 2379 002618 4079 003918 1982 002092 0000 000000
1517295100.637000:  1816 065472 1687 065472 2344 000080 2379 065506 4079 000040 1982 000800 0000 000500
1517295100.737707:  1816 002039 1687 001912 2344 002471 2379 002617 4079 003918 1982 002092 0000 000000
1517295100.737781:  1816 002039 1687 001912 2344 002471 2379 002617 4079 003918 1982 002092 0000 000000
1517295100.839257:  1816 001816 1687 001687 2344 002344 2379 002379 4079 004079 1982 001982 0000 000000
1517295100.940092:  1816 002039 1687 001912 2344 002471 2379 002616 4079 003918 1982 002092 0000 000000
1517295100.940166:  1816 002039 1687 001912 2344 002471 2379 002616 4079 003918 1982 002092 0000 000000
1517295101.041611:  1816 065472 1687 065472 2344 000080 2379 065506 4079 000040 1982 000800 0000 000500
1517295101.137010:  1816 002039 1687 001912 2344 002472 2379 002618 4079 003917 1982 002093 0000 000000
1517295101.137083:  1816 002039 1687 001912 2344 002472 2379 002618 4079 003917 1982 002093 0000 000000
1517295101.238817:  1816 001816 1687 001687 2344 002344 2379 002379 4079 004079 1982 001982 0000 000000
1517295101.339599:  1816 002039 1687 001912 2344 002471 2379 002617 4079 003918 1982 002092 0000 000000
1517295101.339666:  1816 002039 1687 001912 2344 002471 2379 002617 4079 003918 1982 002092 0000 000000
1517295101.441439:  1816 065472 1687 065472 2344 000080 2379 065506 4079 000040 1982 000800 0000 000500
1517295101.542186:  1816 002040 1687 001912 2344 002470 2379 002618 4079 003918 1982 002095 0000 000000
1517295101.542241:  1816 002040 1687 001912 2344 002470 2379 002618 4079 003918 1982 002095 0000 000000
1517295101.636993:  1816 001816 1687 001687 2344 002344 2379 002379 4079 004079 1982 001982 0000 000000
1517295101.737736:  1816 002039 1687 001911 2344 002470 2379 002618 4079 003917 1982 002093 0000 000000
1517295101.737802:  1816 002039 1687 001911 2344 002470 2379 002618 4079 003917 1982 002093 0000 000000
1517295101.839436:  1816 065472 1687 065472 2344 000080 2379 065506 4079 000040 1982 000800 0000 000500
1517295101.940255:  1816 002039 1687 001911 2344 002471 2379 002618 4079 003917 1982 002092 0000 000000
1517295101.940339:  1816 002039 1687 001911 2344 002471 2379 002618 4079 003917 1982 002092 0000 000000
1517295102.042249:  1816 001816 1687 001687 2344 002344 2379 002379 4079 004079 1982 001982 0000 000000
1517295102.136997:  1816 002039 1687 001911 2344 002471 2379 002618 4079 003917 1982 002096 0000 000000
1517295102.137049:  1816 002039 1687 001911 2344 002471 2379 002618 4079 003917 1982 002096 0000 000000
1517295102.238665:  1816 065472 1687 065472 2344 000080 2379 065506 4079 000040 1982 000800 0000 000500
1517295102.339531:  1816 002039 1687 001911 2344 002470 2379 002618 4079 003916 1982 002092 0000 000000
1517295102.339588:  1816 002039 1687 001911 2344 002470 2379 002618 4079 003916 1982 002092 0000 000000
1517295102.441329:  1816 001816 1687 001687 2344 002344 2379 002379 4079 004079 1982 001982 0000 000000
1517295102.542208:  1816 002039 1687 001911 2344 002471 2379 002617 4079 003917 1982 002094 0000 000000
1517295102.542270:  1816 002039 1687 001911 2344 002471 2379 002617 4079 003917 1982 002094 0000 000000
1517295102.637030:  1816 065484 1687 065472 2344 000080 2379 065506 4079 000040 1982 000800 0000 000500
1517295102.737839:  1816 002032 1687 001911 2344 002470 2379 002617 4079 003917 1982 002091 0000 000000
1517295102.737911:  1816 002032 1687 001911 2344 002470 2379 002617 4079 003917 1982 002091 0000 000000
1517295102.839576:  1816 001816 1687 001687 2344 002344 2379 002379 4079 004079 1982 001982 0000 000000
1517295102.940347:  1816 002029 1687 001910 2344 002470 2379 002617 4079 003916 1982 002092 0000 000000
1517295102.940428:  1816 002029 1687 001910 2344 002470 2379 002617 4079 003916 1982 002092 0000 000000
1517295103.042049:  1816 065484 1687 065472 2344 000080 2379 065506 4079 000040 1982 000800 0000 000500
1517295103.136996:  1816 002026 1687 001910 2344 002469 2379 002618 4079 003915 1982 002097 0000 000000
1517295103.137063:  1816 002026 1687 001910 2344 002469 2379 002618 4079 003915 1982 002097 0000 000000
1517295103.238583:  1816 001816 1687 001687 2344 002344 2379 002379 4079 004079 1982 001982 0000 000000
1517295103.339312:  1816 002025 1687 001910 2344 002470 2379 002617 4079 003917 1982 002091 0000 000000
1517295103.339382:  1816 002025 1687 001910 2344 002470 2379 002617 4079 003917 1982 002091 0000 000000
1517295103.441043:  1816 065484 1687 065472 2344 000080 2379 065506 4079 000040 1982 000800 0000 000500
1517295103.541866:  1816 002027 1687 001910 2344 002469 2379 002618 4079 003916 1982 002093 0000 000000
1517295103.541918:  1816 002027 1687 001910 2344 002469 2379 002618 4079 003916 1982 002093 0000 000000
1517295103.636982:  1816 001816 1687 001687 2344 002344 2379 002379 4079 004079 1982 001982 0000 000000
1517295103.737812:  1816 002028 1687 001910 2344 002469 2379 002617 4079 003916 1982 002091 0000 000000
1517295103.737870:  1816 002028 1687 001910 2344 002469 2379 002617 4079 003916 1982 002091 0000 000000
1517295103.839693:  1816 065484 1687 065472 2344 000080 2379 065506 4079 000040 1982 000800 0000 000500
1517295103.940478:  1816 002029 1687 001910 2344 002469 2379 002618 4079 003915 1982 002092 0000 000000
1517295103.940517:  1816 002029 1687 001910 2344 002469 2379 002618 4079 003915 1982 002092 0000 000000
1517295104.042104:  1816 001816 1687 001687 2344 002344 2379 002379 4079 004079 1982 001982 0000 000000
1517295104.136959:  1816 002031 1687 001909 2344 002470 2379 002618 4079 003916 1982 002095 0000 000000
1517295104.137059:  1816 002031 1687 001909 2344 002470 2379 002618 4079 003916 1982 002095 0000 000000
1517295104.238694:  1816 065484 1687 065472 2344 000080 2379 065506 4079 000040 1982 000800 0000 000500
1517295104.339515:  1816 002032 1687 001909 2344 002470 2379 002617 4079 003917 1982 002094 0000 000000
1517295104.339622:  1816 002032 1687 001909 2344 002470 2379 002617 4079 003917 1982 002094 0000 000000
1517295104.441399:  1816 001816 1687 001687 2344 002344 2379 002379 4079 004079 1982 001982 0000 000000
1517295104.542241:  1816 002033 1687 001909 2344 002470 2379 002618 4079 003916 1982 002099 0000 000000
1517295104.542309:  1816 002033 1687 001909 2344 002470 2379 002618 4079 003916 1982 002099 0000 000000
1517295104.636995:  1816 065484 1687 065472 2344 000080 2379 065506 4079 000040 1982 000800 0000 000500
1517295104.737714:  1816 002033 1687 001909 2344 002470 2379 002618 4079 003915 1982 002092 0000 000000
1517295104.737782:  1816 002033 1687 001909 2344 002470 2379 002618 4079 003915 1982 002092 0000 000000
1517295104.839361:  1816 001816 1687 001687 2344 002344 2379 002379 4079 004079 1982 001982 0000 000000
1517295104.940057:  1816 002034 1687 001909 2344 002469 2379 002618 4079 003914 1982 002097 0000 000000
1517295104.940145:  1816 002034 1687 001909 2344 002469 2379 002618 4079 003914 1982 002097 0000 000000
1517295105.041681:  1816 065484 1687 065472 2344 000080 2379 065506 4079 000040 1982 000800 0000 000500
1517295105.136961:  1816 002034 1687 001909 2344 002469 2379 002619 4079 003914 1982 002094 0000 000000
1517295105.137016:  1816 002034 1687 001909 2344 002469 2379 002619 4079 003914 1982 002094 0000 000000
1517295105.238592:  1816 001816 1687 001687 2344 002344 2379 002379 4079 004079 1982 001982 0000 000000
1517295105.339353:  1816 002035 1687 001909 2344 002469 2379 002618 4079 003912 1982 002093 0000 000000
1517295105.339435:  1816 002035 1687 001909 2344 002469 2379 002618 4079 003912 1982 002093 0000 000000
1517295105.442785:  1816 065484 1687 065472 2344 000080 2379 065506 4079 000040 1982 000800 0000 000500
1517295105.543620:  1816 002032 1687 001908 2344 002468 2379 002618 4079 003913 1982 002097 0000 000000
1517295105.543672:  1816 002032 1687 001908 2344 002468 2379 002618 4079 003913 1982 002097 0000 000000
1517295105.637000:  1816 001816 1687 001687 2344 002344 2379 002379 4079 004079 1982 001982 0000 000000
1517295105.737884:  1816 002027 1687 001908 2344 002466 2379 002619 4079 003912 1982 002091 0000 000000
1517295105.737979:  1816 002027 1687 001908 2344 002466 2379 002619 4079 003912 1982 002091 0000 000000
1517295105.839779:  1816 065484 1687 065472 2344 000080 2379 065506 4079 000040 1982 000800 0000 000500
1517295105.940542:  1816 002025 1687 001908 2344 002467 2379 002617 4079 003913 1982 002094 0000 000000
1517295105.940598:  1816 002025 1687 001908 2344 002467 2379 002617 4079 003913 1982 002094 0000 000000
1517295106.042349:  1816 001816 1687 001687 2344 002344 2379 002379 4079 004079 1982 001982 0000 000000
1517295106.136995:  1816 002027 1687 001908 2344 002466 2379 002617 4079 003913 1982 002097 0000 000000
1517295106.137085:  1816 002027 1687 001908 2344 002466 2379 002617 4079 003913 1982 002097 0000 000000
1517295106.238860:  1816 065484 1687 065472 2344 000080 2379 065506 4079 000040 1982 000800 0000 000500
1517295106.339720:  1816 002028 1687 001908 2344 002466 2379 002617 4079 003913 1982 002093 0000 000000
1517295106.339808:  1816 002028 1687 001908 2344 002466 2379 002617 4079 003913 1982 002093 0000 000000
1517295106.441461:  1816 001816 1687 001687 2344 002344 2379 002379 4079 004079 1982 001982 0000 000000
1517295106.542203:  1816 002030 1687 001907 2344 002464 2379 002619 4079 003913 1982 002098 0000 000000
1517295106.542278:  1816 002030 1687 001907 2344 002464 2379 002619 4079 003913 1982 002098 0000 000000
1517295106.637001:  1816 065484 1687 065472 2344 000080 2379 065506 4079 000040 1982 000800 0000 000500
