1517296189.195288:  0000 001768 0000 002347 0000 001217 0000 002167 0000 001751 0000 001034 0000 000000
1517296189.755996:  1768 001768 2347 002347 1217 001217 2167 002167 1751 001751 1034 001034 0000 000000
1517296189.816792:  1768 001769 2347 002361 1217 001209 2167 002170 1751 001759 1034 001037 0000 000000
1517296189.816867:  1768 001769 2347 002361 1217 001209 2167 002170 1751 001759 1034 001037 0000 000000
1517296189.878517:  1768 065484 2347 000047 1217 065423 2167 065446 1751 065386 1034 064736 0000 065518
1517296189.939263:  1768 001769 2347 002378 1217 001166 2167 002169 1751 001801 1034 001043 0000 000000
1517296189.939318:  1768 001769 2347 002378 1217 001166 2167 002169 1751 001801 1034 001043 0000 000000
1517296190.001044:  1801 001801 2345 002345 1224 001224 2150 002150 1760 001760 1029 001029 0000 000000
1517296190.061759:  1801 001770 2345 002391 1224 001130 2150 002169 1760 001842 1029 001052 0000 000000
1517296190.061841:  1801 001770 2345 002391 1224 001130 2150 002169 1760 001842 1029 001052 0000 000000
1517296190.123626:  1801 065520 2345 000011 1224 065503 2150 065436 1760 065456 1029 064736 0000 065518
1517296190.184419:  1801 001775 2345 002401 1224 001106 2150 002170 1760 001879 1029 001065 0000 000000
1517296190.184471:  1801 001775 2345 002401 1224 001106 2150 002170 1760 001879 1029 001065 0000 000000
1517296190.245812:  1834 001834 2343 002343 1229 001229 2132 002132 1769 001769 1025 001025 0000 000000
1517296190.306584:  1834 001787 2343 002407 1229 001086 2132 002169 1769 001911 1025 001082 0000 000000
1517296190.306652:  1834 001787 2343 002407 1229 001086 2132 002169 1769 001911 1025 001082 0000 000000
1517296190.368676:  1834 065532 2343 065535 1229 000007 2132 065416 1769 065516 1025 064736 0000 065518
1517296190.429455:  1834 001804 2343 002417 1229 001072 2132 002169 1769 001939 1025 001097 0000 000000
1517296190.429508:  1834 001804 2343 002417 1229 001072 2132 002169 1769 001939 1025 001097 0000 000000
1517296190.491158:  1868 001868 2342 002342 1234 001234 2114 002114 1778 001778 1019 001019 0000 000000
1517296190.551981:  1868 001818 2342 002417 1234 001062 2114 002163 1778 001960 1019 001113 0000 000000
1517296190.552059:  1868 001818 2342 002417 1234 001062 2114 002163 1778 001960 1019 001113 0000 000000
1517296190.615387:  1868 000008 2342 065523 1234 000027 2114 065406 1778 000010 1019 064736 0000 065518
1517296190.676060:  1868 001832 2342 002421 1234 001053 2114 002152 1778 001977 1019 001129 0000 000000
1517296190.676135:  1868 001832 2342 002421 1234 001053 2114 002152 1778 001977 1019 001129 0000 000000
1517296190.735630:  1902 001902 2341 002341 1237 001237 2096 002096 1785 001785 1014 001014 0000 000000
1517296190.796432:  1902 001848 2341 002424 1237 001047 2096 002142 1785 001990 1014 001141 0000 000000
1517296190.796505:  1902 001848 2341 002424 1237 001047 2096 002142 1785 001990 1014 001141 0000 000000
1517296190.858394:  1902 000008 2341 065511 1237 000047 2096 065406 1785 000030 1014 064736 0000 065518
1517296190.919165:  1902 001865 2341 002426 1237 001042 2096 002132 1785 001997 1014 001144 0000 000000
1517296190.919234:  1902 001865 2341 002426 1237 001042 2096 002132 1785 001997 1014 001144 0000 000000
1517296190.980880:  1936 001936 2341 002341 1238 001238 2077 002077 1792 001792 1008 001008 0000 000000
1517296191.041655:  1936 001883 2341 002428 1238 001038 2077 002122 1792 002004 1008 001145 0000 000000
1517296191.041733:  1936 001883 2341 002428 1238 001038 2077 002122 1792 002004 1008 001145 0000 000000
1517296191.103359:  1936 000008 2341 065511 1238 000057 2077 065416 1792 000040 1008 064736 0000 065518
1517296191.164145:  1936 001902 2341 002431 1238 001035 2077 002113 1792 002008 1008 001148 0000 000000
1517296191.164216:  1936 001902 2341 002431 1238 001035 2077 002113 1792 002008 1008 001148 0000 000000
1517296191.225523:  1970 001970 2341 002341 1238 001238 2057 002057 1798 001798 1001 001001 0000 000000
1517296191.286290:  1970 001919 2341 002433 1238 001033 2057 002102 1798 002012 1001 001151 0000 000000
1517296191.286342:  1970 001919 2341 002433 1238 001033 2057 002102 1798 002012 1001 001151 0000 000000
1517296191.347980:  1970 000008 2341 065499 1238 000057 2057 065416 1798 000040 1001 064736 0000 065518
1517296191.408681:  1970 001937 2341 002434 1238 001030 2057 002093 1798 002017 1001 001155 0000 000000
1517296191.408756:  1970 001937 2341 002434 1238 001030 2057 002093 1798 002017 1001 001155 0000 000000
1517296191.470407:  2005 002005 2341 002341 1237 001237 2037 002037 1804 001804 0994 000994 0000 000000
1517296191.531189:  2005 001954 2341 002436 1237 001028 2037 002082 1804 002018 0994 001228 0000 000000
1517296191.531265:  2005 001954 2341 002436 1237 001028 2037 002082 1804 002018 0994 001228 0000 000000
1517296191.592860:  2005 065532 2341 065499 1237 000057 2037 065406 1804 000040 0994 064736 0000 065518
1517296191.653707:  2005 001971 2341 002437 1237 001026 2037 002073 1804 002019 0994 001166 0000 000000
1517296191.653776:  2005 001971 2341 002437 1237 001026 2037 002073 1804 002019 0994 001166 0000 000000
1517296191.715442:  2039 002039 2342 002342 1235 001235 2016 002016 1809 001809 0986 000986 0000 000000
1517296191.776178:  2039 001989 2342 002439 1235 001025 2016 002064 1809 002020 0986 001167 0000 000000
1517296191.776236:  2039 001989 2342 002439 1235 001025 2016 002064 1809 002020 0986 001167 0000 000000
1517296191.837879:  2039 065532 2342 065499 1235 000067 2016 065406 1809 000040 0986 064736 0000 065518
1517296191.898631:  2039 002006 2342 002441 1235 001023 2016 002055 1809 002022 0986 001163 0000 000000
1517296191.898697:  2039 002006 2342 002441 1235 001023 2016 002055 1809 002022 0986 001163 0000 000000
1517296191.960397:  2073 002073 2343 002343 1231 001231 1994 001994 1813 001813 0977 000977 0000 000000
1517296192.021156:  2073 002024 2343 002442 1231 001021 1994 002043 1813 002024 0977 001161 0000 000000
1517296192.021228:  2073 002024 2343 002442 1231 001021 1994 002043 1813 002024 0977 001161 0000 000000
1517296192.082937:  2073 065532 2343 065487 1231 000057 1994 065406 1813 000040 0977 064736 0000 065518
1517296192.143811:  2073 002041 2343 002443 1231 001019 1994 002026 1813 002025 0977 001162 0000 000000
1517296192.143845:  2073 002041 2343 002443 1231 001019 1994 002026 1813 002025 0977 001162 0000 000000
1517296192.205302:  2107 002107 2344 002344 1225 001225 1971 001971 1817 001817 0968 000968 0000 000000
1517296192.266110:  2107 002057 2344 002445 1225 001018 1971 002023 1817 002028 0968 001162 0000 000000
1517296192.266167:  2107 002057 2344 002445 1225 001018 1971 002023 1817 002028 0968 001162 0000 000000
1517296192.327848:  2107 065532 2344 065487 1225 000057 1971 065406 1817 000040 0968 064736 0000 065518
1517296192.388576:  2107 002075 2344 002446 1225 001015 1971 002014 1817 002030 0968 001164 0000 000000
1517296192.388650:  2107 002075 2344 002446 1225 001015 1971 002014 1817 002030 0968 001164 0000 000000
1517296192.450324:  2142 002142 2346 002346 1219 001219 1948 001948 1821 001821 0958 000958 0000 000000
1517296192.511189:  2142 002092 2346 002447 1219 001014 1948 002004 1821 002030 0958 001170 0000 000000
1517296192.511261:  2142 002092 2346 002447 1219 001014 1948 002004 1821 002030 0958 001170 0000 000000
1517296192.572806:  2142 065532 2346 065487 1219 000057 1948 065396 1821 000040 0958 064736 0000 065518
1517296192.633493:  2142 002108 2346 002448 1219 001012 1948 001991 1821 002033 0958 001174 0000 000000
1517296192.633582:  2142 002108 2346 002448 1219 001012 1948 001991 1821 002033 0958 001174 0000 000000
1517296192.695177:  2176 002176 2348 002348 1211 001211 1924 001924 1824 001824 0947 000947 0000 000000
1517296192.755972:  2176 002128 2348 002449 1211 001009 1924 001978 1824 002036 0947 001173 0000 000000
1517296192.756041:  2176 002128 2348 002449 1211 001009 1924 001978 1824 002036 0947 001173 0000 000000
1517296192.817640:  2176 065532 2348 065487 1211 000047 1924 065396 1824 000040 0947 064736 0000 065518
1517296192.878326:  2176 002148 2348 002450 1211 001006 1924 001961 1824 002039 0947 001169 0000 000000
1517296192.878379:  2176 002148 2348 002450 1211 001006 1924 001961 1824 002039 0947 001169 0000 000000
1517296192.939976:  2210 002210 2351 002351 1201 001201 1899 001899 1827 001827 0936 000936 0000 000000
1517296193.000675:  2210 002165 2351 002451 1201 001003 1899 001954 1827 002040 0936 001172 0000 000000
1517296193.000750:  2210 002165 2351 002451 1201 001003 1899 001954 1827 002040 0936 001172 0000 000000
1517296193.062599:  2210 065532 2351 065487 1201 000047 1899 065396 1827 000040 0936 064736 0000 065518
1517296193.123423:  2210 002183 2351 002452 1201 001000 1899 001941 1827 002043 0936 001170 0000 000000
1517296193.123504:  2210 002183 2351 002452 1201 001000 1899 001941 1827 002043 0936 001170 0000 000000
1517296193.185091:  2244 002244 2354 002354 1191 001191 1874 001874 1830 001830 0923 000923 0000 000000
1517296193.245868:  2244 002199 2354 002454 1191 000998 1874 001931 1830 002046 0923 001171 0000 000000
1517296193.245942:  2244 002199 2354 002454 1191 000998 1874 001931 1830 002046 0923 001171 0000 000000
1517296193.307561:  2244 065532 2354 065487 1191 000037 1874 065396 1830 000040 0923 064736 0000 065518
1517296193.368355:  2244 002215 2354 002455 1191 000995 1874 001920 1830 002048 0923 001174 0000 000000
1517296193.368429:  2244 002215 2354 002455 1191 000995 1874 001920 1830 002048 0923 001174 0000 000000
1517296193.430126:  2278 002278 2357 002357 1179 001179 1847 001847 1832 001832 0910 000910 0000 000000
1517296193.490853:  2278 002231 2357 002456 1179 000991 1847 001909 1832 002050 0910 001180 0000 000000
1517296193.490910:  2278 002231 2357 002456 1179 000991 1847 001909 1832 002050 0910 001180 0000 000000
1517296193.552490:  2278 065532 2357 065499 1179 000037 1847 065396 1832 000040 0910 064736 0000 065518
1517296193.613303:  2278 002247 2357 002457 1179 000987 1847 001897 1832 002053 0910 001183 0000 000000
1517296193.613378:  2278 002247 2357 002457 1179 000987 1847 001897 1832 002053 0910 001183 0000 000000
1517296193.674858:  2312 002312 2361 002361 1165 001165 1820 001820 1835 001835 0896 000896 0000 000000
1517296193.735597:  2312 002261 2361 002458 1165 000983 1820 001883 1835 002054 0896 001180 0000 000000
1517296193.735670:  2312 002261 2361 002458 1165 000983 1820 001883 1835 002054 0896 001180 0000 000000
1517296193.797442:  2312 065532 2361 065499 1165 000027 1820 065386 1835 000040 0896 064736 0000 065518
1517296193.858232:  2312 002279 2361 002459 1165 000978 1820 001870 1835 002055 0896 001177 0000 000000
1517296193.858335:  2312 002279 2361 002459 1165 000978 1820 001870 1835 002055 0896 001177 0000 000000
1517296193.920082:  2345 002345 2365 002365 1150 001150 1792 001792 1838 001838 0881 000881 0000 000000
1517296193.980892:  2345 002294 2365 002460 1150 000973 1792 001857 1838 002055 0881 001178 0000 000000
1517296193.980946:  2345 002294 2365 002460 1150 000973 1792 001857 1838 002055 0881 001178 0000 000000
1517296194.042591:  2345 065532 2365 065499 1150 000027 1792 065386 1838 000040 0881 064736 0000 065518
1517296194.103342:  2345 002311 2365 002462 1150 000967 1792 001844 1838 002056 0881 001176 0000 000000
1517296194.103416:  2345 002311 2365 002462 1150 000967 1792 001844 1838 002056 0881 001176 0000 000000
1517296194.164885:  2378 002378 2369 002369 1134 001134 1763 001763 1841 001841 0865 000865 0000 000000
1517296194.225558:  2378 002327 2369 002463 1134 000962 1763 001832 1841 002057 0865 001178 0000 000000
1517296194.225626:  2378 002327 2369 002463 1134 000962 1763 001832 1841 002057 0865 001178 0000 000000
1517296194.287201:  2378 000008 2369 065499 1134 000017 1763 065386 1841 000040 0865 064736 0000 065518
1517296194.347955:  2378 002343 2369 002466 1134 000955 1763 001819 1841 002058 0865 001183 0000 000000
1517296194.348028:  2378 002343 2369 002466 1134 000955 1763 001819 1841 002058 0865 001183 0000 000000
1517296194.409920:  2412 002412 2374 002374 1117 001117 1733 001733 1844 001844 0848 000848 0000 000000
1517296194.470672:  2412 002360 2374 002467 1117 000948 1733 001807 1844 002059 0848 001187 0000 000000
1517296194.470724:  2412 002360 2374 002467 1117 000948 1733 001807 1844 002059 0848 001187 0000 000000
1517296194.532712:  2412 000008 2374 065499 1117 000017 1733 065376 1844 000040 0848 064736 0000 065518
1517296194.593557:  2412 002377 2374 002468 1117 000940 1733 001793 1844 002060 0848 001187 0000 000000
1517296194.593625:  2412 002377 2374 002468 1117 000940 1733 001793 1844 002060 0848 001187 0000 000000
1517296194.655490:  2444 002444 2380 002380 1098 001098 1702 001702 1847 001847 0831 000831 0000 000000
1517296194.715453:  2444 002394 2380 002469 1098 000932 1702 001778 1847 002061 0831 001183 0000 000000
1517296194.715526:  2444 002394 2380 002469 1098 000932 1702 001778 1847 002061 0831 001183 0000 000000
1517296194.777450:  2444 065532 2380 065511 1098 000017 1702 065376 1847 000040 0831 064736 0000 065518
1517296194.838317:  2444 002413 2380 002472 1098 000924 1702 001764 1847 002062 0831 001180 0000 000000
1517296194.838394:  2444 002413 2380 002472 1098 000924 1702 001764 1847 002062 0831 001180 0000 000000
1517296194.900301:  2477 002477 2386 002386 1078 001078 1670 001670 1851 001851 0812 000812 0000 000000
1517296194.961164:  2477 002429 2386 002474 1078 000916 1670 001752 1851 002063 0812 001181 0000 000000
1517296194.961218:  2477 002429 2386 002474 1078 000916 1670 001752 1851 002063 0812 001181 0000 000000
1517296195.023078:  2477 065532 2386 065511 1078 000007 1670 065366 1851 000030 0812 064736 0000 065518
1517296195.083903:  2477 002446 2386 002476 1078 000908 1670 001736 1851 002064 0812 001180 0000 000000
1517296195.083975:  2477 002446 2386 002476 1078 000908 1670 001736 1851 002064 0812 001180 0000 000000
1517296195.145577:  2509 002509 2392 002392 1057 001057 1638 001638 1856 001856 0793 000793 0000 000000
1517296195.205346:  2509 002463 2392 002479 1057 000899 1638 001721 1856 002067 0793 001183 0000 000000
1517296195.205419:  2509 002463 2392 002479 1057 000899 1638 001721 1856 002067 0793 001183 0000 000000
1517296195.267395:  2509 065532 2392 065511 1057 000007 1638 065366 1856 000040 0793 064736 0000 065518
1517296195.328236:  2509 002480 2392 002482 1057 000890 1638 001708 1856 002070 0793 001189 0000 000000
1517296195.328289:  2509 002480 2392 002482 1057 000890 1638 001708 1856 002070 0793 001189 0000 000000
1517296195.389856:  2542 002542 2399 002399 1035 001035 1605 001605 1861 001861 0773 000773 0000 000000
1517296195.450617:  2542 002496 2399 002484 1035 000881 1605 001693 1861 002072 0773 001193 0000 000000
1517296195.450703:  2542 002496 2399 002484 1035 000881 1605 001693 1861 002072 0773 001193 0000 000000
1517296195.512452:  2542 065532 2399 065511 1035 065533 1605 065366 1861 000040 0773 064736 0000 065518
1517296195.573257:  2542 002513 2399 002485 1035 000871 1605 001678 1861 002076 0773 001192 0000 000000
1517296195.573345:  2542 002513 2399 002485 1035 000871 1605 001678 1861 002076 0773 001192 0000 000000
1517296195.636449:  2573 002573 2406 002406 1011 001011 1572 001572 1867 001867 0752 000752 0000 000000
1517296195.695276:  2573 002529 2406 002487 1011 000861 1572 001662 1867 002077 0752 001188 0000 000000
1517296195.695353:  2573 002529 2406 002487 1011 000861 1572 001662 1867 002077 0752 001188 0000 000000
1517296195.757443:  2573 065532 2406 065523 1011 065533 1572 065356 1867 000030 0752 064736 0000 065518
1517296195.818283:  2573 002546 2406 002490 1011 000850 1572 001647 1867 002081 0752 001188 0000 000000
1517296195.818349:  2573 002546 2406 002490 1011 000850 1572 001647 1867 002081 0752 001188 0000 000000
