1517296348.085392:  0000 001787 0000 002334 0000 001219 0000 002156 0000 001760 0000 001042 0000 000000
1517296348.646074:  1787 001787 2334 002334 1219 001219 2156 002156 1760 001760 1042 001042 0000 000000
1517296348.706908:  1787 001787 2334 002340 1219 001206 2156 002157 1760 001774 1042 001043 0000 000000
1517296348.706971:  1787 001787 2334 002340 1219 001206 2156 002157 1760 001774 1042 001043 0000 000000
1517296348.768611:  1787 065472 2334 000035 1219 065433 2156 065446 1760 065406 1042 064736 0000 065518
1517296348.829364:  1787 001786 2334 002352 1219 001163 2156 002156 1760 001816 1042 001047 0000 000000
1517296348.829439:  1787 001786 2334 002352 1219 001163 2156 002156 1760 001816 1042 001047 0000 000000
1517296348.891085:  1787 001787 2294 002294 1227 001227 2135 002135 1738 001738 1023 001023 0000 000000
1517296348.951837:  1787 001786 2294 002358 1227 001131 2135 002156 1738 001852 1023 001062 0000 000000
1517296348.951913:  1787 001786 2294 002358 1227 001131 2135 002156 1738 001852 1023 001062 0000 000000
1517296349.013623:  1787 065472 2294 065511 1227 065503 2135 065426 1738 065506 1023 064736 0000 065518
1517296349.074291:  1787 001786 2294 002361 1227 001072 2135 002157 1738 001884 1023 001072 0000 000000
1517296349.074382:  1787 001786 2294 002361 1227 001072 2135 002157 1738 001884 1023 001072 0000 000000
1517296349.135973:  1787 001787 2256 002256 1234 001234 2112 002112 1717 001717 1002 001002 0000 000000
1517296349.196708:  1787 001786 2256 002362 1234 001089 2112 002149 1717 001905 1002 001084 0000 000000
1517296349.196782:  1787 001786 2256 002362 1234 001089 2112 002149 1717 001905 1002 001084 0000 000000
1517296349.258348:  1787 065472 2256 065463 1234 000007 2112 065416 1717 000030 1002 064736 0000 065518
1517296349.319183:  1787 001786 2256 002363 1234 001076 2112 002139 1717 001918 1002 001096 0000 000000
1517296349.319282:  1787 001786 2256 002363 1234 001076 2112 002139 1717 001918 1002 001096 0000 000000
1517296349.380769:  1787 001787 2217 002217 1240 001240 2086 002086 1695 001695 0979 000979 0000 000000
1517296349.441566:  1787 001786 2217 002363 1240 001067 2086 002129 1695 001921 0979 001107 0000 000000
1517296349.441618:  1787 001786 2217 002363 1240 001067 2086 002129 1695 001921 0979 001107 0000 000000
1517296349.503670:  1787 065472 2217 065415 1240 000027 2086 065406 1695 000060 0979 064736 0000 065518
1517296349.564489:  1787 001786 2217 002361 1240 001060 2086 002119 1695 001921 0979 001116 0000 000000
1517296349.564564:  1787 001786 2217 002361 1240 001060 2086 002119 1695 001921 0979 001116 0000 000000
1517296349.625778:  1787 001787 2179 002179 1244 001244 2057 002057 1673 001673 0953 000953 0000 000000
1517296349.686549:  1787 001786 2179 002359 1244 001054 2057 002108 1673 001915 0953 001116 0000 000000
1517296349.686648:  1787 001786 2179 002359 1244 001054 2057 002108 1673 001915 0953 001116 0000 000000
1517296349.748270:  1787 065472 2179 065379 1244 000047 2057 065396 1673 000080 0953 064736 0000 065518
1517296349.808999:  1787 001786 2179 002354 1244 001050 2057 002094 1673 001908 0953 001110 0000 000000
1517296349.809055:  1787 001786 2179 002354 1244 001050 2057 002094 1673 001908 0953 001110 0000 000000
1517296349.870702:  1787 001787 2142 002142 1246 001246 2024 002024 1651 001651 0924 000924 0000 000000
1517296349.931522:  1787 001783 2142 002347 1246 001045 2024 002017 1651 001899 0924 001108 0000 000000
1517296349.931609:  1787 001783 2142 002347 1246 001045 2024 002017 1651 001899 0924 001108 0000 000000
1517296349.993308:  1787 065472 2142 065343 1246 000057 2024 065386 1651 000080 0924 064736 0000 065518
1517296350.054124:  1787 001788 2142 002340 1246 001045 2024 002071 1651 001887 0924 001102 0000 000000
1517296350.054200:  1787 001788 2142 002340 1246 001045 2024 002071 1651 001887 0924 001102 0000 000000
1517296350.115611:  1787 001787 2105 002105 1247 001247 1987 001987 1629 001629 0891 000891 0000 000000
1517296350.176367:  1787 001777 2105 002331 1247 001042 1987 002062 1629 001874 0891 001094 0000 000000
1517296350.176450:  1787 001777 2105 002331 1247 001042 1987 002062 1629 001874 0891 001094 0000 000000
1517296350.238113:  1787 065472 2105 065331 1247 000057 1987 065376 1629 000080 0891 064736 0000 065518
1517296350.298943:  1787 001778 2105 002321 1247 001041 1987 002044 1629 001866 0891 001094 0000 000000
1517296350.299038:  1787 001778 2105 002321 1247 001041 1987 002044 1629 001866 0891 001094 0000 000000
1517296350.360855:  1787 001787 2068 002068 1247 001247 1945 001945 1608 001608 0854 000854 0000 000000
1517296350.421687:  1787 001778 2068 002309 1247 001038 1945 002028 1608 001855 0854 001094 0000 000000
1517296350.421765:  1787 001778 2068 002309 1247 001038 1945 002028 1608 001855 0854 001094 0000 000000
1517296350.483521:  1787 065484 2068 065307 1247 000057 1945 065366 1608 000080 0854 064736 0000 065518
1517296350.544221:  1787 001777 2068 002297 1247 001037 1945 002013 1608 001846 0854 001091 0000 000000
1517296350.544312:  1787 001777 2068 002297 1247 001037 1945 002013 1608 001846 0854 001091 0000 000000
1517296350.605522:  1787 001787 2032 002032 1245 001245 1897 001897 1588 001588 0812 000812 0000 000000
1517296350.666341:  1787 001777 2032 002283 1245 001034 1897 001996 1588 001835 0812 001082 0000 000000
1517296350.666394:  1787 001777 2032 002283 1245 001034 1897 001996 1588 001835 0812 001082 0000 000000
1517296350.727865:  1787 065484 2032 065295 1245 000067 1897 065346 1588 000080 0812 064736 0000 065518
1517296350.788635:  1787 001778 2032 002271 1245 001032 1897 001980 1588 001825 0812 001080 0000 000000
1517296350.788710:  1787 001778 2032 002271 1245 001032 1897 001980 1588 001825 0812 001080 0000 000000
1517296350.850247:  1787 001787 1996 001996 1242 001242 1844 001844 1569 001569 0764 000764 0000 000000
1517296350.911034:  1787 001778 1996 002256 1242 001031 1844 001957 1569 001814 0764 001070 0000 000000
1517296350.911103:  1787 001778 1996 002256 1242 001031 1844 001957 1569 001814 0764 001070 0000 000000
1517296350.972578:  1787 065472 1996 065283 1242 000057 1844 065326 1569 000080 0764 064736 0000 065518
1517296351.033344:  1787 001778 1996 002243 1242 001029 1844 001936 1569 001805 0764 001062 0000 000000
1517296351.033419:  1787 001778 1996 002243 1242 001029 1844 001936 1569 001805 0764 001062 0000 000000
1517296351.085374:  1787 001787 1961 001961 1237 001237 1783 001783 1552 001552 0711 000711 0000 000000
1517296351.146095:  1787 001778 1961 002229 1237 001028 1783 001918 1552 001795 0711 001064 0000 000000
1517296351.146165:  1787 001778 1961 002229 1237 001028 1783 001918 1552 001795 0711 001064 0000 000000
1517296351.207739:  1787 065472 1961 065283 1237 000057 1783 065306 1552 000070 0711 064736 0000 065518
1517296351.268533:  1787 001778 1961 002215 1237 001027 1783 001897 1552 001786 0711 001054 0000 000000
1517296351.268604:  1787 001778 1961 002215 1237 001027 1783 001897 1552 001786 0711 001054 0000 000000
1517296351.330075:  1787 001787 1927 001927 1231 001231 1716 001716 1537 001537 0652 000652 0000 000000
1517296351.390918:  1787 001778 1927 002200 1231 001025 1716 001874 1537 001777 0652 001047 0000 000000
1517296351.391006:  1787 001778 1927 002200 1231 001025 1716 001874 1537 001777 0652 001047 0000 000000
1517296351.452698:  1787 065472 1927 065271 1231 000057 1716 065276 1537 000070 0652 064736 0000 065518
1517296351.513482:  1787 001778 1927 002184 1231 001024 1716 001850 1537 001768 0652 001043 0000 000000
1517296351.513541:  1787 001778 1927 002184 1231 001024 1716 001850 1537 001768 0652 001043 0000 000000
1517296351.575544:  1787 001787 1893 001893 1223 001223 1642 001642 1524 001524 0587 000587 0000 000000
1517296351.635969:  1787 001778 1893 002169 1223 001056 1642 001825 1524 001762 0587 001039 0000 000000
1517296351.636023:  1787 001778 1893 002169 1223 001056 1642 001825 1524 001762 0587 001039 0000 000000
1517296351.697644:  1787 065472 1893 065271 1223 000047 1642 065256 1524 000070 0587 064736 0000 065518
1517296351.758433:  1787 001778 1893 002154 1223 001019 1642 001799 1524 001757 0587 001038 0000 000000
1517296351.758510:  1787 001778 1893 002154 1223 001019 1642 001799 1524 001757 0587 001038 0000 000000
1517296351.820153:  1786 001786 1860 001860 1214 001214 1561 001561 1515 001515 0517 000517 0000 000000
1517296351.880978:  1786 001761 1860 002139 1214 001017 1561 001770 1515 001751 0517 001040 0000 000000
1517296351.881033:  1786 001761 1860 002139 1214 001017 1561 001770 1515 001751 0517 001040 0000 000000
1517296351.942956:  1786 065472 1860 065271 1214 000047 1561 065226 1515 000060 0517 064736 0000 065518
1517296352.003857:  1786 001779 1860 002123 1214 001014 1561 001743 1515 001745 0517 001038 0000 000000
1517296352.003892:  1786 001779 1860 002123 1214 001014 1561 001743 1515 001745 0517 001038 0000 000000
1517296352.065877:  1786 001786 1828 001828 1203 001203 1475 001475 1510 001510 0441 000441 0000 000000
1517296352.125700:  1786 001781 1828 002107 1203 001011 1475 001711 1510 001740 0441 001030 0000 000000
1517296352.125780:  1786 001781 1828 002107 1203 001011 1475 001711 1510 001740 0441 001030 0000 000000
1517296352.187373:  1786 065472 1828 065271 1203 000037 1475 065196 1510 000050 0441 064736 0000 065518
1517296352.248148:  1786 001783 1828 002092 1203 001008 1475 001681 1510 001737 0441 001024 0000 000000
1517296352.248202:  1786 001783 1828 002092 1203 001008 1475 001681 1510 001737 0441 001024 0000 000000
1517296352.309884:  1786 001786 1796 001796 1191 001191 1408 001408 1509 001509 0363 000363 0000 000000
1517296352.370768:  1786 001784 1796 002076 1191 001005 1408 001650 1509 001736 0363 001022 0000 000000
1517296352.370873:  1786 001784 1796 002076 1191 001005 1408 001650 1509 001736 0363 001022 0000 000000
1517296352.432644:  1786 065472 1796 065271 1191 000037 1408 065236 1509 000050 0363 064736 0000 065518
1517296352.493336:  1786 001786 1796 002060 1191 001002 1408 001622 1509 001735 0363 001023 0000 000000
1517296352.493401:  1786 001786 1796 002060 1191 001002 1408 001622 1509 001735 0363 001023 0000 000000
1517296352.554828:  1786 001786 1765 001765 1177 001177 1408 001408 1512 001512 0336 000336 0000 000000
1517296352.615643:  1786 001786 1765 002046 1177 000997 1408 001595 1512 001734 0336 001021 0000 000000
1517296352.615698:  1786 001786 1765 002046 1177 000997 1408 001595 1512 001734 0336 001021 0000 000000
1517296352.677601:  1786 065472 1765 065271 1177 000027 1408 065286 1512 000040 0336 064736 0000 065518
1517296352.738388:  1786 001787 1765 002029 1177 000992 1408 001571 1512 001734 0336 001024 0000 000000
1517296352.738452:  1786 001787 1765 002029 1177 000992 1408 001571 1512 001734 0336 001024 0000 000000
1517296352.800012:  1786 001786 1735 001735 1162 001162 1408 001408 1520 001520 0336 000336 0000 000000
1517296352.860768:  1786 001788 1735 002013 1162 000988 1408 001547 1520 001736 0336 001028 0000 000000
1517296352.860831:  1786 001788 1735 002013 1162 000988 1408 001547 1520 001736 0336 001028 0000 000000
1517296352.922487:  1786 065484 1735 065271 1162 000017 1408 065336 1520 000040 0336 064736 0000 065518
1517296352.983301:  1786 001787 1735 001997 1162 000982 1408 001526 1520 001738 0336 001026 0000 000000
1517296352.983377:  1786 001787 1735 001997 1162 000982 1408 001526 1520 001738 0336 001026 0000 000000
1517296353.045094:  1786 001786 1705 001705 1145 001145 1408 001408 1533 001533 0336 000336 0000 000000
1517296353.105575:  1786 001788 1705 001981 1145 000977 1408 001507 1533 001743 0336 001022 0000 000000
1517296353.105961:  1786 001788 1705 001981 1145 000977 1408 001507 1533 001743 0336 001022 0000 000000
1517296353.167619:  1786 065472 1705 065271 1145 000017 1408 065366 1533 000030 0336 064736 0000 065518
1517296353.228371:  1786 001788 1705 001964 1145 000971 1408 001491 1533 001750 0336 001023 0000 000000
1517296353.228439:  1786 001788 1705 001964 1145 000971 1408 001491 1533 001750 0336 001023 0000 000000
1517296353.290236:  1786 001786 1677 001677 1128 001128 1408 001408 1551 001551 0336 000336 0000 000000
1517296353.350999:  1786 001789 1677 001949 1128 000964 1408 001475 1551 001756 0336 001028 0000 000000
1517296353.351069:  1786 001789 1677 001949 1128 000964 1408 001475 1551 001756 0336 001028 0000 000000
1517296353.412586:  1786 065472 1677 065283 1128 000007 1408 065396 1551 000020 0336 064736 0000 065518
1517296353.473421:  1786 001790 1677 001930 1128 000953 1408 001462 1551 001768 0336 001032 0000 000000
1517296353.473509:  1786 001790 1677 001930 1128 000953 1408 001462 1551 001768 0336 001032 0000 000000
1517296353.534948:  1786 001786 1649 001649 1108 001108 1408 001408 1573 001573 0336 000336 0000 000000
1517296353.595488:  1786 001786 1649 001917 1108 000950 1408 001452 1573 001772 0336 001035 0000 000000
1517296353.595584:  1786 001786 1649 001917 1108 000950 1408 001452 1573 001772 0336 001035 0000 000000
1517296353.657534:  1786 065472 1649 065283 1108 000007 1408 065426 1573 000020 0336 064736 0000 065518
1517296353.718198:  1786 001782 1649 001899 1108 000943 1408 001441 1573 001784 0336 001042 0000 000000
1517296353.718301:  1786 001782 1649 001899 1108 000943 1408 001441 1573 001784 0336 001042 0000 000000
1517296353.780225:  1786 001786 1622 001622 1088 001088 1408 001408 1599 001599 0336 000336 0000 000000
1517296353.841036:  1786 001778 1622 001883 1088 000933 1408 001429 1599 001794 0336 001050 0000 000000
1517296353.841158:  1786 001778 1622 001883 1088 000933 1408 001429 1599 001794 0336 001050 0000 000000
1517296353.902710:  1786 065472 1622 065295 1088 065533 1408 065446 1599 000010 0336 064736 0000 065518
1517296353.963496:  1786 001776 1622 001868 1088 000926 1408 001422 1599 001806 0336 001051 0000 000000
1517296353.963551:  1786 001776 1622 001868 1088 000926 1408 001422 1599 001806 0336 001051 0000 000000
1517296354.025206:  1786 001786 1597 001597 1066 001066 1408 001408 1629 001629 0336 000336 0000 000000
1517296354.085386:  1786 001775 1597 001853 1066 000919 1408 001414 1629 001820 0336 001053 0000 000000
1517296354.085462:  1786 001775 1597 001853 1066 000919 1408 001414 1629 001820 0336 001053 0000 000000
1517296354.147289:  1786 065484 1597 065295 1066 065523 1408 065456 1629 000010 0336 064736 0000 065518
1517296354.208033:  1786 001776 1597 001838 1066 000912 1408 001408 1629 001833 0336 001058 0000 000000
1517296354.208107:  1786 001776 1597 001838 1066 000912 1408 001408 1629 001833 0336 001058 0000 000000
1517296354.269861:  1786 001786 1572 001572 1042 001042 1408 001408 1662 001662 0336 000336 0000 000000
1517296354.330635:  1786 001776 1572 001822 1042 000900 1408 001401 1662 001848 0336 001067 0000 000000
1517296354.330690:  1786 001776 1572 001822 1042 000900 1408 001401 1662 001848 0336 001067 0000 000000
1517296354.392506:  1786 065484 1572 065307 1042 065523 1408 065466 1662 000000 0336 064736 0000 065518
1517296354.453314:  1786 001776 1572 001808 1042 000889 1408 001397 1662 001866 0336 001078 0000 000000
1517296354.453394:  1786 001776 1572 001808 1042 000889 1408 001397 1662 001866 0336 001078 0000 000000
1517296354.515111:  1786 001786 1548 001548 1018 001018 1408 001408 1698 001698 0336 000336 0000 000000
1517296354.575905:  1786 001776 1548 001794 1018 000876 1408 001395 1698 001881 0336 001084 0000 000000
1517296354.575985:  1786 001776 1548 001794 1018 000876 1408 001395 1698 001881 0336 001084 0000 000000
1517296354.635889:  1786 065484 1548 065307 1018 065523 1408 065466 1698 000000 0336 064736 0000 065518
1517296354.696675:  1786 001776 1548 001780 1018 000864 1408 001393 1698 001899 0336 001096 0000 000000
1517296354.696730:  1786 001776 1548 001780 1018 000864 1408 001393 1698 001899 0336 001096 0000 000000
