1517294610.391604:  0000 001756 0000 000274 0000 003281 0000 002466 0000 003600 0000 001943 0000 000000
1517294610.967317:  1755 001755 0274 000274 3280 003280 2466 002466 3600 003600 1942 001942 0000 000000
1517294611.043078:  1755 001754 0274 000268 3280 003274 2466 002471 3600 003610 1942 001938 0000 000000
1517294611.043164:  1755 001754 0274 000268 3280 003274 2466 002471 3600 003610 1942 001938 0000 000000
1517294611.119746:  1755 065508 0274 065535 3280 065433 2466 065426 3600 065396 1942 064815 0000 065518
1517294611.195482:  1755 001752 0274 000269 3280 003226 2466 002471 3600 003654 1942 001954 0000 000000
1517294611.195557:  1755 001752 0274 000269 3280 003226 2466 002471 3600 003654 1942 001954 0000 000000
1517294611.272214:  1839 001839 0272 000272 3284 003284 2432 002432 3608 003608 1931 001931 0000 000000
1517294611.348003:  1839 001768 0272 000271 3284 003190 2432 002472 3608 003692 1931 001961 0000 000000
1517294611.348059:  1839 001768 0272 000271 3284 003190 2432 002472 3608 003692 1931 001961 0000 000000
1517294611.421799:  1839 000044 0272 065535 3284 065513 2432 065396 3608 065476 1931 064775 0000 065518
1517294611.497626:  1839 001796 0272 000274 3284 003163 2432 002469 3608 003732 1931 001985 0000 000000
1517294611.497703:  1839 001796 0272 000274 3284 003163 2432 002469 3608 003732 1931 001985 0000 000000
1517294611.574362:  1924 001924 0271 000271 3286 003286 2399 002399 3617 003617 1920 001920 0000 000000
1517294611.650214:  1924 001830 0271 000276 3286 003143 2399 002454 3617 003765 1920 002005 0000 000000
1517294611.650289:  1924 001830 0271 000276 3286 003143 2399 002454 3617 003765 1920 002005 0000 000000
1517294611.726831:  1924 000068 0271 065535 3286 000017 2399 065386 3617 065526 1920 064736 0000 065518
1517294611.802693:  1924 001864 0271 000278 3286 003130 2399 002435 3617 003790 1920 002012 0000 000000
1517294611.802758:  1924 001864 0271 000278 3286 003130 2399 002435 3617 003790 1920 002012 0000 000000
1517294611.879259:  2010 002010 0271 000271 3285 003285 2365 002365 3627 003627 1909 001909 0000 000000
1517294611.941995:  2010 001898 0271 000280 3285 003119 2365 002420 3627 003809 1909 002024 0000 000000
1517294611.942049:  2010 001898 0271 000280 3285 003119 2365 002420 3627 003809 1909 002024 0000 000000
1517294612.018814:  2010 000080 0271 065523 3285 000037 2365 065386 3627 000020 1909 064736 0000 065518
1517294612.094667:  2010 001939 0271 000282 3285 003109 2365 002404 3627 003825 1909 002043 0000 000000
1517294612.094743:  2010 001939 0271 000282 3285 003109 2365 002404 3627 003825 1909 002043 0000 000000
1517294612.171350:  2095 002095 0272 000272 3283 003283 2332 002332 3637 003637 1898 001898 0000 000000
1517294612.247205:  2095 001977 0272 000283 3283 003100 2332 002385 3637 003835 1898 002048 0000 000000
1517294612.247299:  2095 001977 0272 000283 3283 003100 2332 002385 3637 003835 1898 002048 0000 000000
1517294612.323871:  2095 000092 0272 065523 3283 000047 2332 065386 3637 000030 1898 064736 0000 065518
1517294612.391610:  2095 002018 0272 000285 3283 003095 2332 002367 3637 003845 1898 002050 0000 000000
1517294612.391665:  2095 002018 0272 000285 3283 003095 2332 002367 3637 003845 1898 002050 0000 000000
1517294612.468530:  2181 002181 0274 000274 3280 003280 2299 002299 3649 003649 1887 001887 0000 000000
1517294612.544318:  2181 002058 0274 000286 3280 003092 2299 002353 3649 003851 1887 002055 0000 000000
1517294612.544406:  2181 002058 0274 000286 3280 003092 2299 002353 3649 003851 1887 002055 0000 000000
1517294612.621303:  2181 000176 0274 065523 3280 000047 2299 065386 3649 000030 1887 064736 0000 065518
1517294612.697133:  2181 002102 0274 000288 3280 003089 2299 002334 3649 003858 1887 002058 0000 000000
1517294612.697227:  2181 002102 0274 000288 3280 003089 2299 002334 3649 003858 1887 002058 0000 000000
1517294612.773868:  2266 002266 0277 000277 3274 003274 2267 002267 3661 003661 1876 001876 0000 000000
1517294612.849585:  2266 002147 0277 000281 3274 003086 2267 002318 3661 003865 1876 002069 0000 000000
1517294612.849653:  2266 002147 0277 000281 3274 003086 2267 002318 3661 003865 1876 002069 0000 000000
1517294612.921827:  2266 000080 0277 065523 3274 000047 2267 065396 3661 000040 1876 064736 0000 065518
1517294612.997568:  2266 002190 0277 000291 3274 003084 2267 002301 3661 003870 1876 002065 0000 000000
1517294612.997638:  2266 002190 0277 000291 3274 003084 2267 002301 3661 003870 1876 002065 0000 000000
1517294613.074456:  2350 002350 0281 000281 3267 003267 2235 002235 3673 003673 1866 001866 0000 000000
1517294613.150231:  2350 002162 0281 000292 3267 003081 2235 002286 3673 003877 1866 002075 0000 000000
1517294613.150308:  2350 002162 0281 000292 3267 003081 2235 002286 3673 003877 1866 002075 0000 000000
1517294613.226933:  2350 000080 0281 065523 3267 000047 2235 065396 3673 000040 1866 064736 0000 065518
1517294613.302631:  2350 002277 0281 000293 3267 003078 2235 002269 3673 003883 1866 002072 0000 000000
1517294613.302707:  2350 002277 0281 000293 3267 003078 2235 002269 3673 003883 1866 002072 0000 000000
1517294613.379458:  2433 002433 0285 000285 3257 003257 2204 002204 3686 003686 1856 001856 0000 000000
1517294613.442207:  2433 002315 0285 000295 3257 003076 2204 002254 3686 003888 1856 002073 0000 000000
1517294613.442264:  2433 002315 0285 000295 3257 003076 2204 002254 3686 003888 1856 002073 0000 000000
1517294613.519004:  2433 000080 0285 065535 3257 000037 2204 065396 3686 000040 1856 064736 0000 065518
1517294613.594804:  2433 002354 0285 000297 3257 003072 2204 002237 3686 003894 1856 002079 0000 000000
1517294613.594904:  2433 002354 0285 000297 3257 003072 2204 002237 3686 003894 1856 002079 0000 000000
1517294613.671563:  2515 002515 0291 000291 3246 003246 2173 002173 3699 003699 1846 001846 0000 000000
1517294613.747381:  2515 002396 0291 000299 3246 003069 2173 002221 3699 003902 1846 002085 0000 000000
1517294613.747492:  2515 002396 0291 000299 3246 003069 2173 002221 3699 003902 1846 002085 0000 000000
1517294613.823994:  2515 000080 0291 065535 3246 000037 2173 065396 3699 000030 1846 064736 0000 065518
1517294613.891595:  2515 002439 0291 000301 3246 003064 2173 002201 3699 003907 1846 002082 0000 000000
1517294613.891709:  2515 002439 0291 000301 3246 003064 2173 002201 3699 003907 1846 002082 0000 000000
1517294613.968464:  2594 002594 0297 000297 3234 003234 2143 002143 3712 003712 1837 001837 0000 000000
1517294614.044336:  2594 002479 0297 000303 3234 003059 2143 002188 3712 003914 1837 002091 0000 000000
1517294614.044391:  2594 002479 0297 000303 3234 003059 2143 002188 3712 003914 1837 002091 0000 000000
1517294614.120918:  2594 000080 0297 065535 3234 000037 2143 065396 3712 000030 1837 064736 0000 065518
1517294614.196647:  2594 002518 0297 000305 3234 003055 2143 002172 3712 003921 1837 002090 0000 000000
1517294614.196702:  2594 002518 0297 000305 3234 003055 2143 002172 3712 003921 1837 002090 0000 000000
1517294614.273512:  2672 002672 0304 000304 3219 003219 2114 002114 3725 003725 1827 001827 0000 000000
1517294614.349296:  2672 002561 0304 000306 3219 003049 2114 002154 3725 003927 1827 002100 0000 000000
1517294614.349367:  2672 002561 0304 000306 3219 003049 2114 002154 3725 003927 1827 002100 0000 000000
1517294614.421906:  2672 000068 0304 065535 3219 000027 2114 065406 3725 000030 1827 064736 0000 065518
1517294614.497690:  2672 002598 0304 000308 3219 003044 2114 002139 3725 003933 1827 002096 0000 000000
1517294614.497759:  2672 002598 0304 000308 3219 003044 2114 002139 3725 003933 1827 002096 0000 000000
1517294614.574140:  2746 002746 0312 000312 3203 003203 2086 002086 3738 003738 1819 001819 0000 000000
1517294614.649929:  2746 002640 0312 000310 3203 003038 2086 002125 3738 003939 1819 002104 0000 000000
1517294614.650024:  2746 002640 0312 000310 3203 003038 2086 002125 3738 003939 1819 002104 0000 000000
1517294614.726584:  2746 000068 0312 065535 3203 000017 2086 065406 3738 000030 1819 064736 0000 065518
1517294614.802315:  2746 002677 0312 000312 3203 003033 2086 002111 3738 003941 1819 002103 0000 000000
1517294614.802392:  2746 002677 0312 000312 3203 003033 2086 002111 3738 003941 1819 002103 0000 000000
1517294614.879169:  2819 002819 0321 000321 3185 003185 2058 002058 3751 003751 1810 001810 0000 000000
1517294614.942134:  2819 002712 0321 000314 3185 003026 2058 002097 3751 003941 1810 002105 0000 000000
1517294614.942210:  2819 002712 0321 000314 3185 003026 2058 002097 3751 003941 1810 002105 0000 000000
1517294615.018793:  2819 000068 0321 000011 3185 000017 2058 065406 3751 000020 1810 064736 0000 065518
1517294615.094571:  2819 002750 0321 000316 3185 003019 2058 002081 3751 003942 1810 002106 0000 000000
1517294615.094624:  2819 002750 0321 000316 3185 003019 2058 002081 3751 003942 1810 002106 0000 000000
1517294615.171156:  2889 002889 0330 000330 3165 003165 2032 002032 3764 003764 1801 001801 0000 000000
1517294615.246960:  2889 002787 0330 000320 3165 003011 2032 002068 3764 003943 1801 002112 0000 000000
1517294615.247035:  2889 002787 0330 000320 3165 003011 2032 002068 3764 003943 1801 002112 0000 000000
1517294615.323617:  2889 000056 0330 000011 3165 000007 2032 065406 3764 000010 1801 064736 0000 065518
1517294615.391560:  2889 002825 0330 000322 3165 003001 2032 002054 3764 003943 1801 002104 0000 000000
1517294615.391645:  2889 002825 0330 000322 3165 003001 2032 002054 3764 003943 1801 002104 0000 000000
1517294615.468292:  2956 002956 0340 000340 3143 003143 2006 002006 3777 003777 1793 001793 0000 000000
1517294615.544032:  2956 002860 0340 000325 3143 002993 2006 002040 3777 003944 1793 002110 0000 000000
1517294615.544120:  2956 002860 0340 000325 3143 002993 2006 002040 3777 003944 1793 002110 0000 000000
1517294615.620741:  2956 000044 0340 000011 3143 000007 2006 065416 3777 000000 1793 064736 0000 065518
1517294615.696663:  2956 002895 0340 000328 3143 002982 2006 002025 3777 003944 1793 002105 0000 000000
1517294615.696739:  2956 002895 0340 000328 3143 002982 2006 002025 3777 003944 1793 002105 0000 000000
1517294615.773443:  3020 003020 0351 000351 3120 003120 1981 001981 3789 003789 1785 001785 0000 000000
1517294615.849161:  3020 002927 0351 000331 3120 002973 1981 002011 3789 003944 1785 002112 0000 000000
1517294615.849238:  3020 002927 0351 000331 3120 002973 1981 002011 3789 003944 1785 002112 0000 000000
1517294615.921857:  3020 000044 0351 000023 3120 065533 1981 065416 3789 065516 1785 064736 0000 065518
1517294615.997653:  3020 002960 0351 000336 3120 002963 1981 001997 3789 003944 1785 002106 0000 000000
1517294615.997747:  3020 002960 0351 000336 3120 002963 1981 001997 3789 003944 1785 002106 0000 000000
1517294616.074404:  3081 003081 0363 000363 3095 003095 1957 001957 3801 003801 1777 001777 0000 000000
1517294616.150234:  3081 002993 0363 000340 3095 002951 1957 001982 3801 003944 1777 002113 0000 000000
1517294616.150310:  3081 002993 0363 000340 3095 002951 1957 001982 3801 003944 1777 002113 0000 000000
1517294616.226994:  3081 000044 0363 000023 3095 065533 1957 065416 3801 065506 1777 064736 0000 065518
1517294616.302770:  3081 003027 0363 000344 3095 002940 1957 001969 3801 003944 1777 002112 0000 000000
1517294616.302869:  3081 003027 0363 000344 3095 002940 1957 001969 3801 003944 1777 002112 0000 000000
1517294616.379625:  3139 003139 0375 000375 3068 003068 1934 001934 3813 003813 1769 001769 0000 000000
1517294616.442145:  3139 003053 0375 000347 3068 002929 1934 001957 3813 003944 1769 002108 0000 000000
1517294616.442200:  3139 003053 0375 000347 3068 002929 1934 001957 3813 003944 1769 002108 0000 000000
1517294616.518841:  3139 000032 0375 000035 3068 065523 1934 065426 3813 065496 1769 064736 0000 065518
1517294616.594635:  3139 003085 0375 000352 3068 002917 1934 001942 3813 003943 1769 002104 0000 000000
1517294616.594729:  3139 003085 0375 000352 3068 002917 1934 001942 3813 003943 1769 002104 0000 000000
1517294616.671594:  3195 003195 0388 000388 3040 003040 1912 001912 3824 003824 1762 001762 0000 000000
1517294616.747371:  3195 003118 0388 000358 3040 002906 1912 001932 3824 003945 1762 002114 0000 000000
1517294616.747423:  3195 003118 0388 000358 3040 002906 1912 001932 3824 003945 1762 002114 0000 000000
1517294616.823941:  3195 000032 0388 000035 3040 065523 1912 065426 3824 065486 1762 064736 0000 065518
1517294616.891598:  3195 003147 0388 000363 3040 002889 1912 001920 3824 003944 1762 002108 0000 000000
1517294616.891678:  3195 003147 0388 000363 3040 002889 1912 001920 3824 003944 1762 002108 0000 000000
1517294616.968192:  3248 003248 0401 000401 3010 003010 1891 001891 3835 003835 1754 001754 0000 000000
1517294617.043829:  3248 003172 0401 000367 3010 002876 1891 001909 3835 003944 1754 002109 0000 000000
1517294617.043914:  3248 003172 0401 000367 3010 002876 1891 001909 3835 003944 1754 002109 0000 000000
1517294617.120478:  3248 000020 0401 000035 3010 065523 1891 065426 3835 065476 1754 064736 0000 065518
1517294617.196189:  3248 003201 0401 000372 3010 002861 1891 001897 3835 003944 1754 002106 0000 000000
1517294617.196244:  3248 003201 0401 000372 3010 002861 1891 001897 3835 003944 1754 002106 0000 000000
1517294617.272948:  3298 003298 0415 000415 2978 002978 1870 001870 3845 003845 1746 001746 0000 000000
1517294617.348749:  3298 003227 0415 000378 2978 002846 1870 001885 3845 003944 1746 002113 0000 000000
1517294617.348839:  3298 003227 0415 000378 2978 002846 1870 001885 3845 003944 1746 002113 0000 000000
1517294617.421859:  3298 000020 0415 000047 2978 065523 1870 065436 3845 065466 1746 064736 0000 065518
1517294617.497661:  3298 003254 0415 000383 2978 002831 1870 001874 3845 003944 1746 002106 0000 000000
1517294617.497719:  3298 003254 0415 000383 2978 002831 1870 001874 3845 003944 1746 002106 0000 000000
1517294617.574314:  3346 003346 0430 000430 2945 002945 1851 001851 3855 003855 1739 001739 0000 000000
1517294617.650102:  3346 003279 0430 000390 2945 002816 1851 001861 3855 003944 1739 002106 0000 000000
1517294617.650174:  3346 003279 0430 000390 2945 002816 1851 001861 3855 003944 1739 002106 0000 000000
1517294617.726904:  3346 000008 0430 000047 2945 065523 1851 065436 3855 065456 1739 064736 0000 065518
1517294617.802616:  3346 003302 0430 000397 2945 002801 1851 001849 3855 003944 1739 002112 0000 000000
1517294617.802717:  3346 003302 0430 000397 2945 002801 1851 001849 3855 003944 1739 002112 0000 000000
1517294617.879306:  3391 003391 0445 000445 2910 002910 1832 001832 3865 003865 1731 001731 0000 000000
1517294617.942104:  3391 003323 0445 000402 2910 002785 1832 001839 3865 003944 1731 002113 0000 000000
1517294617.942160:  3391 003323 0445 000402 2910 002785 1832 001839 3865 003944 1731 002113 0000 000000
1517294618.018887:  3391 000008 0445 000047 2910 065513 1832 065436 3865 065446 1731 064736 0000 065518
1517294618.094717:  3391 003347 0445 000408 2910 002768 1832 001829 3865 003944 1731 002104 0000 000000
1517294618.094802:  3391 003347 0445 000408 2910 002768 1832 001829 3865 003944 1731 002104 0000 000000
1517294618.171636:  3433 003433 0460 000460 2873 002873 1814 001814 3874 003874 1723 001723 0000 000000
1517294618.247427:  3433 003370 0460 000415 2873 002749 1814 001818 3874 003944 1723 002109 0000 000000
1517294618.247492:  3433 003370 0460 000415 2873 002749 1814 001818 3874 003944 1723 002109 0000 000000
1517294618.324121:  3433 000008 0460 000059 2873 065513 1814 065446 3874 065436 1723 064736 0000 065518
1517294618.391606:  3433 003393 0460 000421 2873 002730 1814 001810 3874 003944 1723 002108 0000 000000
1517294618.391683:  3433 003393 0460 000421 2873 002730 1814 001810 3874 003944 1723 002108 0000 000000
