1517294547.296862:  0000 001758 0000 000266 0000 003280 0000 002475 0000 003600 0000 001947 0000 000000
1517294547.872639:  0000 065460 0000 065535 0000 065403 0000 065446 0000 065376 0000 064815 0000 065518
1517294547.948471:  0000 001757 0000 000267 0000 003274 0000 002474 0000 003614 0000 001938 0000 000000
1517294547.948580:  0000 001757 0000 000267 0000 003274 0000 002474 0000 003614 0000 001938 0000 000000
1517294548.025438:  1761 001761 0277 000277 3257 003257 2473 002473 3596 003596 1946 001946 0000 000000
1517294548.101268:  1761 001751 0277 000268 3257 003233 2473 002474 3596 003657 1946 001957 0000 000000
1517294548.101345:  1761 001751 0277 000268 3257 003233 2473 002474 3596 003657 1946 001957 0000 000000
1517294548.178187:  1761 065472 0277 000011 3257 065433 2473 065446 3596 065456 1946 064805 0000 065518
1517294548.254042:  1761 001744 0277 000270 3257 003177 2473 002473 3596 003695 1946 001964 0000 000000
1517294548.254099:  1761 001744 0277 000270 3257 003177 2473 002473 3596 003695 1946 001964 0000 000000
1517294548.327100:  1769 001769 0300 000300 3211 003211 2469 002469 3588 003588 1944 001944 0000 000000
1517294548.402846:  1769 001740 0300 000274 3211 003139 2469 002468 3588 003730 1944 001989 0000 000000
1517294548.402905:  1769 001740 0300 000274 3211 003139 2469 002468 3588 003730 1944 001989 0000 000000
1517294548.479619:  1769 065496 0300 000035 3211 065463 2469 065446 3588 065526 1944 064765 0000 065518
1517294548.555358:  1769 001740 0300 000280 3211 003103 2469 002464 3588 003754 1944 001996 0000 000000
1517294548.555418:  1769 001740 0300 000280 3211 003103 2469 002464 3588 003754 1944 001996 0000 000000
1517294548.631836:  1776 001776 0323 000323 3163 003163 2466 002466 3579 003579 1942 001942 0000 000000
1517294548.707575:  1776 001739 0323 000284 3163 003069 2466 002455 3579 003769 1942 002007 0000 000000
1517294548.707682:  1776 001739 0323 000284 3163 003069 2466 002455 3579 003769 1942 002007 0000 000000
1517294548.784410:  1776 065496 0323 000047 3163 065483 2466 065456 3579 000040 1942 064745 0000 065518
1517294548.847445:  1776 001740 0323 000292 3163 003043 2466 002448 3579 003780 1942 002017 0000 000000
1517294548.847521:  1776 001740 0323 000292 3163 003043 2466 002448 3579 003780 1942 002017 0000 000000
1517294548.924431:  1782 001782 0347 000347 3113 003113 2463 002463 3568 003568 1939 001939 0000 000000
1517294549.000210:  1782 001743 0347 000299 3113 003014 2463 002438 3568 003783 1939 002030 0000 000000
1517294549.000288:  1782 001743 0347 000299 3113 003014 2463 002438 3568 003783 1939 002030 0000 000000
1517294549.076801:  1782 065496 0347 000059 3113 065483 2463 065466 3568 000060 1939 064736 0000 065518
1517294549.152644:  1782 001748 0347 000308 3113 002986 2463 002432 3568 003783 1939 002025 0000 000000
1517294549.152700:  1782 001748 0347 000308 3113 002986 2463 002432 3568 003783 1939 002025 0000 000000
1517294549.229373:  1788 001788 0370 000370 3062 003062 2460 002460 3556 003556 1937 001937 0000 000000
1517294549.296842:  1788 001752 0370 000317 3062 002959 2460 002427 3556 003781 1937 002026 0000 000000
1517294549.296926:  1788 001752 0370 000317 3062 002959 2460 002427 3556 003781 1937 002026 0000 000000
1517294549.373455:  1788 065496 0370 000071 3062 065483 2460 065476 3556 000070 1937 064736 0000 065518
1517294549.449329:  1788 001755 0370 000343 3062 002935 2460 002423 3556 003778 1937 002025 0000 000000
1517294549.449411:  1788 001755 0370 000343 3062 002935 2460 002423 3556 003778 1937 002025 0000 000000
1517294549.525808:  1793 001793 0394 000394 3010 003010 2457 002457 3543 003543 1935 001935 0000 000000
1517294549.601589:  1793 001760 0394 000338 3010 002907 2457 002417 3543 003772 1935 002030 0000 000000
1517294549.601665:  1793 001760 0394 000338 3010 002907 2457 002417 3543 003772 1935 002030 0000 000000
1517294549.678289:  1793 065496 0394 000071 3010 065483 2457 065486 3543 000070 1935 064736 0000 065518
1517294549.754113:  1793 001764 0394 000349 3010 002881 2457 002413 3543 003766 1935 002023 0000 000000
1517294549.754205:  1793 001764 0394 000349 3010 002881 2457 002413 3543 003766 1935 002023 0000 000000
1517294549.827100:  1799 001799 0418 000418 2956 002956 2455 002455 3529 003529 1932 001932 0000 000000
1517294549.902817:  1799 001768 0418 000360 2956 002855 2455 002407 3529 003758 1932 002023 0000 000000
1517294549.902931:  1799 001768 0418 000360 2956 002855 2455 002407 3529 003758 1932 002023 0000 000000
1517294549.979721:  1799 065496 0418 000071 2956 065483 2455 065486 3529 000070 1932 064736 0000 065518
1517294550.055498:  1799 001773 0418 000371 2956 002828 2455 002405 3529 003752 1932 002018 0000 000000
1517294550.055577:  1799 001773 0418 000371 2956 002828 2455 002405 3529 003752 1932 002018 0000 000000
1517294550.132419:  1804 001804 0442 000442 2901 002901 2452 002452 3513 003513 1930 001930 0000 000000
1517294550.208246:  1804 001775 0442 000383 2901 002800 2452 002403 3513 003752 1930 002012 0000 000000
1517294550.208305:  1804 001775 0442 000383 2901 002800 2452 002403 3513 003752 1930 002012 0000 000000
1517294550.284969:  1804 065484 0442 000071 2901 065483 2452 065496 3513 000070 1930 064736 0000 065518
1517294550.347480:  1804 001779 0442 000393 2901 002774 2452 002400 3513 003735 1930 002009 0000 000000
1517294550.347565:  1804 001779 0442 000393 2901 002774 2452 002400 3513 003735 1930 002009 0000 000000
1517294550.424350:  1808 001808 0466 000466 2844 002844 2449 002449 3496 003496 1927 001927 0000 000000
1517294550.500192:  1808 001783 0466 000405 2844 002747 2449 002397 3496 003726 1927 002013 0000 000000
1517294550.500298:  1808 001783 0466 000405 2844 002747 2449 002397 3496 003726 1927 002013 0000 000000
1517294550.576819:  1808 065484 0466 000071 2844 065483 2449 065496 3496 000070 1927 064736 0000 065518
1517294550.652648:  1808 001786 0466 000417 2844 002718 2449 002396 3496 003717 1927 002005 0000 000000
1517294550.652749:  1808 001786 0466 000417 2844 002718 2449 002396 3496 003717 1927 002005 0000 000000
1517294550.729476:  1812 001812 0490 000490 2786 002786 2446 002446 3478 003478 1924 001924 0000 000000
1517294550.796817:  1812 001788 0490 000429 2786 002689 2446 002392 3478 003710 1924 001998 0000 000000
1517294550.796922:  1812 001788 0490 000429 2786 002689 2446 002392 3478 003710 1924 001998 0000 000000
1517294550.873559:  1812 065484 0490 000071 2786 065473 2446 065496 3478 000070 1924 064745 0000 065518
1517294550.949342:  1812 001792 0490 000440 2786 002662 2446 002392 3478 003702 1924 001993 0000 000000
1517294550.949445:  1812 001792 0490 000440 2786 002662 2446 002392 3478 003702 1924 001993 0000 000000
1517294551.025996:  1817 001817 0515 000515 2727 002727 2444 002444 3460 003460 1921 001921 0000 000000
1517294551.101771:  1817 001792 0515 000452 2727 002634 2444 002388 3460 003694 1921 001996 0000 000000
1517294551.101831:  1817 001792 0515 000452 2727 002634 2444 002388 3460 003694 1921 001996 0000 000000
1517294551.178405:  1817 065484 0515 000071 2727 065473 2444 065496 3460 000080 1921 064745 0000 065518
1517294551.254230:  1817 001793 0515 000464 2727 002603 2444 002387 3460 003685 1921 001991 0000 000000
1517294551.254287:  1817 001793 0515 000464 2727 002603 2444 002387 3460 003685 1921 001991 0000 000000
1517294551.327129:  1820 001820 0540 000540 2666 002666 2441 002441 3440 003440 1918 001918 0000 000000
1517294551.402887:  1820 001794 0540 000477 2666 002575 2441 002383 3440 003674 1918 001985 0000 000000
1517294551.402968:  1820 001794 0540 000477 2666 002575 2441 002383 3440 003674 1918 001985 0000 000000
1517294551.479529:  1820 065484 0540 000071 2666 065473 2441 065496 3440 000060 1918 064745 0000 065518
1517294551.555065:  1820 001794 0540 000491 2666 002543 2441 002381 3440 003663 1918 001983 0000 000000
1517294551.555120:  1820 001794 0540 000491 2666 002543 2441 002381 3440 003663 1918 001983 0000 000000
1517294551.631616:  1824 001824 0565 000565 2605 002605 2438 002438 3419 003419 1915 001915 0000 000000
1517294551.707442:  1824 001795 0565 000505 2605 002514 2438 002380 3419 003653 1915 001970 0000 000000
1517294551.707501:  1824 001795 0565 000505 2605 002514 2438 002380 3419 003653 1915 001970 0000 000000
1517294551.784112:  1824 065496 0565 000071 2605 065473 2438 065496 3419 000070 1915 064765 0000 065518
1517294551.847526:  1824 001796 0565 000518 2605 002484 2438 002377 3419 003643 1915 001965 0000 000000
1517294551.847632:  1824 001796 0565 000518 2605 002484 2438 002377 3419 003643 1915 001965 0000 000000
1517294551.924296:  1828 001828 0591 000591 2542 002542 2436 002436 3397 003397 1911 001911 0000 000000
1517294552.000119:  1828 001797 0591 000531 2542 002455 2436 002376 3397 003632 1911 001963 0000 000000
1517294552.000227:  1828 001797 0591 000531 2542 002455 2436 002376 3397 003632 1911 001963 0000 000000
1517294552.076917:  1828 065496 0591 000071 2542 065473 2436 065506 3397 000080 1911 064765 0000 065518
1517294552.152714:  1828 001800 0591 000544 2542 002426 2436 002376 3397 003621 1911 001958 0000 000000
1517294552.152800:  1828 001800 0591 000544 2542 002426 2436 002376 3397 003621 1911 001958 0000 000000
1517294552.229426:  1831 001831 0617 000617 2478 002478 2433 002433 3374 003374 1908 001908 0000 000000
1517294552.296856:  1831 001802 0617 000556 2478 002392 2433 002373 3374 003610 1908 001948 0000 000000
1517294552.296939:  1831 001802 0617 000556 2478 002392 2433 002373 3374 003610 1908 001948 0000 000000
1517294552.373606:  1831 065484 0617 000071 2478 065463 2433 065496 3374 000080 1908 064775 0000 065518
1517294552.449385:  1831 001804 0617 000568 2478 002362 2433 002375 3374 003601 1908 001945 0000 000000
1517294552.449487:  1831 001804 0617 000568 2478 002362 2433 002375 3374 003601 1908 001945 0000 000000
1517294552.526264:  1834 001834 0643 000643 2413 002413 2430 002430 3351 003351 1904 001904 0000 000000
1517294552.601871:  1834 001805 0643 000580 2413 002329 2430 002371 3351 003588 1904 001940 0000 000000
1517294552.601948:  1834 001805 0643 000580 2413 002329 2430 002371 3351 003588 1904 001940 0000 000000
1517294552.678632:  1834 065496 0643 000071 2413 065463 2430 065496 3351 000080 1904 064785 0000 065518
1517294552.754425:  1834 001806 0643 000594 2413 002297 2430 002371 3351 003578 1904 001940 0000 000000
1517294552.754483:  1834 001806 0643 000594 2413 002297 2430 002371 3351 003578 1904 001940 0000 000000
1517294552.827135:  1837 001837 0670 000670 2347 002347 2427 002427 3326 003326 1900 001900 0000 000000
1517294552.902839:  1837 001807 0670 000607 2347 002266 2427 002370 3326 003565 1900 001927 0000 000000
1517294552.902879:  1837 001807 0670 000607 2347 002266 2427 002370 3326 003565 1900 001927 0000 000000
1517294552.979427:  1837 065496 0670 000071 2347 065463 2427 065496 3326 000080 1900 064785 0000 065518
1517294553.055226:  1837 001808 0670 000620 2347 002233 2427 002368 3326 003552 1900 001928 0000 000000
1517294553.055288:  1837 001808 0670 000620 2347 002233 2427 002368 3326 003552 1900 001928 0000 000000
1517294553.131868:  1840 001840 0696 000696 2280 002280 2424 002424 3300 003300 1896 001896 0000 000000
1517294553.207760:  1840 001808 0696 000635 2280 002197 2424 002364 3300 003541 1896 001919 0000 000000
1517294553.207870:  1840 001808 0696 000635 2280 002197 2424 002364 3300 003541 1896 001919 0000 000000
1517294553.284486:  1840 065496 0696 000071 2280 065463 2424 065496 3300 000080 1896 064805 0000 065518
1517294553.347389:  1840 001809 0696 000647 2280 002170 2424 002365 3300 003531 1896 001911 0000 000000
1517294553.347465:  1840 001809 0696 000647 2280 002170 2424 002365 3300 003531 1896 001911 0000 000000
1517294553.424047:  1843 001843 0724 000724 2212 002212 2421 002421 3274 003274 1892 001892 0000 000000
1517294553.499836:  1843 001808 0724 000660 2212 002134 2421 002360 3274 003514 1892 001909 0000 000000
1517294553.499912:  1843 001808 0724 000660 2212 002134 2421 002360 3274 003514 1892 001909 0000 000000
1517294553.576613:  1843 065496 0724 000071 2212 065453 2421 065496 3274 000080 1892 064805 0000 065518
1517294553.652433:  1843 001810 0724 000675 2212 002035 2421 002363 3274 003501 1892 001900 0000 000000
1517294553.652507:  1843 001810 0724 000675 2212 002035 2421 002363 3274 003501 1892 001900 0000 000000
1517294553.729208:  1845 001845 0752 000752 2144 002144 2418 002418 3246 003246 1888 001888 0000 000000
1517294553.796823:  1845 001810 0752 000690 2144 002068 2418 002360 3246 003486 1888 001889 0000 000000
1517294553.796903:  1845 001810 0752 000690 2144 002068 2418 002360 3246 003486 1888 001889 0000 000000
1517294553.873660:  1845 065496 0752 000083 2144 065453 2418 065496 3246 000090 1888 064815 0000 065518
1517294553.949451:  1845 001810 0752 000704 2144 002034 2418 002360 3246 003475 1888 001889 0000 000000
1517294553.949554:  1845 001810 0752 000704 2144 002034 2418 002360 3246 003475 1888 001889 0000 000000
1517294554.026363:  1848 001848 0780 000780 2074 002074 2414 002414 3217 003217 1883 001883 0000 000000
1517294554.102130:  1848 001811 0780 000717 2074 001999 2414 002360 3217 003460 1883 001880 0000 000000
1517294554.102212:  1848 001811 0780 000717 2074 001999 2414 002360 3217 003460 1883 001880 0000 000000
1517294554.178879:  1848 065496 0780 000071 2074 065453 2414 065496 3217 000080 1883 064815 0000 065518
1517294554.254689:  1848 001812 0780 000733 2074 001963 2414 002358 3217 003445 1883 001880 0000 000000
1517294554.254761:  1848 001812 0780 000733 2074 001963 2414 002358 3217 003445 1883 001880 0000 000000
1517294554.327102:  1850 001850 0809 000809 2003 002003 2411 002411 3188 003188 1879 001879 0000 000000
1517294554.402890:  1850 001814 0809 000745 2003 001930 2411 002357 3188 003429 1879 001864 0000 000000
1517294554.402948:  1850 001814 0809 000745 2003 001930 2411 002357 3188 003429 1879 001864 0000 000000
1517294554.479403:  1850 065508 0809 000083 2003 065453 2411 065496 3188 000080 1879 064825 0000 065518
1517294554.555232:  1850 001816 0809 000760 2003 001894 2411 002356 3188 003413 1879 001864 0000 000000
1517294554.555320:  1850 001816 0809 000760 2003 001894 2411 002356 3188 003413 1879 001864 0000 000000
1517294554.632449:  1852 001852 0838 000838 1932 001932 2407 002407 3157 003157 1874 001874 0000 000000
1517294554.708271:  1852 001818 0838 000775 1932 001858 2407 002354 3157 003398 1874 001849 0000 000000
1517294554.708330:  1852 001818 0838 000775 1932 001858 2407 002354 3157 003398 1874 001849 0000 000000
1517294554.785123:  1852 065496 0838 000083 1932 065453 2407 065496 3157 000080 1874 064835 0000 065518
1517294554.847423:  1852 001821 0838 000789 1932 001826 2407 002351 3157 003382 1874 001842 0000 000000
1517294554.847515:  1852 001821 0838 000789 1932 001826 2407 002351 3157 003382 1874 001842 0000 000000
1517294554.924165:  1854 001854 0867 000867 1860 001860 2403 002403 3126 003126 1869 001869 0000 000000
1517294554.999930:  1854 001823 0867 000804 1860 001789 2403 002349 3126 003367 1869 001833 0000 000000
1517294555.000015:  1854 001823 0867 000804 1860 001789 2403 002349 3126 003367 1869 001833 0000 000000
1517294555.076584:  1854 065496 0867 000083 1860 065453 2403 065496 3126 000080 1869 064835 0000 065518
1517294555.152504:  1854 001826 0867 000817 1860 001752 2403 002347 3126 003351 1869 001834 0000 000000
1517294555.152580:  1854 001826 0867 000817 1860 001752 2403 002347 3126 003351 1869 001834 0000 000000
1517294555.229286:  1857 001857 0898 000898 1787 001787 2399 002399 3093 003093 1864 001864 0000 000000
1517294555.296857:  1857 001829 0898 000833 1787 001716 2399 002345 3093 003335 1864 001819 0000 000000
1517294555.296930:  1857 001829 0898 000833 1787 001716 2399 002345 3093 003335 1864 001819 0000 000000
