1517556325.693728:  0000 001360 0000 000488 0000 001617 0000 001637 0000 002903 0000 001600 0000 000000
1517556326.254439:  1360 001360 0487 000487 1616 001616 1637 001637 2903 002903 1600 001600 0000 000000
1517556326.315238:  1360 001333 0487 000476 1616 001591 1637 001642 2903 002875 1600 001595 0000 000000
1517556326.315277:  1360 001333 0487 000476 1616 001591 1637 001642 2903 002875 1600 001595 0000 000000
1517556326.376886:  1360 065108 0487 000011 1616 065116 1637 065036 2903 000430 1600 064756 0000 065518
1517556326.437664:  1360 001252 0487 000476 1616 001526 1637 001637 2903 002804 1600 001582 0000 000000
1517556326.437759:  1360 001252 0487 000476 1616 001526 1637 001637 2903 002804 1600 001582 0000 000000
1517556326.499533:  1360 001360 0496 000496 1678 001678 1659 001659 2924 002924 1630 001630 0000 000000
1517556326.560355:  1360 001153 0496 000478 1678 001463 1659 001605 2924 002736 1630 001558 0000 000000
1517556326.560431:  1360 001153 0496 000478 1678 001463 1659 001605 2924 002736 1630 001558 0000 000000
1517556326.622095:  1360 065324 0496 000023 1678 065306 1659 065116 2924 000270 1630 064836 0000 065518
1517556326.682897:  1360 001082 0496 000478 1678 001405 1659 001574 2924 002676 1630 001531 0000 000000
1517556326.682978:  1360 001082 0496 000478 1678 001405 1659 001574 2924 002676 1630 001531 0000 000000
1517556326.744244:  1360 001360 0506 000506 1738 001738 1681 001681 2948 002948 1660 001660 0000 000000
1517556326.805050:  1360 001035 0506 000480 1738 001360 1681 001543 2948 002621 1660 001504 0000 000000
1517556326.805159:  1360 001035 0506 000480 1738 001360 1681 001543 2948 002621 1660 001504 0000 000000
1517556326.866698:  1360 065444 0506 000035 1738 065456 1681 065196 2948 000140 1660 064916 0000 065518
1517556326.927394:  1360 001000 0506 000482 1738 001325 1681 001510 2948 002576 1660 001478 0000 000000
1517556326.927443:  1360 001000 0506 000482 1738 001325 1681 001510 2948 002576 1660 001478 0000 000000
1517556326.989147:  1360 001360 0517 000517 1798 001798 1702 001702 2973 002973 1690 001690 0000 000000
1517556327.050117:  1360 000972 0517 000484 1798 001306 1702 001481 2973 002543 1690 001456 0000 000000
1517556327.050171:  1360 000972 0517 000484 1798 001306 1702 001481 2973 002543 1690 001456 0000 000000
1517556327.111647:  1360 065504 0517 000035 1798 000020 1702 065276 2973 000050 1690 064996 0000 065518
1517556327.172384:  1360 000954 0517 000487 1798 001295 1702 001452 2973 002524 1690 001438 0000 000000
1517556327.172473:  1360 000954 0517 000487 1798 001295 1702 001452 2973 002524 1690 001438 0000 000000
1517556327.234095:  1360 001360 0529 000529 1856 001856 1723 001723 3000 003000 1719 001719 0000 000000
1517556327.294827:  1360 000946 0529 000491 1856 001287 1723 001424 3000 002518 1719 001426 0000 000000
1517556327.294907:  1360 000946 0529 000491 1856 001287 1723 001424 3000 002518 1719 001426 0000 000000
1517556327.356586:  1360 065528 0529 000047 1856 000100 1723 065356 3000 000010 1719 065046 0000 065518
1517556327.417356:  1360 000937 0529 000494 1856 001284 1723 001398 3000 002516 1719 001417 0000 000000
1517556327.417450:  1360 000937 0529 000494 1856 001284 1723 001398 3000 002516 1719 001417 0000 000000
1517556327.479221:  1360 001360 0543 000543 1914 001914 1743 001743 3029 003029 1748 001748 0000 000000
1517556327.539961:  1360 000932 0543 000498 1914 001284 1743 001395 3029 002523 1748 001416 0000 000000
1517556327.540051:  1360 000932 0543 000498 1914 001284 1743 001395 3029 002523 1748 001416 0000 000000
1517556327.601592:  1360 000004 0543 000059 1914 000150 1743 065386 3029 065526 1748 065076 0000 065518
1517556327.662411:  1360 000931 0543 000501 1914 001286 1743 001394 3029 002532 1748 001414 0000 000000
1517556327.662463:  1360 000931 0543 000501 1914 001286 1743 001394 3029 002532 1748 001414 0000 000000
1517556327.724023:  1360 001360 0557 000557 1970 001970 1762 001762 3059 003059 1776 001776 0000 000000
1517556327.784868:  1360 000929 0557 000506 1970 001291 1762 001393 3059 002544 1776 001417 0000 000000
1517556327.784919:  1360 000929 0557 000506 1970 001291 1762 001393 3059 002544 1776 001417 0000 000000
1517556327.846625:  1360 000016 0557 000059 1970 000200 1762 065406 3059 065516 1776 065106 0000 065518
1517556327.907346:  1360 000931 0557 000510 1970 001305 1762 001396 3059 002559 1776 001420 0000 000000
1517556327.907411:  1360 000931 0557 000510 1970 001305 1762 001396 3059 002559 1776 001420 0000 000000
1517556327.968883:  1360 001360 0573 000573 2025 002025 1780 001780 3090 003090 1803 001803 0000 000000
1517556328.029618:  1360 000930 0573 000515 2025 001316 1780 001395 3090 002574 1803 001428 0000 000000
1517556328.029701:  1360 000930 0573 000515 2025 001316 1780 001395 3090 002574 1803 001428 0000 000000
1517556328.091217:  1360 000004 0573 000071 2025 000220 1780 065426 3090 065516 1803 065116 0000 065518
1517556328.152026:  1360 000930 0573 000521 2025 001331 1780 001394 3090 002590 1803 001437 0000 000000
1517556328.152098:  1360 000930 0573 000521 2025 001331 1780 001394 3090 002590 1803 001437 0000 000000
1517556328.203771:  1360 001360 0590 000590 2079 002079 1797 001797 3123 003123 1830 001830 0000 000000
1517556328.264564:  1360 000930 0590 000525 2079 001351 1797 001394 3123 002601 1830 001439 0000 000000
1517556328.264632:  1360 000930 0590 000525 2079 001351 1797 001394 3123 002601 1830 001439 0000 000000
1517556328.326303:  1360 000016 0590 000083 2079 000240 1797 065446 3123 065506 1830 065136 0000 065518
1517556328.387037:  1360 000930 0590 000532 2079 001371 1797 001393 3123 002618 1830 001447 0000 000000
1517556328.387100:  1360 000930 0590 000532 2079 001371 1797 001393 3123 002618 1830 001447 0000 000000
1517556328.448756:  1360 001360 0609 000609 2131 002131 1814 001814 3158 003158 1857 001857 0000 000000
1517556328.509530:  1360 000930 0609 000541 2131 001393 1814 001395 3158 002635 1857 001456 0000 000000
1517556328.509596:  1360 000930 0609 000541 2131 001393 1814 001395 3158 002635 1857 001456 0000 000000
1517556328.571297:  1360 000016 0609 000083 2131 000250 1814 065456 3158 065506 1857 065146 0000 065518
1517556328.632039:  1360 000930 0609 000547 2131 001417 1814 001394 3158 002652 1857 001463 0000 000000
1517556328.632112:  1360 000930 0609 000547 2131 001417 1814 001394 3158 002652 1857 001463 0000 000000
1517556328.693583:  1360 001360 0628 000628 2183 002183 1830 001830 3193 003193 1883 001883 0000 000000
1517556328.744193:  1360 000931 0628 000555 2183 001439 1830 001396 3193 002668 1883 001471 0000 000000
1517556328.744266:  1360 000931 0628 000555 2183 001439 1830 001396 3193 002668 1883 001471 0000 000000
1517556328.805912:  1360 000016 0628 000095 2183 000250 1830 065476 3193 065506 1883 065156 0000 065518
1517556328.866714:  1360 000930 0628 000563 2183 001462 1830 001394 3193 002682 1883 001477 0000 000000
1517556328.866807:  1360 000930 0628 000563 2183 001462 1830 001394 3193 002682 1883 001477 0000 000000
1517556328.928369:  1360 001360 0650 000650 2233 002233 1845 001845 3229 003229 1908 001908 0000 000000
1517556328.989149:  1360 000931 0650 000575 2233 001488 1845 001396 3229 002701 1908 001488 0000 000000
1517556328.989219:  1360 000931 0650 000575 2233 001488 1845 001396 3229 002701 1908 001488 0000 000000
1517556329.050999:  1360 000004 0650 000095 2233 000250 1845 065486 3229 065506 1908 065156 0000 065518
1517556329.111635:  1360 000930 0650 000585 2233 001510 1845 001394 3229 002717 1908 001497 0000 000000
1517556329.111701:  1360 000930 0650 000585 2233 001510 1845 001394 3229 002717 1908 001497 0000 000000
1517556329.173494:  1360 001360 0672 000672 2282 002282 1859 001859 3267 003267 1933 001933 0000 000000
1517556329.234022:  1360 000930 0672 000595 2282 001534 1859 001394 3267 002737 1933 001506 0000 000000
1517556329.234111:  1360 000930 0672 000595 2282 001534 1859 001394 3267 002737 1933 001506 0000 000000
1517556329.295845:  1360 000004 0672 000095 2282 000250 1859 065506 3267 065496 1933 065166 0000 065518
1517556329.356685:  1360 000932 0672 000607 2282 001566 1859 001399 3267 002757 1933 001512 0000 000000
1517556329.356763:  1360 000932 0672 000607 2282 001566 1859 001399 3267 002757 1933 001512 0000 000000
1517556329.418513:  1360 001360 0696 000696 2329 002329 1873 001873 3305 003305 1957 001957 0000 000000
1517556329.479217:  1360 000930 0696 000616 2329 001586 1873 001394 3305 002776 1957 001523 0000 000000
1517556329.479306:  1360 000930 0696 000616 2329 001586 1873 001394 3305 002776 1957 001523 0000 000000
1517556329.541052:  1360 000016 0696 000095 2329 000250 1873 065516 3305 065506 1957 065176 0000 065518
1517556329.601834:  1360 000930 0696 000627 2329 001609 1873 001394 3305 002794 1957 001531 0000 000000
1517556329.601889:  1360 000930 0696 000627 2329 001609 1873 001394 3305 002794 1957 001531 0000 000000
1517556329.663446:  1360 001360 0722 000722 2375 002375 1886 001886 3343 003343 1981 001981 0000 000000
1517556329.724010:  1360 000930 0722 000638 2375 001616 1886 001394 3343 002815 1981 001541 0000 000000
1517556329.724064:  1360 000930 0722 000638 2375 001616 1886 001394 3343 002815 1981 001541 0000 000000
1517556329.785554:  1360 000016 0722 000107 2375 000250 1886 000000 3343 065496 1981 065176 0000 065518
1517556329.846235:  1360 000931 0722 000650 2375 001659 1886 001395 3343 002832 1981 001547 0000 000000
1517556329.846289:  1360 000931 0722 000650 2375 001659 1886 001395 3343 002832 1981 001547 0000 000000
1517556329.908129:  1360 001360 0749 000749 2420 002420 1898 001898 3383 003383 2005 002005 0000 000000
1517556329.968886:  1360 000931 0749 000664 2420 001681 1898 001396 3383 002856 2005 001563 0000 000000
1517556329.968955:  1360 000931 0749 000664 2420 001681 1898 001396 3383 002856 2005 001563 0000 000000
1517556330.030484:  1360 000016 0749 000107 2420 000240 1898 000000 3383 065496 2005 065186 0000 065518
1517556330.091208:  1360 000931 0749 000677 2420 001704 1898 001396 3383 002874 2005 001572 0000 000000
1517556330.091274:  1360 000931 0749 000677 2420 001704 1898 001396 3383 002874 2005 001572 0000 000000
1517556330.152864:  1360 001360 0778 000778 2463 002463 1909 001909 3423 003423 2028 002028 0000 000000
1517556330.203772:  1360 000931 0778 000690 2463 001728 1909 001396 3423 002893 2028 001579 0000 000000
1517556330.203837:  1360 000931 0778 000690 2463 001728 1909 001396 3423 002893 2028 001579 0000 000000
1517556330.265451:  1360 000004 0778 000107 2463 000240 1909 000010 3423 065496 2028 065186 0000 065518
1517556330.326194:  1360 000931 0778 000701 2463 001746 1909 001395 3423 002910 2028 001589 0000 000000
1517556330.326254:  1360 000931 0778 000701 2463 001746 1909 001395 3423 002910 2028 001589 0000 000000
1517556330.388032:  1360 001360 0808 000808 2504 002504 1919 001919 3463 003463 2050 002050 0000 000000
1517556330.448773:  1360 000931 0808 000716 2504 001770 1919 001395 3463 002930 2050 001596 0000 000000
1517556330.448844:  1360 000931 0808 000716 2504 001770 1919 001395 3463 002930 2050 001596 0000 000000
1517556330.510504:  1360 000004 0808 000119 2504 000240 1919 000020 3463 065496 2050 065196 0000 065518
1517556330.571173:  1360 000930 0808 000731 2504 001789 1919 001393 3463 002950 2050 001608 0000 000000
1517556330.571347:  1360 000930 0808 000731 2504 001789 1919 001393 3463 002950 2050 001608 0000 000000
1517556330.633114:  1360 001360 0840 000840 2544 002544 1929 001929 3503 003503 2073 002073 0000 000000
1517556330.693717:  1360 000931 0840 000747 2544 001814 1929 001401 3503 002971 2073 001617 0000 000000
1517556330.693777:  1360 000931 0840 000747 2544 001814 1929 001401 3503 002971 2073 001617 0000 000000
1517556330.755234:  1360 000004 0840 000119 2544 000240 1929 000040 3503 065496 2073 065196 0000 065518
1517556330.815972:  1360 000931 0840 000762 2544 001833 1929 001394 3503 002989 2073 001626 0000 000000
1517556330.816026:  1360 000931 0840 000762 2544 001833 1929 001394 3503 002989 2073 001626 0000 000000
1517556330.877667:  1360 001360 0873 000873 2583 002583 1938 001938 3543 003543 2095 002095 0000 000000
1517556330.938381:  1360 000931 0873 000779 2583 001855 1938 001395 3543 003011 2095 001637 0000 000000
1517556330.938440:  1360 000931 0873 000779 2583 001855 1938 001395 3543 003011 2095 001637 0000 000000
1517556331.000142:  1360 000004 0873 000119 2583 000230 1938 000040 3543 065496 2095 065196 0000 065518
1517556331.060841:  1360 000930 0873 000794 2583 001873 1938 001392 3543 003028 2095 001645 0000 000000
1517556331.060933:  1360 000930 0873 000794 2583 001873 1938 001392 3543 003028 2095 001645 0000 000000
1517556331.122535:  1360 001360 0908 000908 2619 002619 1947 001947 3583 003583 2116 002116 0000 000000
1517556331.183403:  1360 000965 0908 000809 2619 001893 1947 001394 3583 003049 2116 001655 0000 000000
1517556331.183478:  1360 000965 0908 000809 2619 001893 1947 001394 3583 003049 2116 001655 0000 000000
1517556331.244179:  1360 000016 0908 000119 2619 000230 1947 000050 3583 065496 2116 065196 0000 065518
1517556331.304969:  1360 000930 0908 000825 2619 001914 1947 001396 3583 003070 2116 001666 0000 000000
1517556331.305032:  1360 000930 0908 000825 2619 001914 1947 001396 3583 003070 2116 001666 0000 000000
1517556331.366796:  1360 001360 0945 000945 2655 002655 1955 001955 3623 003623 2137 002137 0000 000000
1517556331.427534:  1360 000930 0945 000843 2655 001931 1955 001394 3623 003090 2137 001672 0000 000000
1517556331.427603:  1360 000930 0945 000843 2655 001931 1955 001394 3623 003090 2137 001672 0000 000000
1517556331.489193:  1360 000016 0945 000131 2655 000220 1955 000060 3623 065496 2137 065196 0000 065518
1517556331.549970:  1360 000931 0945 000862 2655 001951 1955 001396 3623 003111 2137 001687 0000 000000
1517556331.550025:  1360 000931 0945 000862 2655 001951 1955 001396 3623 003111 2137 001687 0000 000000
1517556331.611820:  1360 001360 0983 000983 2688 002688 1962 001962 3663 003663 2158 002158 0000 000000
1517556331.672578:  1360 000931 0983 000880 2688 001967 1962 001395 3663 003130 2158 001696 0000 000000
1517556331.672634:  1360 000931 0983 000880 2688 001967 1962 001395 3663 003130 2158 001696 0000 000000
1517556331.734086:  1360 000004 0983 000131 2688 000220 1962 000060 3663 065496 2158 065206 0000 065518
1517556331.794836:  1360 000930 0983 000898 2688 001984 1962 001395 3663 003150 2158 001705 0000 000000
1517556331.794912:  1360 000930 0983 000898 2688 001984 1962 001395 3663 003150 2158 001705 0000 000000
1517556331.856557:  1360 001360 1023 001023 2720 002720 1968 001968 3702 003702 2178 002178 0000 000000
1517556331.917395:  1360 000930 1023 000915 2720 002001 1968 001395 3702 003170 2178 001715 0000 000000
1517556331.917489:  1360 000930 1023 000915 2720 002001 1968 001395 3702 003170 2178 001715 0000 000000
1517556331.979215:  1360 000004 1023 000131 2720 000220 1968 000070 3702 065496 2178 065196 0000 065518
1517556332.039971:  1360 000930 1023 000934 2720 002017 1968 001395 3702 003189 2178 001724 0000 000000
1517556332.040025:  1360 000930 1023 000934 2720 002017 1968 001395 3702 003189 2178 001724 0000 000000
1517556332.101725:  1360 001360 1065 001065 2750 002750 1974 001974 3740 003740 2198 002198 0000 000000
1517556332.162473:  1360 000931 1065 000953 2750 002035 1974 001395 3740 003207 2198 001733 0000 000000
1517556332.162528:  1360 000931 1065 000953 2750 002035 1974 001395 3740 003207 2198 001733 0000 000000
1517556332.223991:  1360 000004 1065 000143 2750 000220 1974 000080 3740 065496 2198 065196 0000 065518
1517556332.284688:  1360 000930 1065 000974 2750 002051 1974 001395 3740 003227 2198 001743 0000 000000
1517556332.284776:  1360 000930 1065 000974 2750 002051 1974 001395 3740 003227 2198 001743 0000 000000
