1517294486.185227:  0000 001753 0000 000281 0000 003273 0000 002464 0000 003595 0000 001941 0000 000000
1517294486.760927:  1753 001753 0280 000280 3273 003273 2464 002464 3595 003595 1941 001941 0000 000000
1517294486.836731:  1753 001749 0280 000274 3273 003273 2464 002466 3595 003613 1941 001946 0000 000000
1517294486.836792:  1753 001749 0280 000274 3273 003273 2464 002466 3595 003613 1941 001946 0000 000000
1517294486.913433:  1753 065472 0280 000011 3273 065403 2464 065446 3595 065416 1941 064815 0000 065518
1517294486.989106:  1753 001743 0280 000275 3273 003221 2464 002466 3595 003656 1941 001949 0000 000000
1517294486.989183:  1753 001743 0280 000275 3273 003221 2464 002466 3595 003656 1941 001949 0000 000000
1517294487.065864:  1760 001760 0303 000303 3226 003226 2460 002460 3586 003586 1938 001938 0000 000000
1517294487.141677:  1760 001739 0303 000280 3226 003174 2460 002468 3586 003695 1938 001969 0000 000000
1517294487.141746:  1760 001739 0303 000280 3226 003174 2460 002468 3586 003695 1938 001969 0000 000000
1517294487.215495:  1760 065484 0303 000035 3226 065453 2460 065446 3586 065496 1938 064775 0000 065518
1517294487.291274:  1760 001736 0303 000285 3226 003134 2460 002470 3586 003728 1938 001981 0000 000000
1517294487.291341:  1760 001736 0303 000285 3226 003134 2460 002470 3586 003728 1938 001981 0000 000000
1517294487.367887:  1767 001767 0327 000327 3178 003178 2457 002457 3577 003577 1936 001936 0000 000000
1517294487.443746:  1767 001735 0327 000282 3178 003094 2457 002456 3577 003751 1936 001999 0000 000000
1517294487.443814:  1767 001735 0327 000282 3178 003094 2457 002456 3577 003751 1936 001999 0000 000000
1517294487.520341:  1767 065496 0327 000047 3178 065473 2457 065446 3577 000020 1936 064745 0000 065518
1517294487.596129:  1767 001737 0327 000298 3178 003062 2457 002452 3577 003767 1936 002014 0000 000000
1517294487.596197:  1767 001737 0327 000298 3178 003062 2457 002452 3577 003767 1936 002014 0000 000000
1517294487.672917:  1774 001774 0350 000350 3129 003129 2453 002453 3566 003566 1934 001934 0000 000000
1517294487.735784:  1774 001738 0350 000304 3129 003033 2453 002442 3566 003775 1934 002023 0000 000000
1517294487.735878:  1774 001738 0350 000304 3129 003033 2453 002442 3566 003775 1934 002023 0000 000000
1517294487.812986:  1774 065496 0350 000059 3129 065483 2453 065456 3566 000050 1934 064736 0000 065518
1517294487.888920:  1774 001740 0350 000313 3129 003004 2453 002432 3566 003778 1934 002020 0000 000000
1517294487.889010:  1774 001740 0350 000313 3129 003004 2453 002432 3566 003778 1934 002020 0000 000000
1517294487.968621:  1780 001780 0373 000373 3078 003078 2450 002450 3554 003554 1932 001932 0000 000000
1517294488.044451:  1780 001742 0373 000323 3078 002975 2450 002425 3554 003777 1932 002024 0000 000000
1517294488.044548:  1780 001742 0373 000323 3078 002975 2450 002425 3554 003777 1932 002024 0000 000000
1517294488.121286:  1780 065496 0373 000059 3078 065493 2450 065466 3554 000070 1932 064736 0000 065518
1517294488.195313:  1780 001747 0373 000332 3078 002950 2450 002419 3554 003774 1932 002031 0000 000000
1517294488.195365:  1780 001747 0373 000332 3078 002950 2450 002419 3554 003774 1932 002031 0000 000000
1517294488.272088:  1786 001786 0397 000397 3025 003025 2447 002447 3540 003540 1929 001929 0000 000000
1517294488.347916:  1786 001751 0397 000342 3025 002922 2447 002414 3540 003769 1929 002022 0000 000000
1517294488.348024:  1786 001751 0397 000342 3025 002922 2447 002414 3540 003769 1929 002022 0000 000000
1517294488.424676:  1786 065496 0397 000071 3025 065493 2447 065476 3540 000070 1929 064736 0000 065518
1517294488.500396:  1786 001755 0397 000353 3025 002897 2447 002409 3540 003762 1929 002028 0000 000000
1517294488.500470:  1786 001755 0397 000353 3025 002897 2447 002409 3540 003762 1929 002028 0000 000000
1517294488.577088:  1792 001792 0421 000421 2972 002972 2444 002444 3526 003526 1926 001926 0000 000000
1517294488.652809:  1792 001759 0421 000363 2972 002870 2444 002405 3526 003754 1926 002022 0000 000000
1517294488.652900:  1792 001759 0421 000363 2972 002870 2444 002405 3526 003754 1926 002022 0000 000000
1517294488.725579:  1792 065496 0421 000071 2972 065483 2444 065486 3526 000070 1926 064736 0000 065518
1517294488.801379:  1792 001763 0421 000376 2972 002843 2444 002401 3526 003748 1926 002015 0000 000000
1517294488.801444:  1792 001763 0421 000376 2972 002843 2444 002401 3526 003748 1926 002015 0000 000000
1517294488.878171:  1797 001797 0445 000445 2916 002916 2441 002441 3510 003510 1924 001924 0000 000000
1517294488.953958:  1797 001766 0445 000386 2916 002815 2441 002398 3510 003742 1924 002017 0000 000000
1517294488.954023:  1797 001766 0445 000386 2916 002815 2441 002398 3510 003742 1924 002017 0000 000000
1517294489.030681:  1797 065496 0445 000071 2916 065483 2441 065486 3510 000070 1924 064736 0000 065518
1517294489.106427:  1797 001771 0445 000399 2916 002787 2441 002394 3510 003734 1924 002008 0000 000000
1517294489.106524:  1797 001771 0445 000399 2916 002787 2441 002394 3510 003734 1924 002008 0000 000000
1517294489.183243:  1801 001801 0469 000469 2860 002860 2439 002439 3493 003493 1921 001921 0000 000000
1517294489.235794:  1801 001773 0469 000408 2860 002763 2439 002391 3493 003729 1921 002013 0000 000000
1517294489.235848:  1801 001773 0469 000408 2860 002763 2439 002391 3493 003729 1921 002013 0000 000000
1517294489.312712:  1801 065484 0469 000071 2860 065483 2439 065486 3493 000080 1921 064736 0000 065518
1517294489.388505:  1801 001777 0469 000420 2860 002734 2439 002385 3493 003719 1921 002001 0000 000000
1517294489.388596:  1801 001777 0469 000420 2860 002734 2439 002385 3493 003719 1921 002001 0000 000000
1517294489.465047:  1806 001806 0493 000493 2802 002802 2436 002436 3475 003475 1918 001918 0000 000000
1517294489.540894:  1806 001780 0493 000432 2802 002705 2436 002383 3475 003708 1918 002000 0000 000000
1517294489.540950:  1806 001780 0493 000432 2802 002705 2436 002383 3475 003708 1918 002000 0000 000000
1517294489.617600:  1806 065484 0493 000071 2802 065483 2436 065496 3475 000070 1918 064736 0000 065518
1517294489.685188:  1806 001785 0493 000444 2802 002677 2436 002381 3475 003697 1918 001995 0000 000000
1517294489.685252:  1806 001785 0493 000444 2802 002677 2436 002381 3475 003697 1918 001995 0000 000000
1517294489.761879:  1810 001810 0518 000518 2743 002743 2433 002433 3456 003456 1915 001915 0000 000000
1517294489.837674:  1810 001788 0518 000456 2743 002649 2433 002378 3456 003688 1915 001995 0000 000000
1517294489.837730:  1810 001788 0518 000456 2743 002649 2433 002378 3456 003688 1915 001995 0000 000000
1517294489.914412:  1810 065484 0518 000071 2743 065473 2433 065496 3456 000070 1915 064745 0000 065518
1517294489.990188:  1810 001792 0518 000468 2743 002619 2433 002375 3456 003677 1915 001987 0000 000000
1517294489.990274:  1810 001792 0518 000468 2743 002619 2433 002375 3456 003677 1915 001987 0000 000000
1517294490.066857:  1814 001814 0543 000543 2682 002682 2430 002430 3436 003436 1911 001911 0000 000000
1517294490.142624:  1814 001794 0543 000480 2682 002589 2430 002372 3436 003667 1911 001978 0000 000000
1517294490.142681:  1814 001794 0543 000480 2682 002589 2430 002372 3436 003667 1911 001978 0000 000000
1517294490.215475:  1814 065484 0543 000083 2682 065473 2430 065496 3436 000070 1911 064745 0000 065518
1517294490.291316:  1814 001796 0543 000492 2682 002559 2430 002370 3436 003657 1911 001979 0000 000000
1517294490.291391:  1814 001796 0543 000492 2682 002559 2430 002370 3436 003657 1911 001979 0000 000000
1517294490.368014:  1818 001818 0568 000568 2621 002621 2427 002427 3415 003415 1908 001908 0000 000000
1517294490.443755:  1818 001797 0568 000506 2621 002529 2427 002367 3415 003647 1908 001968 0000 000000
1517294490.443834:  1818 001797 0568 000506 2621 002529 2427 002367 3415 003647 1908 001968 0000 000000
1517294490.520698:  1818 065484 0568 000071 2621 065473 2427 065506 3415 000070 1908 064755 0000 065518
1517294490.596545:  1818 001797 0568 000521 2621 002498 2427 002366 3415 003637 1908 001969 0000 000000
1517294490.596620:  1818 001797 0568 000521 2621 002498 2427 002366 3415 003637 1908 001969 0000 000000
1517294490.673350:  1822 001822 0593 000593 2558 002558 2424 002424 3393 003393 1904 001904 0000 000000
1517294490.735780:  1822 001800 0593 000533 2558 002471 2424 002365 3393 003628 1904 001965 0000 000000
1517294490.735870:  1822 001800 0593 000533 2558 002471 2424 002365 3393 003628 1904 001965 0000 000000
1517294490.812619:  1822 065484 0593 000071 2558 065473 2424 065506 3393 000080 1904 064765 0000 065518
1517294490.888352:  1822 001801 0593 000546 2558 002439 2424 002363 3393 003616 1904 001954 0000 000000
1517294490.888406:  1822 001801 0593 000546 2558 002439 2424 002363 3393 003616 1904 001954 0000 000000
1517294490.964894:  1825 001825 0619 000619 2494 002494 2421 002421 3370 003370 1901 001901 0000 000000
1517294491.040732:  1825 001803 0619 000559 2494 002408 2421 002361 3370 003606 1901 001951 0000 000000
1517294491.040819:  1825 001803 0619 000559 2494 002408 2421 002361 3370 003606 1901 001951 0000 000000
1517294491.117344:  1825 065484 0619 000071 2494 065473 2421 065506 3370 000080 1901 064765 0000 065518
1517294491.185236:  1825 001805 0619 000572 2494 002376 2421 002360 3370 003594 1901 001949 0000 000000
1517294491.185313:  1825 001805 0619 000572 2494 002376 2421 002360 3370 003594 1901 001949 0000 000000
1517294491.262164:  1829 001829 0645 000645 2429 002429 2418 002418 3346 003346 1897 001897 0000 000000
1517294491.337952:  1829 001805 0645 000585 2429 002343 2418 002358 3346 003583 1897 001940 0000 000000
1517294491.338005:  1829 001805 0645 000585 2429 002343 2418 002358 3346 003583 1897 001940 0000 000000
1517294491.414844:  1829 065484 0645 000071 2429 065463 2418 065496 3346 000080 1897 064775 0000 065518
1517294491.490641:  1829 001806 0645 000599 2429 002313 2418 002359 3346 003572 1897 001934 0000 000000
1517294491.490697:  1829 001806 0645 000599 2429 002313 2418 002359 3346 003572 1897 001934 0000 000000
1517294491.567345:  1832 001832 0672 000672 2363 002363 2415 002415 3322 003322 1893 001893 0000 000000
1517294491.643136:  1832 001807 0672 000613 2363 002279 2415 002357 3322 003561 1893 001926 0000 000000
1517294491.643241:  1832 001807 0672 000613 2363 002279 2415 002357 3322 003561 1893 001926 0000 000000
1517294491.715442:  1832 065484 0672 000071 2363 065463 2415 065496 3322 000080 1893 064785 0000 065518
1517294491.791138:  1832 001806 0672 000625 2363 002249 2415 002357 3322 003550 1893 001925 0000 000000
1517294491.791212:  1832 001806 0672 000625 2363 002249 2415 002357 3322 003550 1893 001925 0000 000000
1517294491.867888:  1835 001835 0699 000699 2296 002296 2412 002412 3296 003296 1889 001889 0000 000000
1517294491.943664:  1835 001804 0699 000637 2296 002212 2412 002352 3296 003534 1889 001911 0000 000000
1517294491.943739:  1835 001804 0699 000637 2296 002212 2412 002352 3296 003534 1889 001911 0000 000000
1517294492.020302:  1835 065496 0699 000071 2296 065463 2412 065496 3296 000090 1889 064795 0000 065518
1517294492.096059:  1835 001805 0699 000652 2296 002180 2412 002351 3296 003524 1889 001917 0000 000000
1517294492.096129:  1835 001805 0699 000652 2296 002180 2412 002351 3296 003524 1889 001917 0000 000000
1517294492.172678:  1837 001837 0726 000726 2228 002228 2409 002409 3269 003269 1884 001884 0000 000000
1517294492.235813:  1837 001805 0726 000662 2228 002148 2409 002348 3269 003510 1884 001908 0000 000000
1517294492.235884:  1837 001805 0726 000662 2228 002148 2409 002348 3269 003510 1884 001908 0000 000000
1517294492.312438:  1837 065496 0726 000071 2228 065463 2409 065496 3269 000080 1884 064795 0000 065518
1517294492.388248:  1837 001807 0726 000677 2228 002118 2409 002350 3269 003497 1884 001897 0000 000000
1517294492.388325:  1837 001807 0726 000677 2228 002118 2409 002350 3269 003497 1884 001897 0000 000000
1517294492.465112:  1840 001840 0753 000753 2159 002159 2405 002405 3242 003242 1880 001880 0000 000000
1517294492.540856:  1840 001810 0753 000693 2159 002084 2405 002350 3242 003483 1880 001890 0000 000000
1517294492.540909:  1840 001810 0753 000693 2159 002084 2405 002350 3242 003483 1880 001890 0000 000000
1517294492.617649:  1840 065496 0753 000071 2159 065463 2405 065496 3242 000080 1880 064815 0000 065518
1517294492.685222:  1840 001811 0753 000707 2159 002048 2405 002347 3242 003469 1880 001889 0000 000000
1517294492.685316:  1840 001811 0753 000707 2159 002048 2405 002347 3242 003469 1880 001889 0000 000000
1517294492.762080:  1843 001843 0782 000782 2090 002090 2402 002402 3213 003213 1875 001875 0000 000000
1517294492.837868:  1843 001813 0782 000720 2090 002015 2402 002344 3213 003457 1875 001880 0000 000000
1517294492.837945:  1843 001813 0782 000720 2090 002015 2402 002344 3213 003457 1875 001880 0000 000000
1517294492.914824:  1843 065484 0782 000071 2090 065453 2402 065486 3213 000090 1875 064815 0000 065518
1517294492.990613:  1843 001816 0782 000736 2090 001977 2402 002342 3213 003441 1875 001878 0000 000000
1517294492.990675:  1843 001816 0782 000736 2090 001977 2402 002342 3213 003441 1875 001878 0000 000000
1517294493.067374:  1845 001845 0810 000810 2019 002019 2398 002398 3184 003184 1870 001870 0000 000000
1517294493.143063:  1845 001818 0810 000749 2019 001944 2398 002341 3184 003425 1870 001861 0000 000000
1517294493.143141:  1845 001818 0810 000749 2019 001944 2398 002341 3184 003425 1870 001861 0000 000000
1517294493.215410:  1845 065484 0810 000071 2019 065453 2398 065506 3184 000080 1870 064825 0000 065518
1517294493.291175:  1845 001820 0810 000764 2019 001909 2398 002339 3184 003409 1870 001862 0000 000000
1517294493.291247:  1845 001820 0810 000764 2019 001909 2398 002339 3184 003409 1870 001862 0000 000000
1517294493.367768:  1848 001848 0839 000839 1947 001947 2394 002394 3153 003153 1865 001865 0000 000000
1517294493.443653:  1848 001822 0839 000778 1947 001873 2394 002337 3153 003393 1865 001846 0000 000000
1517294493.443729:  1848 001822 0839 000778 1947 001873 2394 002337 3153 003393 1865 001846 0000 000000
1517294493.520358:  1848 065484 0839 000071 1947 065453 2394 065496 3153 000080 1865 064835 0000 065518
1517294493.596096:  1848 001824 0839 000793 1947 001837 2394 002336 3153 003377 1865 001842 0000 000000
1517294493.596163:  1848 001824 0839 000793 1947 001837 2394 002336 3153 003377 1865 001842 0000 000000
1517294493.672708:  1850 001850 0869 000869 1875 001875 2390 002390 3122 003122 1860 001860 0000 000000
1517294493.735803:  1850 001826 0869 000806 1875 001804 2390 002335 3122 003366 1860 001841 0000 000000
1517294493.735876:  1850 001826 0869 000806 1875 001804 2390 002335 3122 003366 1860 001841 0000 000000
1517294493.812650:  1850 065484 0869 000083 1875 065453 2390 065496 3122 000090 1860 064835 0000 065518
1517294493.888496:  1850 001829 0869 000821 1875 001766 2390 002333 3122 003349 1860 001830 0000 000000
1517294493.888554:  1850 001829 0869 000821 1875 001766 2390 002333 3122 003349 1860 001830 0000 000000
1517294493.965416:  1852 001852 0899 000899 1802 001802 2386 002386 3089 003089 1854 001854 0000 000000
1517294494.041327:  1852 001831 0899 000837 1802 001730 2386 002331 3089 003334 1854 001817 0000 000000
1517294494.041380:  1852 001831 0899 000837 1802 001730 2386 002331 3089 003334 1854 001817 0000 000000
1517294494.118225:  1852 065484 0899 000083 1802 065453 2386 065496 3089 000090 1854 064845 0000 065518
1517294494.185217:  1852 001833 0899 000852 1802 001694 2386 002327 3089 003319 1854 001818 0000 000000
1517294494.185284:  1852 001833 0899 000852 1802 001694 2386 002327 3089 003319 1854 001818 0000 000000
