1517295584.789053:  0000 001760 0000 000319 0000 003271 0000 002492 0000 003613 0000 001951 0000 000000
1517295585.439822:  1759 001759 0319 000319 3271 003271 2492 002492 3613 003613 1950 001950 0000 000000
1517295585.590675:  1759 001760 0319 000330 3271 003235 2492 002492 3613 003650 1950 001953 0000 000000
1517295585.590748:  1759 001760 0319 000330 3271 003235 2492 002492 3613 003650 1950 001953 0000 000000
1517295585.742563:  1759 065472 0319 000059 3271 065453 2492 065456 3613 065446 1950 064736 0000 065518
1517295585.839580:  1759 001760 0319 000351 3271 003160 2492 002491 3613 003721 1950 001976 0000 000000
1517295585.839674:  1759 001760 0319 000351 3271 003160 2492 002491 3613 003721 1950 001976 0000 000000
1517295585.991311:  1767 001767 0341 000341 3222 003222 2488 002488 3602 003602 1948 001948 0000 000000
1517295586.142175:  1767 001760 0341 000373 3222 003095 2488 002491 3602 003783 1948 002009 0000 000000
1517295586.142243:  1767 001760 0341 000373 3222 003095 2488 002491 3602 003783 1948 002009 0000 000000
1517295586.289044:  1767 065484 0341 000047 3222 065513 2488 065456 3602 000030 1948 064736 0000 065518
1517295586.439783:  1767 001760 0341 000389 3222 003050 2488 002491 3602 003812 1948 002032 0000 000000
1517295586.439840:  1767 001760 0341 000389 3222 003050 2488 002491 3602 003812 1948 002032 0000 000000
1517295586.591488:  1773 001773 0364 000364 3173 003173 2485 002485 3589 003589 1946 001946 0000 000000
1517295586.742321:  1773 001759 0364 000404 3173 003009 2485 002411 3589 003818 1946 002042 0000 000000
1517295586.742403:  1773 001759 0364 000404 3173 003009 2485 002411 3589 003818 1946 002042 0000 000000
1517295586.839694:  1773 065484 0364 000035 3173 065533 2485 065456 3589 000060 1946 064736 0000 065518
1517295586.990383:  1773 001762 0364 000415 3173 002984 2485 002474 3589 003818 1946 002048 0000 000000
1517295586.990472:  1773 001762 0364 000415 3173 002984 2485 002474 3589 003818 1946 002048 0000 000000
1517295587.142115:  1780 001780 0388 000388 3122 003122 2482 002482 3576 003576 1944 001944 0000 000000
1517295587.289045:  1780 001766 0388 000426 3122 002961 2482 002464 3576 003813 1944 002049 0000 000000
1517295587.289100:  1780 001766 0388 000426 3122 002961 2482 002464 3576 003813 1944 002049 0000 000000
1517295587.440886:  1780 065484 0388 000035 3122 000007 2482 065476 3576 000060 1944 064736 0000 065518
1517295587.591635:  1780 001769 0388 000439 3122 002934 2482 002455 3576 003803 1944 002046 0000 000000
1517295587.591709:  1780 001769 0388 000439 3122 002934 2482 002455 3576 003803 1944 002046 0000 000000
1517295587.743259:  1786 001786 0411 000411 3069 003069 2479 002479 3561 003561 1942 001942 0000 000000
1517295587.839621:  1786 001770 0411 000449 3069 002911 2479 002449 3561 003796 1942 002036 0000 000000
1517295587.839690:  1786 001770 0411 000449 3069 002911 2479 002449 3561 003796 1942 002036 0000 000000
1517295587.991385:  1786 065508 0411 000035 3069 065533 2479 065486 3561 000060 1942 064736 0000 065518
1517295588.142251:  1786 001771 0411 000461 3069 002885 2479 002447 3561 003786 1942 002032 0000 000000
1517295588.142314:  1786 001771 0411 000461 3069 002885 2479 002447 3561 003786 1942 002032 0000 000000
1517295588.289045:  1791 001791 0435 000435 3015 003015 2476 002476 3545 003545 1939 001939 0000 000000
1517295588.439841:  1791 001771 0435 000473 3015 002858 2476 002444 3545 003777 1939 002027 0000 000000
1517295588.439909:  1791 001771 0435 000473 3015 002858 2476 002444 3545 003777 1939 002027 0000 000000
1517295588.591558:  1791 065496 0435 000035 3015 065533 2476 065486 3545 000060 1939 064736 0000 065518
1517295588.742357:  1791 001773 0435 000485 3015 002834 2476 002441 3545 003769 1939 002023 0000 000000
1517295588.742428:  1791 001773 0435 000485 3015 002834 2476 002441 3545 003769 1939 002023 0000 000000
1517295588.839627:  1796 001796 0458 000458 2960 002960 2473 002473 3528 003528 1937 001937 0000 000000
1517295588.990480:  1796 001773 0458 000496 2960 002808 2473 002437 3528 003762 1937 002028 0000 000000
1517295588.990555:  1796 001773 0458 000496 2960 002808 2473 002437 3528 003762 1937 002028 0000 000000
1517295589.142341:  1796 065496 0458 000035 2960 065523 2473 065486 3528 000060 1937 064736 0000 065518
1517295589.289049:  1796 001775 0458 000507 2960 002777 2473 002434 3528 003752 1937 002021 0000 000000
1517295589.289117:  1796 001775 0458 000507 2960 002777 2473 002434 3528 003752 1937 002021 0000 000000
1517295589.440706:  1801 001801 0482 000482 2903 002903 2470 002470 3510 003510 1934 001934 0000 000000
1517295589.591489:  1801 001778 0482 000520 2903 002753 2470 002434 3510 003744 1934 002018 0000 000000
1517295589.591564:  1801 001778 0482 000520 2903 002753 2470 002434 3510 003744 1934 002018 0000 000000
1517295589.743242:  1801 065496 0482 000035 2903 065523 2470 065486 3510 000060 1934 064736 0000 065518
1517295589.839667:  1801 001779 0482 000529 2903 002726 2470 002430 3510 003737 1934 002007 0000 000000
1517295589.839743:  1801 001779 0482 000529 2903 002726 2470 002430 3510 003737 1934 002007 0000 000000
1517295589.991361:  1806 001806 0506 000506 2845 002845 2468 002468 3491 003491 1931 001931 0000 000000
1517295590.142163:  1806 001790 0506 000543 2845 002694 2468 002428 3491 003724 1931 002000 0000 000000
1517295590.142252:  1806 001790 0506 000543 2845 002694 2468 002428 3491 003724 1931 002000 0000 000000
1517295590.289039:  1806 065484 0506 000035 2845 065523 2468 065486 3491 000070 1931 064736 0000 065518
1517295590.439817:  1806 001798 0506 000558 2845 002663 2468 002427 3491 003717 1931 001997 0000 000000
1517295590.439892:  1806 001798 0506 000558 2845 002663 2468 002427 3491 003717 1931 001997 0000 000000
1517295590.591488:  1810 001810 0531 000531 2785 002785 2465 002465 3471 003471 1928 001928 0000 000000
1517295590.742361:  1810 001801 0531 000570 2785 002631 2465 002427 3471 003707 1928 001992 0000 000000
1517295590.742416:  1810 001801 0531 000570 2785 002631 2465 002427 3471 003707 1928 001992 0000 000000
1517295590.839632:  1810 065484 0531 000035 2785 065523 2465 065486 3471 000070 1928 064736 0000 065518
1517295590.990357:  1810 001802 0531 000581 2785 002605 2465 002426 3471 003699 1928 001998 0000 000000
1517295590.990442:  1810 001802 0531 000581 2785 002605 2465 002426 3471 003699 1928 001998 0000 000000
1517295591.142129:  1814 001814 0555 000555 2725 002725 2462 002462 3450 003450 1925 001925 0000 000000
1517295591.289048:  1814 001801 0555 000593 2725 002572 2462 002422 3450 003687 1925 001987 0000 000000
1517295591.289114:  1814 001801 0555 000593 2725 002572 2462 002422 3450 003687 1925 001987 0000 000000
1517295591.440813:  1814 065484 0555 000035 2725 065523 2462 065486 3450 000070 1925 064736 0000 065518
1517295591.591624:  1814 001801 0555 000605 2725 002542 2462 002421 3450 003676 1925 001987 0000 000000
1517295591.591687:  1814 001801 0555 000605 2725 002542 2462 002421 3450 003676 1925 001987 0000 000000
1517295591.743486:  1818 001818 0580 000580 2663 002663 2459 002459 3427 003427 1922 001922 0000 000000
1517295591.839659:  1818 001801 0580 000615 2663 002518 2459 002419 3427 003667 1922 001973 0000 000000
1517295591.839713:  1818 001801 0580 000615 2663 002518 2459 002419 3427 003667 1922 001973 0000 000000
1517295591.991382:  1818 065496 0580 000047 2663 065523 2459 065496 3427 000070 1922 064736 0000 065518
1517295592.142222:  1818 001801 0580 000630 2663 002487 2459 002417 3427 003654 1922 001966 0000 000000
1517295592.142287:  1818 001801 0580 000630 2663 002487 2459 002417 3427 003654 1922 001966 0000 000000
1517295592.289008:  1822 001822 0605 000605 2600 002600 2457 002457 3404 003404 1919 001919 0000 000000
1517295592.439617:  1822 001805 0605 000643 2600 002454 2457 002415 3404 003645 1919 001963 0000 000000
1517295592.439675:  1822 001805 0605 000643 2600 002454 2457 002415 3404 003645 1919 001963 0000 000000
1517295592.591349:  1822 065484 0605 000035 2600 065523 2457 065496 3404 000070 1919 064736 0000 065518
1517295592.741961:  1822 001807 0605 000658 2600 002422 2457 002411 3404 003633 1919 001957 0000 000000
1517295592.742018:  1822 001807 0605 000658 2600 002422 2457 002411 3404 003633 1919 001957 0000 000000
1517295592.839489:  1825 001825 0631 000631 2536 002536 2454 002454 3381 003381 1916 001916 0000 000000
1517295592.990135:  1825 001809 0631 000668 2536 002393 2454 002410 3381 003624 1916 001960 0000 000000
1517295592.990237:  1825 001809 0631 000668 2536 002393 2454 002410 3381 003624 1916 001960 0000 000000
1517295593.142051:  1825 065484 0631 000035 2536 065523 2454 065496 3381 000070 1916 064736 0000 065518
1517295593.289011:  1825 001810 0631 000682 2536 002358 2454 002408 3381 003606 1916 001947 0000 000000
1517295593.289049:  1825 001810 0631 000682 2536 002358 2454 002408 3381 003606 1916 001947 0000 000000
1517295593.440751:  1828 001828 0657 000657 2471 002471 2451 002451 3356 003356 1912 001912 0000 000000
1517295593.591406:  1828 001813 0657 000695 2471 002326 2451 002407 3356 003593 1912 001946 0000 000000
1517295593.591478:  1828 001813 0657 000695 2471 002326 2451 002407 3356 003593 1912 001946 0000 000000
1517295593.743292:  1828 065484 0657 000035 2471 065523 2451 065496 3356 000070 1912 064736 0000 065518
1517295593.839445:  1828 001815 0657 000707 2471 002297 2451 002404 3356 003583 1912 001933 0000 000000
1517295593.839504:  1828 001815 0657 000707 2471 002297 2451 002404 3356 003583 1912 001933 0000 000000
1517295593.991247:  1832 001832 0683 000683 2405 002405 2448 002448 3330 003330 1908 001908 0000 000000
1517295594.141903:  1832 001818 0683 000720 2405 002262 2448 002404 3330 003572 1908 001933 0000 000000
1517295594.141959:  1832 001818 0683 000720 2405 002262 2448 002404 3330 003572 1908 001933 0000 000000
1517295594.289028:  1832 065484 0683 000035 2405 065513 2448 065496 3330 000070 1908 064736 0000 065518
1517295594.439706:  1832 001820 0683 000733 2405 002228 2448 002401 3330 003555 1908 001921 0000 000000
1517295594.439764:  1832 001820 0683 000733 2405 002228 2448 002401 3330 003555 1908 001921 0000 000000
1517295594.591491:  1835 001835 0709 000709 2338 002338 2445 002445 3303 003303 1905 001905 0000 000000
1517295594.742084:  1835 001823 0709 000747 2338 002193 2445 002400 3303 003543 1905 001920 0000 000000
1517295594.742139:  1835 001823 0709 000747 2338 002193 2445 002400 3303 003543 1905 001920 0000 000000
1517295594.839462:  1835 065484 0709 000047 2338 065513 2445 065496 3303 000070 1905 064736 0000 065518
1517295594.990089:  1835 001824 0709 000759 2338 002163 2445 002397 3303 003532 1905 001915 0000 000000
1517295594.990144:  1835 001824 0709 000759 2338 002163 2445 002397 3303 003532 1905 001915 0000 000000
1517295595.142025:  1837 001837 0736 000736 2270 002270 2442 002442 3276 003276 1901 001901 0000 000000
1517295595.289026:  1837 001827 0736 000774 2270 002126 2442 002395 3276 003516 1901 001902 0000 000000
1517295595.289098:  1837 001827 0736 000774 2270 002126 2442 002395 3276 003516 1901 001902 0000 000000
1517295595.440893:  1837 065484 0736 000035 2270 065513 2442 065496 3276 000070 1901 064736 0000 065518
1517295595.591533:  1837 001830 0736 000788 2270 002092 2442 002393 3276 003498 1901 001894 0000 000000
1517295595.591611:  1837 001830 0736 000788 2270 002092 2442 002393 3276 003498 1901 001894 0000 000000
1517295595.743305:  1840 001840 0764 000764 2201 002201 2439 002439 3247 003247 1897 001897 0000 000000
1517295595.839466:  1840 001831 0764 000800 2201 002066 2439 002394 3247 003489 1897 001889 0000 000000
1517295595.839526:  1840 001831 0764 000800 2201 002066 2439 002394 3247 003489 1897 001889 0000 000000
1517295595.991329:  1840 065484 0764 000035 2201 065513 2439 065496 3247 000080 1897 064746 0000 065518
1517295596.141991:  1840 001830 0764 000815 2201 002028 2439 002390 3247 003473 1897 001888 0000 000000
1517295596.142106:  1840 001830 0764 000815 2201 002028 2439 002390 3247 003473 1897 001888 0000 000000
1517295596.289008:  1843 001843 0791 000791 2131 002131 2436 002436 3217 003217 1893 001893 0000 000000
1517295596.439640:  1843 001830 0791 000828 2131 001994 2436 002387 3217 003457 1893 001873 0000 000000
1517295596.439679:  1843 001830 0791 000828 2131 001994 2436 002387 3217 003457 1893 001873 0000 000000
1517295596.591478:  1843 065484 0791 000035 2131 065503 2436 065496 3217 000070 1893 064756 0000 065518
1517295596.742144:  1843 001830 0791 000843 2131 001959 2436 002387 3217 003444 1893 001874 0000 000000
1517295596.742213:  1843 001830 0791 000843 2131 001959 2436 002387 3217 003444 1893 001874 0000 000000
1517295596.839465:  1845 001845 0820 000820 2060 002060 2432 002432 3187 003187 1888 001888 0000 000000
1517295596.990061:  1845 001830 0820 000854 2060 001925 2432 002385 3187 003430 1888 001865 0000 000000
1517295596.990146:  1845 001830 0820 000854 2060 001925 2432 002385 3187 003430 1888 001865 0000 000000
1517295597.141694:  1845 065484 0820 000035 2060 065503 2432 065496 3187 000080 1888 064756 0000 065518
1517295597.289008:  1845 001831 0820 000871 2060 001887 2432 002387 3187 003413 1888 001852 0000 000000
1517295597.289065:  1845 001831 0820 000871 2060 001887 2432 002387 3187 003413 1888 001852 0000 000000
1517295597.440827:  1848 001848 0848 000848 1988 001988 2429 002429 3156 003156 1883 001883 0000 000000
1517295597.591480:  1848 001831 0848 000886 1988 001850 2429 002387 3156 003398 1883 001842 0000 000000
1517295597.591539:  1848 001831 0848 000886 1988 001850 2429 002387 3156 003398 1883 001842 0000 000000
1517295597.743248:  1848 065484 0848 000047 1988 065513 2429 065496 3156 000070 1883 064766 0000 065518
1517295597.839457:  1848 001831 0848 000897 1988 001817 2429 002384 3156 003382 1883 001836 0000 000000
1517295597.839601:  1848 001831 0848 000897 1988 001817 2429 002384 3156 003382 1883 001836 0000 000000
1517295597.991214:  1850 001850 0878 000878 1916 001916 2425 002425 3123 003123 1879 001879 0000 000000
1517295598.141880:  1850 001831 0878 000912 1916 001776 2425 002381 3123 003362 1879 001834 0000 000000
1517295598.141945:  1850 001831 0878 000912 1916 001776 2425 002381 3123 003362 1879 001834 0000 000000
1517295598.289008:  1850 065484 0878 000047 1916 065513 2425 065496 3123 000070 1879 064786 0000 065518
1517295598.439649:  1850 001833 0878 000928 1916 001740 2425 002381 3123 003348 1879 001822 0000 000000
1517295598.439684:  1850 001833 0878 000928 1916 001740 2425 002381 3123 003348 1879 001822 0000 000000
1517295598.591410:  1852 001852 0907 000907 1842 001842 2421 002421 3090 003090 1874 001874 0000 000000
1517295598.742002:  1852 001836 0907 000943 1842 001703 2421 002381 3090 003330 1874 001820 0000 000000
1517295598.742060:  1852 001836 0907 000943 1842 001703 2421 002381 3090 003330 1874 001820 0000 000000
1517295598.839471:  1852 065484 0907 000047 1842 065503 2421 065486 3090 000080 1874 064786 0000 065518
1517295598.990073:  1852 001837 0907 000955 1842 001670 2421 002379 3090 003315 1874 001803 0000 000000
1517295598.990150:  1852 001837 0907 000955 1842 001670 2421 002379 3090 003315 1874 001803 0000 000000
1517295599.141835:  1854 001854 0938 000938 1769 001769 2417 002417 3055 003055 1868 001868 0000 000000
1517295599.289008:  1854 001839 0938 000972 1769 001632 2417 002377 3055 003295 1868 001794 0000 000000
1517295599.289049:  1854 001839 0938 000972 1769 001632 2417 002377 3055 003295 1868 001794 0000 000000
1517295599.440744:  1854 065484 0938 000047 1769 065503 2417 065486 3055 000070 1868 064796 0000 065518
1517295599.591357:  1854 001841 0938 000988 1769 001592 2417 002375 3055 003276 1868 001784 0000 000000
1517295599.591416:  1854 001841 0938 000988 1769 001592 2417 002375 3055 003276 1868 001784 0000 000000
