1517556619.940226:  0000 000948 0000 000501 0000 000996 0000 001393 0000 002420 0000 001362 0000 000000
1517556620.500888:  0948 000948 0500 000500 0995 000995 1408 001408 2420 002420 1362 001362 0000 000000
1517556620.561624:  0948 001341 0500 000481 0995 001606 1408 002140 2420 002896 1362 001606 0000 000000
1517556620.561693:  0948 001341 0500 000481 0995 001606 1408 002140 2420 002896 1362 001606 0000 000000
1517556620.623245:  0948 065036 0500 000011 0995 065036 1408 065036 2420 000500 1362 064736 0000 065518
1517556620.684113:  0948 001330 0500 000482 0995 001540 1408 002133 2420 002822 1362 001591 0000 000000
1517556620.684191:  0948 001330 0500 000482 0995 001540 1408 002133 2420 002822 1362 001591 0000 000000
1517556620.745881:  0948 000948 0500 000500 1062 001062 1447 001447 2421 002421 1319 001319 0000 000000
1517556620.806664:  0948 001148 0500 000483 1062 001468 1447 002098 2421 002747 1319 001567 0000 000000
1517556620.806752:  0948 001148 0500 000483 1062 001468 1447 002098 2421 002747 1319 001567 0000 000000
1517556620.868322:  0948 065036 0500 000011 1062 065036 1447 065036 2421 000500 1319 064736 0000 065518
1517556620.929407:  0948 001039 0500 000483 1062 001397 1447 002063 2421 002672 1319 001536 0000 000000
1517556620.929475:  0948 001039 0500 000483 1062 001397 1447 002063 2421 002672 1319 001536 0000 000000
1517556620.990826:  0948 000948 0500 000500 1128 001128 1487 001487 2427 002427 1276 001276 0000 000000
1517556621.051685:  0948 000933 0500 000485 1128 001325 1487 002025 2427 002598 1276 001503 0000 000000
1517556621.051720:  0948 000933 0500 000485 1128 001325 1487 002025 2427 002598 1276 001503 0000 000000
1517556621.113030:  0948 065108 0500 000011 1128 065036 1487 065036 2427 000500 1276 064736 0000 065518
1517556621.173832:  0948 000834 0500 000485 1128 001253 1487 001991 2427 002522 1276 001468 0000 000000
1517556621.173886:  0948 000834 0500 000485 1128 001253 1487 001991 2427 002522 1276 001468 0000 000000
1517556621.235623:  0948 000948 0501 000501 1194 001194 1525 001525 2436 002436 1235 001235 0000 000000
1517556621.296307:  0948 000745 0501 000486 1194 001180 1525 001952 2436 002446 1235 001432 0000 000000
1517556621.296398:  0948 000745 0501 000486 1194 001180 1525 001952 2436 002446 1235 001432 0000 000000
1517556621.358043:  0948 065312 0501 000011 1194 065116 1525 065036 2436 000470 1235 064736 0000 065518
1517556621.418899:  0948 000678 0501 000488 1194 001109 1525 001917 2436 002370 1235 001394 0000 000000
1517556621.418967:  0948 000678 0501 000488 1194 001109 1525 001917 2436 002370 1235 001394 0000 000000
1517556621.480413:  0948 000948 0504 000504 1259 001259 1563 001563 2449 002449 1194 001194 0000 000000
1517556621.541148:  0948 000626 0504 000488 1259 001044 1563 001878 2449 002297 1194 001358 0000 000000
1517556621.541216:  0948 000626 0504 000488 1259 001044 1563 001878 2449 002297 1194 001358 0000 000000
1517556621.602955:  0948 065444 0504 000011 1259 065306 1563 065036 2449 000310 1194 064736 0000 065518
1517556621.663789:  0948 000592 0504 000489 1259 000989 1563 001838 2449 002231 1194 001324 0000 000000
1517556621.663857:  0948 000592 0504 000489 1259 000989 1563 001838 2449 002231 1194 001324 0000 000000
1517556621.725579:  0948 000948 0508 000508 1323 001323 1599 001599 2465 002465 1155 001155 0000 000000
1517556621.786470:  0948 000565 0508 000491 1323 000943 1599 001801 2465 002169 1155 001290 0000 000000
1517556621.786524:  0948 000565 0508 000491 1323 000943 1599 001801 2465 002169 1155 001290 0000 000000
1517556621.848316:  0948 065504 0508 000011 1323 065466 1599 065036 2465 000170 1155 064736 0000 065518
1517556621.908947:  0948 000546 0508 000492 1323 000910 1599 001761 2465 002118 1155 001259 0000 000000
1517556621.909002:  0948 000546 0508 000492 1323 000910 1599 001761 2465 002118 1155 001259 0000 000000
1517556621.970531:  0948 000948 0512 000512 1387 001387 1634 001634 2485 002485 1116 001116 0000 000000
1517556622.031336:  0948 000536 0512 000494 1387 000891 1634 001718 2485 002079 1116 001234 0000 000000
1517556622.031374:  0948 000536 0512 000494 1387 000891 1634 001718 2485 002079 1116 001234 0000 000000
1517556622.092813:  0948 065528 0512 000023 1387 000030 1634 065036 2485 000070 1116 064736 0000 065518
1517556622.153595:  0948 000531 0512 000495 1387 000882 1634 001678 2485 002053 1116 001214 0000 000000
1517556622.153636:  0948 000531 0512 000495 1387 000882 1634 001678 2485 002053 1116 001214 0000 000000
1517556622.215049:  0948 000948 0518 000518 1449 001449 1668 001668 2507 002507 1078 001078 0000 000000
1517556622.275816:  0948 000526 0518 000498 1449 000880 1668 001641 2507 002038 1078 001194 0000 000000
1517556622.275886:  0948 000526 0518 000498 1449 000880 1668 001641 2507 002038 1078 001194 0000 000000
1517556622.337255:  0948 000004 0518 000023 1449 000090 1668 065096 2507 000020 1078 064736 0000 065518
1517556622.398106:  0948 000523 0518 000499 1449 000880 1668 001602 2507 002033 1078 001184 0000 000000
1517556622.398184:  0948 000523 0518 000499 1449 000880 1668 001602 2507 002033 1078 001184 0000 000000
1517556622.450279:  0948 000948 0525 000525 1511 001511 1701 001701 2532 002532 1042 001042 0000 000000
1517556622.511027:  0948 000522 0525 000501 1511 000879 1701 001570 2532 002033 1042 001178 0000 000000
1517556622.511096:  0948 000522 0525 000501 1511 000879 1701 001570 2532 002033 1042 001178 0000 000000
1517556622.572681:  0948 000004 0525 000023 1511 000160 1701 065196 2532 065526 1042 064736 0000 065518
1517556622.633349:  0948 000520 0525 000503 1511 000880 1701 001535 2532 002040 1042 001175 0000 000000
1517556622.633444:  0948 000520 0525 000503 1511 000880 1701 001535 2532 002040 1042 001175 0000 000000
1517556622.695085:  0948 000948 0533 000533 1572 001572 1732 001732 2560 002560 1007 001007 0000 000000
1517556622.755898:  0948 000519 0533 000504 1572 000882 1732 001503 2560 002050 1007 001177 0000 000000
1517556622.755956:  0948 000519 0533 000504 1572 000882 1732 001503 2560 002050 1007 001177 0000 000000
1517556622.817514:  0948 000004 0533 000035 1572 000210 1732 065296 2560 065526 1007 064736 0000 065518
1517556622.878333:  0948 000519 0533 000507 1572 000895 1732 001472 2560 002064 1007 001180 0000 000000
1517556622.878401:  0948 000519 0533 000507 1572 000895 1732 001472 2560 002064 1007 001180 0000 000000
1517556622.939932:  0948 000948 0543 000543 1632 001632 1762 001762 2591 002591 0973 000973 0000 000000
1517556622.990726:  0948 000519 0543 000510 1632 000910 1762 001446 2591 002076 0973 001184 0000 000000
1517556622.990835:  0948 000519 0543 000510 1632 000910 1762 001446 2591 002076 0973 001184 0000 000000
1517556623.052414:  0948 000004 0543 000035 1632 000240 1762 065376 2591 065516 0973 064736 0000 065518
1517556623.113117:  0948 000519 0543 000512 1632 000930 1762 001423 2591 002092 0973 001190 0000 000000
1517556623.113197:  0948 000519 0543 000512 1632 000930 1762 001423 2591 002092 0973 001190 0000 000000
1517556623.174824:  0948 000948 0553 000553 1691 001691 1790 001790 2623 002623 0940 000940 0000 000000
1517556623.235572:  0948 000518 0553 000515 1691 000950 1790 001400 2623 002106 0940 001198 0000 000000
1517556623.235651:  0948 000518 0553 000515 1691 000950 1790 001400 2623 002106 0940 001198 0000 000000
1517556623.297154:  0948 000016 0553 000047 1691 000250 1790 065446 2623 065516 0940 064736 0000 065518
1517556623.357953:  0948 000519 0553 000520 1691 000976 1790 001394 2623 002122 0940 001205 0000 000000
1517556623.358043:  0948 000519 0553 000520 1691 000976 1790 001394 2623 002122 0940 001205 0000 000000
1517556623.420011:  0948 000948 0565 000565 1749 001749 1817 001817 2659 002659 0908 000908 0000 000000
1517556623.480640:  0948 000520 0565 000522 1749 001004 1817 001395 2659 002139 0908 001211 0000 000000
1517556623.480702:  0948 000520 0565 000522 1749 001004 1817 001395 2659 002139 0908 001211 0000 000000
1517556623.542197:  0948 000004 0565 000047 1749 000260 1817 065466 2659 065506 0908 064736 0000 065518
1517556623.602960:  0948 000520 0565 000525 1749 001028 1817 001394 2659 002087 0908 001218 0000 000000
1517556623.603014:  0948 000520 0565 000525 1749 001028 1817 001394 2659 002087 0908 001218 0000 000000
1517556623.664763:  0948 000948 0577 000577 1806 001806 1843 001843 2696 002696 0877 000877 0000 000000
1517556623.725450:  0948 000520 0577 000529 1806 001054 1843 001392 2696 002174 0877 001227 0000 000000
1517556623.725502:  0948 000520 0577 000529 1806 001054 1843 001392 2696 002174 0877 001227 0000 000000
1517556623.787099:  0948 000004 0577 000059 1806 000260 1843 065496 2696 065506 0877 064736 0000 065518
1517556623.847970:  0948 000521 0577 000534 1806 001083 1843 001393 2696 002194 0877 001235 0000 000000
1517556623.848036:  0948 000521 0577 000534 1806 001083 1843 001393 2696 002194 0877 001235 0000 000000
1517556623.909902:  0948 000948 0591 000591 1861 001861 1867 001867 2735 002735 0848 000848 0000 000000
1517556623.970450:  0948 000522 0591 000539 1861 001111 1867 001393 2735 002213 0848 001245 0000 000000
1517556623.970533:  0948 000522 0591 000539 1861 001111 1867 001393 2735 002213 0848 001245 0000 000000
1517556624.032355:  0948 000004 0591 000059 1861 000260 1867 065516 2735 065506 0848 064736 0000 065518
1517556624.092968:  0948 000523 0591 000543 1861 001140 1867 001394 2735 002233 0848 001254 0000 000000
1517556624.093057:  0948 000523 0591 000543 1861 001140 1867 001394 2735 002233 0848 001254 0000 000000
1517556624.154606:  0948 000948 0606 000606 1916 001916 1890 001890 2775 002775 0819 000819 0000 000000
1517556624.215399:  0948 000524 0606 000547 1916 001167 1890 001395 2775 002254 0819 001264 0000 000000
1517556624.215453:  0948 000524 0606 000547 1916 001167 1890 001395 2775 002254 0819 001264 0000 000000
1517556624.277115:  0948 000004 0606 000071 1916 000260 1890 000000 2775 065506 0819 064736 0000 065518
1517556624.337892:  0948 000524 0606 000553 1916 001193 1890 001393 2775 002272 0819 001273 0000 000000
1517556624.337967:  0948 000524 0606 000553 1916 001193 1890 001393 2775 002272 0819 001273 0000 000000
1517556624.399677:  0948 000948 0623 000623 1970 001970 1912 001912 2818 002818 0792 000792 0000 000000
1517556624.460406:  0948 000525 0623 000560 1970 001222 1912 001394 2818 002292 0792 001283 0000 000000
1517556624.460460:  0948 000525 0623 000560 1970 001222 1912 001394 2818 002292 0792 001283 0000 000000
1517556624.522107:  0948 000004 0623 000071 1970 000260 1912 000020 2818 065506 0792 064736 0000 065518
1517556624.582889:  0948 000525 0623 000567 1970 001249 1912 001394 2818 002312 0792 001293 0000 000000
1517556624.582958:  0948 000525 0623 000567 1970 001249 1912 001394 2818 002312 0792 001293 0000 000000
1517556624.644620:  0948 000948 0640 000640 2022 002022 1932 001932 2862 002862 0765 000765 0000 000000
1517556624.705424:  0948 000526 0640 000574 2022 001275 1932 001394 2862 002333 0765 001303 0000 000000
1517556624.705480:  0948 000526 0640 000574 2022 001275 1932 001394 2862 002333 0765 001303 0000 000000
1517556624.767010:  0948 000004 0640 000083 2022 000260 1932 000040 2862 065496 0765 064736 0000 065518
1517556624.827662:  0948 000527 0640 000582 2022 001301 1932 001394 2862 002354 0765 001313 0000 000000
1517556624.827723:  0948 000527 0640 000582 2022 001301 1932 001394 2862 002354 0765 001313 0000 000000
1517556624.889115:  0948 000948 0659 000659 2073 002073 1951 001951 2907 002907 0740 000740 0000 000000
1517556624.940186:  0948 000528 0659 000591 2073 001329 1951 001397 2907 002379 0740 001326 0000 000000
1517556624.940285:  0948 000528 0659 000591 2073 001329 1951 001397 2907 002379 0740 001326 0000 000000
1517556625.001855:  0948 000004 0659 000083 2073 000260 1951 000060 2907 065496 0740 064736 0000 065518
1517556625.062586:  0948 000528 0659 000597 2073 001350 1951 001394 2907 002394 0740 001334 0000 000000
1517556625.062642:  0948 000528 0659 000597 2073 001350 1951 001394 2907 002394 0740 001334 0000 000000
1517556625.124230:  0948 000948 0680 000680 2123 002123 1969 001969 2953 002953 0715 000715 0000 000000
1517556625.184941:  0948 000528 0680 000604 2123 001376 1969 001392 2953 002414 0715 001342 0000 000000
1517556625.184998:  0948 000528 0680 000604 2123 001376 1969 001392 2953 002414 0715 001342 0000 000000
1517556625.246597:  0948 000004 0680 000095 2123 000250 1969 000080 2953 065496 0715 064736 0000 065518
1517556625.307403:  0948 000528 0680 000616 2123 001403 1969 001394 2953 002441 0715 001355 0000 000000
1517556625.307468:  0948 000528 0680 000616 2123 001403 1969 001394 2953 002441 0715 001355 0000 000000
1517556625.369029:  0948 000948 0701 000701 2171 002171 1986 001986 3000 003000 0691 000691 0000 000000
1517556625.429916:  0948 000528 0701 000625 2171 001428 1986 001394 3000 002462 0691 001365 0000 000000
1517556625.429982:  0948 000528 0701 000625 2171 001428 1986 001394 3000 002462 0691 001365 0000 000000
1517556625.490821:  0948 065528 0701 000095 2171 000250 1986 000100 3000 065486 0691 064736 0000 065518
1517556625.551641:  0948 000529 0701 000636 2171 001454 1986 001394 3000 002486 0691 001376 0000 000000
1517556625.551692:  0948 000529 0701 000636 2171 001454 1986 001394 3000 002486 0691 001376 0000 000000
1517556625.613296:  0948 000948 0724 000724 2218 002218 2002 002002 3049 003049 0668 000668 0000 000000
1517556625.674076:  0948 000528 0724 000647 2218 001479 2002 001394 3049 002509 0668 001388 0000 000000
1517556625.674150:  0948 000528 0724 000647 2218 001479 2002 001394 3049 002509 0668 001388 0000 000000
1517556625.735813:  0948 065528 0724 000095 2218 000240 2002 000110 3049 065486 0668 064736 0000 065518
1517556625.796668:  0948 000528 0724 000657 2218 001503 2002 001395 3049 002533 0668 001399 0000 000000
1517556625.796774:  0948 000528 0724 000657 2218 001503 2002 001395 3049 002533 0668 001399 0000 000000
1517556625.858346:  0948 000948 0749 000749 2264 002264 2016 002016 3098 003098 0646 000646 0000 000000
1517556625.919175:  0948 000529 0749 000668 2264 001528 2016 001394 3098 002557 0646 001410 0000 000000
1517556625.919238:  0948 000529 0749 000668 2264 001528 2016 001394 3098 002557 0646 001410 0000 000000
1517556625.980548:  0948 000004 0749 000095 2264 000240 2016 000120 3098 065486 0646 064736 0000 065518
1517556626.041407:  0948 000529 0749 000679 2264 001552 2016 001395 3098 002582 0646 001423 0000 000000
1517556626.041460:  0948 000529 0749 000679 2264 001552 2016 001395 3098 002582 0646 001423 0000 000000
1517556626.103149:  0948 000948 0775 000775 2308 002308 2030 002030 3147 003147 0625 000625 0000 000000
1517556626.163929:  0948 000529 0775 000690 2308 001574 2030 001395 3147 002607 0625 001435 0000 000000
1517556626.164004:  0948 000529 0775 000690 2308 001574 2030 001395 3147 002607 0625 001435 0000 000000
1517556626.225693:  0948 065528 0775 000107 2308 000240 2030 000140 3147 065486 0625 064736 0000 065518
1517556626.286567:  0948 000529 0775 000704 2308 001597 2030 001395 3147 002630 0625 001447 0000 000000
1517556626.286658:  0948 000529 0775 000704 2308 001597 2030 001395 3147 002630 0625 001447 0000 000000
1517556626.348171:  0948 000948 0802 000802 2351 002351 2043 002043 3197 003197 0604 000604 0000 000000
1517556626.408854:  0948 000526 0802 000717 2351 001619 2043 001395 3197 002654 0604 001458 0000 000000
1517556626.408921:  0948 000526 0802 000717 2351 001619 2043 001395 3197 002654 0604 001458 0000 000000
1517556626.460383:  0948 000016 0802 000107 2351 000240 2043 000150 3197 065486 0604 064736 0000 065518
1517556626.521055:  0948 000526 0802 000730 2351 001639 2043 001395 3197 002674 0604 001469 0000 000000
1517556626.521126:  0948 000526 0802 000730 2351 001639 2043 001395 3197 002674 0604 001469 0000 000000
