1517556446.998332:  0000 001369 0000 000480 0000 001610 0000 001642 0000 002901 0000 001599 0000 000000
1517556447.559003:  0000 065036 0000 065535 0000 065036 0000 065036 0000 000500 0000 064736 0000 065518
1517556447.619811:  0000 001336 0000 000472 0000 001584 0000 001646 0000 002880 0000 001599 0000 000000
1517556447.619961:  0000 001336 0000 000472 0000 001584 0000 001646 0000 002880 0000 001599 0000 000000
1517556447.681598:  1368 001368 0484 000484 1641 001641 1653 001653 2911 002911 1583 001583 0000 000000
1517556447.742378:  1368 001261 0484 000471 1641 001522 1653 001640 2911 002811 1583 001585 0000 000000
1517556447.742449:  1368 001261 0484 000471 1641 001522 1653 001640 2911 002811 1583 001585 0000 000000
1517556447.804231:  1368 065228 0484 000011 1641 065216 1653 065066 2911 000360 1583 064736 0000 065518
1517556447.864988:  1368 001164 0484 000474 1641 001457 1653 001610 2911 002742 1583 001562 0000 000000
1517556447.865057:  1368 001164 0484 000474 1641 001457 1653 001610 2911 002742 1583 001562 0000 000000
1517556447.926832:  1368 001368 0493 000493 1702 001702 1675 001675 2934 002934 1553 001553 0000 000000
1517556447.987547:  1368 001090 0493 000474 1702 001400 1675 001578 2934 002681 1553 001534 0000 000000
1517556447.987621:  1368 001090 0493 000474 1702 001400 1675 001578 2934 002681 1553 001534 0000 000000
1517556448.048851:  1368 065396 0493 000023 1702 065386 1675 065156 2934 000210 1553 064746 0000 065518
1517556448.109481:  1368 001044 0493 000476 1702 001354 1675 001548 2934 002625 1553 001506 0000 000000
1517556448.109551:  1368 001044 0493 000476 1702 001354 1675 001548 2934 002625 1553 001506 0000 000000
1517556448.171126:  1368 001368 0503 000503 1762 001762 1697 001697 2959 002959 1523 001523 0000 000000
1517556448.231975:  1368 001010 0503 000477 1762 001319 1697 001514 2959 002579 1523 001480 0000 000000
1517556448.232049:  1368 001010 0503 000477 1762 001319 1697 001514 2959 002579 1523 001480 0000 000000
1517556448.293553:  1368 065480 0503 000035 1762 065516 1697 065236 2959 000090 1523 064776 0000 065518
1517556448.354384:  1368 000983 0503 000479 1762 001298 1697 001483 2959 002545 1523 001457 0000 000000
1517556448.354453:  1368 000983 0503 000479 1762 001298 1697 001483 2959 002545 1523 001457 0000 000000
1517556448.416027:  1368 001368 0514 000514 1822 001822 1718 001718 2986 002986 1493 001493 0000 000000
1517556448.476760:  1368 000964 0514 000482 1822 001287 1718 001453 2986 002524 1493 001438 0000 000000
1517556448.476850:  1368 000964 0514 000482 1822 001287 1718 001453 2986 002524 1493 001438 0000 000000
1517556448.528451:  1368 065528 0514 000035 1822 000060 1718 065326 2986 000020 1493 064776 0000 065518
1517556448.589210:  1368 000955 0514 000483 1822 001278 1718 001427 2986 002518 1493 001428 0000 000000
1517556448.589298:  1368 000955 0514 000483 1822 001278 1718 001427 2986 002518 1493 001428 0000 000000
1517556448.650848:  1368 001368 0526 000526 1880 001880 1738 001738 3014 003014 1464 001464 0000 000000
1517556448.711623:  1368 000948 0526 000486 1880 001278 1738 001403 3014 002517 1464 001418 0000 000000
1517556448.711682:  1368 000948 0526 000486 1880 001278 1738 001403 3014 002517 1464 001418 0000 000000
1517556448.773369:  1368 000004 0526 000047 1880 000130 1738 065386 3014 000000 1464 064766 0000 065518
1517556448.833975:  1368 000945 0526 000490 1880 001277 1738 001412 3014 002523 1464 001416 0000 000000
1517556448.834058:  1368 000945 0526 000490 1880 001277 1738 001412 3014 002523 1464 001416 0000 000000
1517556448.895685:  1368 001368 0540 000540 1937 001937 1757 001757 3044 003044 1436 001436 0000 000000
1517556448.956430:  1368 000943 0540 000494 1937 001279 1757 001394 3044 002533 1436 001415 0000 000000
1517556448.956485:  1368 000943 0540 000494 1937 001279 1757 001394 3044 002533 1436 001415 0000 000000
1517556449.008386:  1368 000004 0540 000059 1937 000180 1757 065406 3044 065516 1436 064736 0000 065518
1517556449.069090:  1368 000940 0540 000497 1937 001286 1757 001394 3044 002543 1436 001418 0000 000000
1517556449.069164:  1368 000940 0540 000497 1937 001286 1757 001394 3044 002543 1436 001418 0000 000000
1517556449.130734:  1368 001368 0555 000555 1993 001993 1776 001776 3075 003075 1409 001409 0000 000000
1517556449.191522:  1368 000939 0555 000502 1993 001297 1776 001395 3075 002557 1409 001422 0000 000000
1517556449.191629:  1368 000939 0555 000502 1993 001297 1776 001395 3075 002557 1409 001422 0000 000000
1517556449.253247:  1368 000004 0555 000059 1993 000210 1776 065416 3075 065516 1409 064736 0000 065518
1517556449.313953:  1368 000940 0555 000506 1993 001310 1776 001395 3075 002574 1409 001429 0000 000000
1517556449.314028:  1368 000940 0555 000506 1993 001310 1776 001395 3075 002574 1409 001429 0000 000000
1517556449.375581:  1368 001368 0571 000571 2048 002048 1793 001793 3108 003108 1381 001381 0000 000000
1517556449.436409:  1368 000939 0571 000511 2048 001327 1793 001393 3108 002586 1381 001432 0000 000000
1517556449.436465:  1368 000939 0571 000511 2048 001327 1793 001393 3108 002586 1381 001432 0000 000000
1517556449.498046:  1368 000004 0571 000071 2048 000230 1793 065436 3108 065506 1381 064736 0000 065518
1517556449.548884:  1368 000975 0571 000518 2048 001348 1793 001397 3108 002605 1381 001442 0000 000000
1517556449.548953:  1368 000975 0571 000518 2048 001348 1793 001397 3108 002605 1381 001442 0000 000000
1517556449.610600:  1368 001368 0588 000588 2102 002102 1810 001810 3142 003142 1355 001355 0000 000000
1517556449.671334:  1368 000939 0588 000522 2102 001369 1810 001395 3142 002620 1355 001447 0000 000000
1517556449.671401:  1368 000939 0588 000522 2102 001369 1810 001395 3142 002620 1355 001447 0000 000000
1517556449.732947:  1368 000016 0588 000083 2102 000240 1810 065466 3142 065506 1355 064736 0000 065518
1517556449.793618:  1368 000939 0588 000528 2102 001392 1810 001393 3142 002633 1355 001451 0000 000000
1517556449.793693:  1368 000939 0588 000528 2102 001392 1810 001393 3142 002633 1355 001451 0000 000000
1517556449.855304:  1368 001368 0607 000607 2155 002155 1827 001827 3177 003177 1329 001329 0000 000000
1517556449.916136:  1368 000939 0607 000537 2155 001415 1827 001395 3177 002653 1329 001465 0000 000000
1517556449.916204:  1368 000939 0607 000537 2155 001415 1827 001395 3177 002653 1329 001465 0000 000000
1517556449.977716:  1368 000004 0607 000083 2155 000250 1827 065466 3177 065506 1329 064736 0000 065518
1517556450.028561:  1368 000939 0607 000543 2155 001440 1827 001394 3177 002668 1329 001470 0000 000000
1517556450.028609:  1368 000939 0607 000543 2155 001440 1827 001394 3177 002668 1329 001470 0000 000000
1517556450.090415:  1368 001368 0627 000627 2206 002206 1842 001842 3214 003214 1303 001303 0000 000000
1517556450.151145:  1368 000940 0627 000551 2206 001461 1842 001394 3214 002686 1303 001482 0000 000000
1517556450.151261:  1368 000940 0627 000551 2206 001461 1842 001394 3214 002686 1303 001482 0000 000000
1517556450.212823:  1368 000004 0627 000095 2206 000250 1842 065486 3214 065506 1303 064736 0000 065518
1517556450.273645:  1368 000939 0627 000561 2206 001484 1842 001392 3214 002704 1303 001490 0000 000000
1517556450.273725:  1368 000939 0627 000561 2206 001484 1842 001392 3214 002704 1303 001490 0000 000000
1517556450.335235:  1368 001368 0649 000649 2256 002256 1857 001857 3251 003251 1278 001278 0000 000000
1517556450.395992:  1368 000941 0649 000571 2256 001515 1857 001396 3251 002720 1278 001494 0000 000000
1517556450.396060:  1368 000941 0649 000571 2256 001515 1857 001396 3251 002720 1278 001494 0000 000000
1517556450.457675:  1368 000004 0649 000095 2256 000250 1857 065496 3251 065506 1278 064736 0000 065518
1517556450.518498:  1368 000941 0649 000581 2256 001537 1857 001395 3251 002740 1278 001504 0000 000000
1517556450.518571:  1368 000941 0649 000581 2256 001537 1857 001395 3251 002740 1278 001504 0000 000000
1517556450.580088:  1368 001368 0672 000672 2304 002304 1871 001871 3289 003289 1253 001253 0000 000000
1517556450.640912:  1368 000941 0672 000591 2304 001559 1871 001394 3289 002757 1253 001513 0000 000000
1517556450.640992:  1368 000941 0672 000591 2304 001559 1871 001394 3289 002757 1253 001513 0000 000000
1517556450.702874:  1368 000004 0672 000095 2304 000250 1871 065516 3289 065506 1253 064736 0000 065518
1517556450.763552:  1368 000941 0672 000601 2304 001584 1871 001396 3289 002779 1253 001523 0000 000000
1517556450.763650:  1368 000941 0672 000601 2304 001584 1871 001396 3289 002779 1253 001523 0000 000000
1517556450.825422:  1368 001368 0696 000696 2352 002352 1884 001884 3328 003328 1229 001229 0000 000000
1517556450.886158:  1368 000942 0696 000613 2352 001609 1884 001395 3328 002797 1229 001531 0000 000000
1517556450.886247:  1368 000942 0696 000613 2352 001609 1884 001395 3328 002797 1229 001531 0000 000000
1517556450.947784:  1368 000004 0696 000095 2352 000250 1884 065526 3328 065506 1229 064736 0000 065518
1517556451.008397:  1368 000943 0696 000626 2352 001633 1884 001397 3328 002820 1229 001545 0000 000000
1517556451.008452:  1368 000943 0696 000626 2352 001633 1884 001397 3328 002820 1229 001545 0000 000000
1517556451.069933:  1368 001368 0722 000722 2397 002397 1896 001896 3367 003367 1206 001206 0000 000000
1517556451.130711:  1368 000941 0722 000638 2397 001654 1896 001392 3367 002836 1206 001553 0000 000000
1517556451.130799:  1368 000941 0722 000638 2397 001654 1896 001392 3367 002836 1206 001553 0000 000000
1517556451.192305:  1368 000004 0722 000107 2397 000250 1896 000000 3367 065496 1206 064736 0000 065518
1517556451.253027:  1368 000942 0722 000651 2397 001682 1896 001396 3367 002858 1206 001562 0000 000000
1517556451.253093:  1368 000942 0722 000651 2397 001682 1896 001396 3367 002858 1206 001562 0000 000000
1517556451.314778:  1368 001368 0750 000750 2442 002442 1908 001908 3407 003407 1182 001182 0000 000000
1517556451.375506:  1368 000942 0750 000664 2442 001705 1908 001395 3407 002877 1182 001571 0000 000000
1517556451.375562:  1368 000942 0750 000664 2442 001705 1908 001395 3407 002877 1182 001571 0000 000000
1517556451.437297:  1368 000004 0750 000107 2442 000240 1908 000010 3407 065496 1182 064736 0000 065518
1517556451.498107:  1368 000942 0750 000676 2442 001795 1908 001395 3407 002897 1182 001581 0000 000000
1517556451.498182:  1368 000942 0750 000676 2442 001795 1908 001395 3407 002897 1182 001581 0000 000000
1517556451.559633:  1368 001368 0779 000779 2485 002485 1919 001919 3448 003448 1159 001159 0000 000000
1517556451.620423:  1368 000942 0779 000689 2485 001749 1919 001396 3448 002917 1159 001590 0000 000000
1517556451.620479:  1368 000942 0779 000689 2485 001749 1919 001396 3448 002917 1159 001590 0000 000000
1517556451.682133:  1368 000004 0779 000119 2485 000240 1919 000030 3448 065496 1159 064736 0000 065518
1517556451.742838:  1368 000942 0779 000702 2485 001770 1919 001393 3448 002935 1159 001599 0000 000000
1517556451.742923:  1368 000942 0779 000702 2485 001770 1919 001393 3448 002935 1159 001599 0000 000000
1517556451.804592:  1368 001368 0810 000810 2526 002526 1929 001929 3488 003488 1137 001137 0000 000000
1517556451.865415:  1368 000941 0810 000718 2526 001792 1929 001394 3488 002959 1137 001613 0000 000000
1517556451.865497:  1368 000941 0810 000718 2526 001792 1929 001394 3488 002959 1137 001613 0000 000000
1517556451.927031:  1368 000004 0810 000107 2526 000230 1929 000030 3488 065496 1137 064736 0000 065518
1517556451.987876:  1368 000942 0810 000733 2526 001815 1929 001393 3488 002976 1137 001618 0000 000000
1517556451.987961:  1368 000942 0810 000733 2526 001815 1929 001393 3488 002976 1137 001618 0000 000000
1517556452.048893:  1368 001368 0842 000842 2566 002566 1938 001938 3529 003529 1115 001115 0000 000000
1517556452.109605:  1368 000942 0842 000749 2566 001834 1938 001393 3529 003001 1115 001636 0000 000000
1517556452.109713:  1368 000942 0842 000749 2566 001834 1938 001393 3529 003001 1115 001636 0000 000000
1517556452.171293:  1368 065504 0842 000119 2566 000230 1938 000040 3529 065496 1115 064736 0000 065518
1517556452.232077:  1368 000943 0842 000765 2566 001861 1938 001399 3529 003022 1115 001643 0000 000000
1517556452.232165:  1368 000943 0842 000765 2566 001861 1938 001399 3529 003022 1115 001643 0000 000000
1517556452.293807:  1368 001368 0876 000876 2604 002604 1947 001947 3570 003570 1093 001093 0000 000000
1517556452.354712:  1368 000940 0876 000779 2604 001877 1947 001395 3570 003038 1093 001650 0000 000000
1517556452.354785:  1368 000940 0876 000779 2604 001877 1947 001395 3570 003038 1093 001650 0000 000000
1517556452.416413:  1368 000016 0876 000119 2604 000230 1947 000050 3570 065496 1093 064736 0000 065518
1517556452.477100:  1368 000938 0876 000794 2604 001896 1947 001394 3570 003058 1093 001660 0000 000000
1517556452.477180:  1368 000938 0876 000794 2604 001896 1947 001394 3570 003058 1093 001660 0000 000000
1517556452.538622:  1368 001368 0911 000911 2640 002640 1955 001955 3610 003610 1072 001072 0000 000000
1517556452.599347:  1368 000939 0911 000811 2640 001917 1955 001396 3610 003079 1072 001671 0000 000000
1517556452.599438:  1368 000939 0911 000811 2640 001917 1955 001396 3610 003079 1072 001671 0000 000000
1517556452.661430:  1368 000004 0911 000131 2640 000230 1955 000060 3610 065496 1072 064736 0000 065518
1517556452.722194:  1368 000939 0911 000826 2640 001935 1955 001394 3610 003096 1072 001678 0000 000000
1517556452.722285:  1368 000939 0911 000826 2640 001935 1955 001394 3610 003096 1072 001678 0000 000000
1517556452.784022:  1368 001368 0948 000948 2675 002675 1962 001962 3650 003650 1051 001051 0000 000000
1517556452.844848:  1368 000940 0948 000845 2675 001955 1962 001396 3650 003118 1051 001690 0000 000000
1517556452.844915:  1368 000940 0948 000845 2675 001955 1962 001396 3650 003118 1051 001690 0000 000000
1517556452.906578:  1368 000004 0948 000131 2675 000220 1962 000060 3650 065496 1051 064736 0000 065518
1517556452.967377:  1368 000939 0948 000863 2675 001972 1962 001395 3650 003139 1051 001700 0000 000000
1517556452.967433:  1368 000939 0948 000863 2675 001972 1962 001395 3650 003139 1051 001700 0000 000000
1517556453.028560:  1368 001368 0987 000987 2708 002708 1969 001969 3690 003690 1031 001031 0000 000000
1517556453.089277:  1368 000940 0987 000881 2708 001991 1969 001395 3690 003158 1031 001710 0000 000000
1517556453.089353:  1368 000940 0987 000881 2708 001991 1969 001395 3690 003158 1031 001710 0000 000000
1517556453.150970:  1368 000004 0987 000131 2708 000220 1969 000070 3690 065496 1031 064736 0000 065518
1517556453.211781:  1368 000938 0987 000898 2708 002007 1969 001395 3690 003178 1031 001720 0000 000000
1517556453.211849:  1368 000938 0987 000898 2708 002007 1969 001395 3690 003178 1031 001720 0000 000000
1517556453.273637:  1368 001368 1028 001028 2740 002740 1975 001975 3729 003729 1010 001010 0000 000000
1517556453.334426:  1368 000938 1028 000917 2740 002024 1975 001395 3729 003198 1010 001729 0000 000000
1517556453.334480:  1368 000938 1028 000917 2740 002024 1975 001395 3729 003198 1010 001729 0000 000000
1517556453.396157:  1368 000004 1028 000143 2740 000220 1975 000080 3729 065496 1010 064736 0000 065518
1517556453.456952:  1368 000939 1028 000938 2740 002040 1975 001396 3729 003217 1010 001738 0000 000000
1517556453.457025:  1368 000939 1028 000938 2740 002040 1975 001396 3729 003217 1010 001738 0000 000000
1517556453.518509:  1368 001368 1070 001070 2770 002770 1980 001980 3767 003767 0991 000991 0000 000000
1517556453.579262:  1368 000939 1070 000958 2770 002057 1980 001395 3767 003237 0991 001749 0000 000000
1517556453.579340:  1368 000939 1070 000958 2770 002057 1980 001395 3767 003237 0991 001749 0000 000000
