1517293775.629608:  0000 001757 0000 000266 0000 003281 0000 002450 0000 003600 0000 001948 0000 000000
1517293776.230296:  1757 001757 0266 000266 3280 003280 2450 002450 3600 003600 1948 001948 0000 000000
1517293776.331053:  1757 001756 0266 000267 3280 003268 2450 002450 3600 003621 1948 001945 0000 000000
1517293776.331130:  1757 001756 0266 000267 3280 003268 2450 002450 3600 003621 1948 001945 0000 000000
1517293776.432903:  1757 065460 0266 065535 3280 065453 2450 065446 3600 065416 1948 064815 0000 065518
1517293776.533669:  1757 001748 0266 000269 3280 003215 2450 002452 3600 003679 1948 001963 0000 000000
1517293776.533753:  1757 001748 0266 000269 3280 003215 2450 002452 3600 003679 1948 001963 0000 000000
1517293776.629637:  1752 001752 0252 000252 3307 003307 2452 002452 3603 003603 1949 001949 0000 000000
1517293776.730423:  1752 001739 0252 000270 3307 003179 2452 002447 3603 003723 1949 001976 0000 000000
1517293776.730529:  1752 001739 0252 000270 3307 003179 2452 002447 3603 003723 1949 001976 0000 000000
1517293776.832379:  1752 065472 0252 065511 3307 000047 2452 065446 3603 065516 1949 064775 0000 065518
1517293776.933099:  1752 001729 0252 000272 3307 003160 2452 002436 3603 003765 1949 002006 0000 000000
1517293776.933161:  1752 001729 0252 000272 3307 003160 2452 002436 3603 003765 1949 002006 0000 000000
1517293777.034836:  1746 001746 0238 000238 3333 003333 2454 002454 3606 003606 1950 001950 0000 000000
1517293777.129604:  1746 001722 0238 000272 3333 003149 2454 002425 3606 003793 1950 002026 0000 000000
1517293777.129714:  1746 001722 0238 000272 3333 003149 2454 002425 3606 003793 1950 002026 0000 000000
1517293777.231374:  1746 065484 0238 065487 3333 000067 2454 065486 3606 000030 1950 064745 0000 065518
1517293777.332186:  1746 001718 0238 000273 3333 003145 2454 002415 3606 003809 1950 002037 0000 000000
1517293777.332276:  1746 001718 0238 000273 3333 003145 2454 002415 3606 003809 1950 002037 0000 000000
1517293777.433878:  1741 001741 0224 000224 3358 003358 2456 002456 3608 003608 1951 001951 0000 000000
1517293777.534630:  1741 001713 0224 000272 3358 003142 2456 002407 3608 003818 1951 002046 0000 000000
1517293777.534721:  1741 001713 0224 000272 3358 003142 2456 002407 3608 003818 1951 002046 0000 000000
1517293777.629682:  1741 065484 0224 065475 3358 000097 2456 065496 3608 000050 1951 064736 0000 065518
1517293777.730359:  1741 001706 0224 000271 3358 003141 2456 002403 3608 003821 1951 002045 0000 000000
1517293777.730420:  1741 001706 0224 000271 3358 003141 2456 002403 3608 003821 1951 002045 0000 000000
1517293777.832144:  1735 001735 0211 000211 3383 003383 2459 002459 3609 003609 1952 001952 0000 000000
1517293777.932915:  1735 001710 0211 000270 3383 003141 2459 002398 3609 003825 1952 002053 0000 000000
1517293777.933006:  1735 001710 0211 000270 3383 003141 2459 002398 3609 003825 1952 002053 0000 000000
1517293778.034626:  1735 065484 0211 065463 3383 000117 2459 065506 3609 000050 1952 064736 0000 065518
1517293778.129654:  1735 001710 0211 000268 3383 003141 2459 002394 3609 003828 1952 002055 0000 000000
1517293778.129726:  1735 001710 0211 000268 3383 003141 2459 002394 3609 003828 1952 002055 0000 000000
1517293778.231358:  1729 001729 0197 000197 3407 003407 2461 002461 3610 003610 1953 001953 0000 000000
1517293778.332186:  1729 001707 0197 000266 3407 003145 2461 002392 3610 003830 1953 002057 0000 000000
1517293778.332259:  1729 001707 0197 000266 3407 003145 2461 002392 3610 003830 1953 002057 0000 000000
1517293778.433864:  1729 065484 0197 065451 3407 000137 2461 065516 3610 000060 1953 064736 0000 065518
1517293778.534661:  1729 001700 0197 000263 3407 003151 2461 002390 3610 003829 1953 002057 0000 000000
1517293778.534718:  1729 001700 0197 000263 3407 003151 2461 002390 3610 003829 1953 002057 0000 000000
1517293778.629601:  1723 001723 0184 000184 3430 003430 2464 002464 3610 003610 1954 001954 0000 000000
1517293778.730393:  1723 001693 0184 000260 3430 003159 2464 002388 3610 003830 1954 002053 0000 000000
1517293778.730468:  1723 001693 0184 000260 3430 003159 2464 002388 3610 003830 1954 002053 0000 000000
1517293778.832150:  1723 065484 0184 065439 3430 000137 2464 065516 3610 000060 1954 064736 0000 065518
1517293778.932980:  1723 001692 0184 000257 3430 003167 2464 002387 3610 003829 1954 002057 0000 000000
1517293778.933055:  1723 001692 0184 000257 3430 003167 2464 002387 3610 003829 1954 002057 0000 000000
1517293779.034677:  1716 001716 0179 000179 3453 003453 2466 002466 3610 003610 1955 001955 0000 000000
1517293779.129633:  1716 001692 0179 000254 3453 003175 2466 002387 3610 003829 1955 002057 0000 000000
1517293779.129706:  1716 001692 0179 000254 3453 003175 2466 002387 3610 003829 1955 002057 0000 000000
1517293779.231309:  1716 065484 0179 065451 3453 000147 2466 065526 3610 000050 1955 064736 0000 065518
1517293779.332121:  1716 001686 0179 000251 3453 003184 2466 002387 3610 003829 1955 002055 0000 000000
1517293779.332183:  1716 001686 0179 000251 3453 003184 2466 002387 3610 003829 1955 002055 0000 000000
1517293779.433735:  1709 001709 0179 000179 3475 003475 2469 002469 3608 003608 1956 001956 0000 000000
1517293779.534584:  1709 001680 0179 000248 3475 003193 2469 002385 3608 003828 1956 002056 0000 000000
1517293779.534678:  1709 001680 0179 000248 3475 003193 2469 002385 3608 003828 1956 002056 0000 000000
1517293779.629640:  1709 065484 0179 065463 3475 000147 2469 065526 3608 000060 1956 064736 0000 065518
1517293779.730361:  1709 001676 0179 000247 3475 003202 2469 002385 3608 003827 1956 002055 0000 000000
1517293779.730437:  1709 001676 0179 000247 3475 003202 2469 002385 3608 003827 1956 002055 0000 000000
1517293779.832047:  1702 001702 0179 000179 3496 003496 2472 002472 3606 003606 1956 001956 0000 000000
1517293779.932884:  1702 001674 0179 000246 3496 003212 2472 002385 3606 003826 1956 002055 0000 000000
1517293779.932945:  1702 001674 0179 000246 3496 003212 2472 002385 3606 003826 1956 002055 0000 000000
1517293780.034784:  1702 065484 0179 065463 3496 000157 2472 065526 3606 000060 1956 064736 0000 065518
1517293780.129654:  1702 001674 0179 000244 3496 003223 2472 002385 3606 003824 1956 002054 0000 000000
1517293780.129739:  1702 001674 0179 000244 3496 003223 2472 002385 3606 003824 1956 002054 0000 000000
1517293780.231400:  1694 001694 0179 000179 3517 003517 2475 002475 3603 003603 1957 001957 0000 000000
1517293780.332329:  1694 001674 0179 000243 3517 003234 2475 002385 3603 003822 1957 002054 0000 000000
1517293780.332386:  1694 001674 0179 000243 3517 003234 2475 002385 3603 003822 1957 002054 0000 000000
1517293780.434039:  1694 065472 0179 065463 3517 000147 2475 000000 3603 000060 1957 064736 0000 065518
1517293780.534810:  1694 001673 0179 000241 3517 003244 2475 002385 3603 003821 1957 002052 0000 000000
1517293780.534867:  1694 001673 0179 000241 3517 003244 2475 002385 3603 003821 1957 002052 0000 000000
1517293780.629653:  1685 001685 0179 000179 3537 003537 2478 002478 3598 003598 1958 001958 0000 000000
1517293780.730469:  1685 001671 0179 000240 3537 003255 2478 002386 3598 003821 1958 002053 0000 000000
1517293780.730544:  1685 001671 0179 000240 3537 003255 2478 002386 3598 003821 1958 002053 0000 000000
1517293780.832140:  1685 065472 0179 065463 3537 000147 2478 000000 3598 000060 1958 064736 0000 065518
1517293780.933031:  1685 001667 0179 000238 3537 003266 2478 002385 3598 003820 1958 002053 0000 000000
1517293780.933127:  1685 001667 0179 000238 3537 003266 2478 002385 3598 003820 1958 002053 0000 000000
1517293781.034759:  1676 001676 0179 000179 3556 003556 2482 002482 3593 003593 1959 001959 0000 000000
1517293781.129651:  1676 001663 0179 000238 3556 003276 2482 002385 3593 003817 1959 002049 0000 000000
1517293781.129727:  1676 001663 0179 000238 3556 003276 2482 002385 3593 003817 1959 002049 0000 000000
1517293781.231413:  1676 065460 0179 065475 3556 000147 2482 000000 3593 000060 1959 064736 0000 065518
1517293781.332168:  1676 001657 0179 000237 3556 003286 2482 002385 3593 003812 1959 002052 0000 000000
1517293781.332283:  1676 001657 0179 000237 3556 003286 2482 002385 3593 003812 1959 002052 0000 000000
1517293781.433767:  1666 001666 0179 000179 3575 003575 2486 002486 3587 003587 1960 001960 0000 000000
1517293781.534543:  1666 001649 0179 000236 3575 003297 2486 002385 3587 003807 1960 002044 0000 000000
1517293781.534621:  1666 001649 0179 000236 3575 003297 2486 002385 3587 003807 1960 002044 0000 000000
1517293781.629639:  1666 065472 0179 065475 3575 000147 2486 000010 3587 000060 1960 064736 0000 065518
1517293781.730627:  1666 001640 0179 000236 3575 003306 2486 002385 3587 003803 1960 002047 0000 000000
1517293781.730709:  1666 001640 0179 000236 3575 003306 2486 002385 3587 003803 1960 002047 0000 000000
1517293781.832549:  1656 001656 0179 000179 3593 003593 2490 002490 3580 003580 1961 001961 0000 000000
1517293781.933369:  1656 001636 0179 000235 3593 003314 2490 002385 3580 003800 1961 002045 0000 000000
1517293781.933445:  1656 001636 0179 000235 3593 003314 2490 002385 3580 003800 1961 002045 0000 000000
1517293782.035406:  1656 065472 0179 065475 3593 000147 2490 000010 3580 000060 1961 064745 0000 065518
1517293782.129629:  1656 001629 0179 000234 3593 003323 2490 002385 3580 003798 1961 002038 0000 000000
1517293782.129692:  1656 001629 0179 000234 3593 003323 2490 002385 3580 003798 1961 002038 0000 000000
1517293782.231591:  1645 001645 0179 000179 3610 003610 2494 002494 3571 003571 1962 001962 0000 000000
1517293782.332383:  1645 001623 0179 000233 3610 003332 2494 002385 3571 003797 1962 002043 0000 000000
1517293782.332457:  1645 001623 0179 000233 3610 003332 2494 002385 3571 003797 1962 002043 0000 000000
1517293782.434168:  1645 065472 0179 065475 3610 000147 2494 000020 3571 000070 1962 064736 0000 065518
1517293782.535009:  1645 001620 0179 000232 3610 003341 2494 002385 3571 003793 1962 002035 0000 000000
1517293782.535102:  1645 001620 0179 000232 3610 003341 2494 002385 3571 003793 1962 002035 0000 000000
1517293782.629636:  1633 001633 0179 000179 3626 003626 2498 002498 3561 003561 1963 001963 0000 000000
1517293782.730447:  1633 001614 0179 000231 3626 003349 2498 002385 3561 003788 1963 002039 0000 000000
1517293782.730519:  1633 001614 0179 000231 3626 003349 2498 002385 3561 003788 1963 002039 0000 000000
1517293782.832529:  1633 065472 0179 065475 3626 000147 2498 000020 3561 000060 1963 064745 0000 065518
1517293782.933488:  1633 001611 0179 000231 3626 003357 2498 002385 3561 003782 1963 002036 0000 000000
1517293782.933550:  1633 001611 0179 000231 3626 003357 2498 002385 3561 003782 1963 002036 0000 000000
1517293783.035320:  1620 001620 0179 000179 3641 003641 2503 002503 3550 003550 1964 001964 0000 000000
1517293783.129632:  1620 001607 0179 000230 3641 003365 2503 002385 3550 003776 1964 002027 0000 000000
1517293783.129738:  1620 001607 0179 000230 3641 003365 2503 002385 3550 003776 1964 002027 0000 000000
1517293783.231457:  1620 065460 0179 065475 3641 000147 2503 000030 3550 000060 1964 064755 0000 065518
1517293783.332305:  1620 001603 0179 000229 3641 003373 2503 002385 3550 003770 1964 002030 0000 000000
1517293783.332394:  1620 001603 0179 000229 3641 003373 2503 002385 3550 003770 1964 002030 0000 000000
1517293783.433971:  1606 001606 0179 000179 3656 003656 2509 002509 3538 003538 1965 001965 0000 000000
1517293783.534807:  1606 001592 0179 000228 3656 003381 2509 002385 3538 003765 1965 002027 0000 000000
1517293783.534914:  1606 001592 0179 000228 3656 003381 2509 002385 3538 003765 1965 002027 0000 000000
1517293783.629638:  1606 065472 0179 065487 3656 000137 2509 000030 3538 000070 1965 064765 0000 065518
1517293783.730344:  1606 001588 0179 000228 3656 003388 2509 002385 3538 003758 1965 002026 0000 000000
1517293783.730404:  1606 001588 0179 000228 3656 003388 2509 002385 3538 003758 1965 002026 0000 000000
1517293783.831918:  1591 001591 0179 000179 3670 003670 2515 002515 3524 003524 1966 001966 0000 000000
1517293783.932762:  1591 001577 0179 000228 3670 003395 2515 002388 3524 003751 1966 002019 0000 000000
1517293783.932854:  1591 001577 0179 000228 3670 003395 2515 002388 3524 003751 1966 002019 0000 000000
1517293784.034508:  1591 065472 0179 065487 3670 000137 2515 000030 3524 000070 1966 064765 0000 065518
1517293784.129637:  1591 001570 0179 000228 3670 003403 2515 002392 3524 003744 1966 002015 0000 000000
1517293784.129706:  1591 001570 0179 000228 3670 003403 2515 002392 3524 003744 1966 002015 0000 000000
1517293784.231310:  1575 001575 0179 000179 3683 003683 2521 002521 3508 003508 1968 001968 0000 000000
1517293784.332127:  1575 001559 0179 000228 3683 003410 2521 002396 3508 003737 1968 002011 0000 000000
1517293784.332200:  1575 001559 0179 000228 3683 003410 2521 002396 3508 003737 1968 002011 0000 000000
1517293784.433712:  1575 065472 0179 065487 3683 000147 2521 000030 3508 000070 1968 064775 0000 065518
1517293784.534505:  1575 001551 0179 000228 3683 003417 2521 002400 3508 003730 1968 002008 0000 000000
1517293784.534562:  1575 001551 0179 000228 3683 003417 2521 002400 3508 003730 1968 002008 0000 000000
1517293784.629637:  1557 001557 0179 000179 3695 003695 2528 002528 3491 003491 1969 001969 0000 000000
1517293784.730496:  1557 001541 0179 000228 3695 003424 2528 002403 3491 003723 1969 002009 0000 000000
1517293784.730573:  1557 001541 0179 000228 3695 003424 2528 002403 3491 003723 1969 002009 0000 000000
1517293784.832316:  1557 065472 0179 065487 3695 000137 2528 000030 3491 000070 1969 064785 0000 065518
1517293784.933107:  1557 001531 0179 000227 3695 003431 2528 002406 3491 003716 1969 002000 0000 000000
1517293784.933184:  1557 001531 0179 000227 3695 003431 2528 002406 3491 003716 1969 002000 0000 000000
1517293785.034874:  1537 001537 0179 000179 3706 003706 2536 002536 3472 003472 1971 001971 0000 000000
1517293785.129633:  1537 001523 0179 000227 3706 003437 2536 002410 3472 003706 1971 001995 0000 000000
1517293785.129711:  1537 001523 0179 000227 3706 003437 2536 002410 3472 003706 1971 001995 0000 000000
1517293785.231248:  1537 065460 0179 065487 3706 000137 2536 000030 3472 000070 1971 064795 0000 065518
1517293785.332150:  1537 001514 0179 000227 3706 003442 2536 002414 3472 003693 1971 001996 0000 000000
1517293785.332244:  1537 001514 0179 000227 3706 003442 2536 002414 3472 003693 1971 001996 0000 000000
1517293785.433843:  1516 001516 0179 000179 3717 003717 2544 002544 3452 003452 1974 001974 0000 000000
1517293785.534729:  1516 001504 0179 000227 3717 003448 2544 002419 3452 003681 1974 001984 0000 000000
1517293785.534845:  1516 001504 0179 000227 3717 003448 2544 002419 3452 003681 1974 001984 0000 000000
1517293785.629632:  1516 065460 0179 065487 3717 000127 2544 000030 3452 000070 1974 064815 0000 065518
1517293785.730393:  1516 001495 0179 000227 3717 003453 2544 002423 3452 003669 1974 001984 0000 000000
1517293785.730469:  1516 001495 0179 000227 3717 003453 2544 002423 3452 003669 1974 001984 0000 000000
1517293785.833719:  1492 001492 0179 000179 3727 003727 2554 002554 3429 003429 1977 001977 0000 000000
1517293785.934377:  1492 001484 0179 000226 3727 003459 2554 002427 3429 003661 1977 001972 0000 000000
1517293785.934429:  1492 001484 0179 000226 3727 003459 2554 002427 3429 003661 1977 001972 0000 000000
1517293786.036370:  1492 065460 0179 065487 3727 000127 2554 000030 3429 000080 1977 064815 0000 065518
1517293786.129615:  1492 001475 0179 000226 3727 003465 2554 002432 3429 003651 1977 001967 0000 000000
1517293786.129708:  1492 001475 0179 000226 3727 003465 2554 002432 3429 003651 1977 001967 0000 000000
