1520212942.984240:  0000 000140 0000 000347 0000 003448 0000 001656 0000 000939 0000 000633 0000 000000
1520212943.544936:  0224 000224 0346 000346 3448 003448 1656 001656 0939 000939 0633 000633 0000 000000
1520212943.605669:  0224 000140 0346 000347 3448 003449 1656 001658 0939 000939 0633 000633 0000 000000
1520212943.605741:  0224 000140 0346 000347 3448 003449 1656 001658 0939 000939 0633 000633 0000 000000
1520212943.667580:  0224 065460 0346 065307 3448 065096 1656 065036 0939 000430 0633 000049 0000 065518
1520212943.728386:  0224 000140 0346 000347 3448 003449 1656 001657 0939 000939 0633 000633 0000 000000
1520212943.728450:  0224 000140 0346 000347 3448 003449 1656 001657 0939 000939 0633 000633 0000 000000
1520212943.790030:  0252 000252 0493 000493 3581 003581 1408 001408 0874 000874 1385 001385 0000 000000
1520212943.850837:  0252 000140 0493 000347 3581 003449 1408 001658 0874 000939 1385 000632 0000 000000
1520212943.850885:  0252 000140 0493 000347 3581 003449 1408 001658 0874 000939 1385 000632 0000 000000
1520212943.912614:  0252 065496 0493 065511 3581 065226 1408 065036 0874 000500 1385 000549 0000 065518
1520212943.973311:  0252 000140 0493 000347 3581 003449 1408 001656 0874 000939 1385 000633 0000 000000
1520212943.973379:  0252 000140 0493 000347 3581 003449 1408 001656 0874 000939 1385 000633 0000 000000
1520212944.034749:  0286 000286 0682 000682 3696 003696 1408 001408 0660 000660 1647 001647 0000 000000
1520212944.095494:  0286 000140 0682 000347 3696 003449 1408 001656 0660 000938 1647 000633 0000 000000
1520212944.095545:  0286 000140 0682 000347 3696 003449 1408 001656 0660 000938 1647 000633 0000 000000
1520212944.157243:  0286 000008 0682 000227 3696 065326 1408 065036 0660 000500 1647 000689 0000 065518
1520212944.218035:  0286 000140 0682 000347 3696 003449 1408 001656 0660 000939 1647 000633 0000 000000
1520212944.218082:  0286 000140 0682 000347 3696 003449 1408 001656 0660 000939 1647 000633 0000 000000
1520212944.279876:  0321 000321 0915 000915 3791 003791 1408 001408 0496 000496 1729 001729 0000 000000
1520212944.340679:  0321 000140 0915 000347 3791 003448 1408 001657 0496 000939 1729 000633 0000 000000
1520212944.340762:  0321 000140 0915 000347 3791 003448 1408 001657 0496 000939 1729 000633 0000 000000
1520212944.402244:  0321 000044 0915 000500 3791 065416 1408 065036 0496 000500 1729 000739 0000 065518
1520212944.462884:  0321 000140 0915 000347 3791 003449 1408 001658 0496 000940 1729 000634 0000 000000
1520212944.462949:  0321 000140 0915 000347 3791 003449 1408 001658 0496 000940 1729 000634 0000 000000
1520212944.524540:  0355 000355 1186 001186 3864 003864 1408 001408 0496 000496 1760 001760 0000 000000
1520212944.585180:  0355 000140 1186 000348 3864 003449 1408 001657 0496 000939 1760 000633 0000 000000
1520212944.585227:  0355 000140 1186 000348 3864 003449 1408 001657 0496 000939 1760 000633 0000 000000
1520212944.646653:  0355 000092 1186 000500 3864 065486 1408 065036 0496 000500 1760 000759 0000 065518
1520212944.707549:  0355 000140 1186 000347 3864 003449 1408 001657 0496 000939 1760 000633 0000 000000
1520212944.707613:  0355 000140 1186 000347 3864 003449 1408 001657 0496 000939 1760 000633 0000 000000
1520212944.769264:  0390 000390 1478 001478 3912 003912 1408 001408 0496 000496 1770 001770 0000 000000
1520212944.830078:  0390 000140 1478 000347 3912 003449 1408 001657 0496 000939 1770 000633 0000 000000
1520212944.830128:  0390 000140 1478 000347 3912 003449 1408 001657 0496 000939 1770 000633 0000 000000
1520212944.891726:  0390 000128 1478 000500 3912 065506 1408 065036 0496 000500 1770 000759 0000 065518
1520212944.952276:  0390 000140 1478 000347 3912 003448 1408 001656 0496 000939 1770 000633 0000 000000
1520212944.952325:  0390 000140 1478 000347 3912 003448 1408 001656 0496 000939 1770 000633 0000 000000
1520212945.004400:  0424 000424 1764 001764 3931 003931 1408 001408 0496 000496 1770 001770 0000 000000
1520212945.065179:  0424 000140 1764 000348 3931 003449 1408 001657 0496 000939 1770 000632 0000 000000
1520212945.065225:  0424 000140 1764 000348 3931 003449 1408 001657 0496 000939 1770 000632 0000 000000
1520212945.126849:  0424 000176 1764 000500 3931 065516 1408 065036 0496 000500 1770 000759 0000 065518
1520212945.187541:  0424 000140 1764 000348 3931 003449 1408 001657 0496 000939 1770 000633 0000 000000
1520212945.187601:  0424 000140 1764 000348 3931 003449 1408 001657 0496 000939 1770 000633 0000 000000
1520212945.249128:  0457 000457 2021 002021 3922 003922 1408 001408 0496 000496 1763 001763 0000 000000
1520212945.309935:  0457 000140 2021 000347 3922 003449 1408 001657 0496 000939 1763 000633 0000 000000
1520212945.309982:  0457 000140 2021 000347 3922 003449 1408 001657 0496 000939 1763 000633 0000 000000
1520212945.371577:  0457 000212 2021 000500 3922 065486 1408 065036 0496 000500 1763 000749 0000 065518
1520212945.432356:  0457 000140 2021 000347 3922 003449 1408 001656 0496 000939 1763 000633 0000 000000
1520212945.432421:  0457 000140 2021 000347 3922 003449 1408 001656 0496 000939 1763 000633 0000 000000
1520212945.484128:  0490 000490 2238 002238 3883 003883 1408 001408 0496 000496 1753 001753 0000 000000
1520212945.544810:  0490 000140 2238 000347 3883 003449 1408 001658 0496 000939 1753 000633 0000 000000
1520212945.544875:  0490 000140 2238 000347 3883 003449 1408 001658 0496 000939 1753 000633 0000 000000
1520212945.606615:  0490 000248 2238 000500 3883 065436 1408 065036 0496 000500 1753 000739 0000 065518
1520212945.667465:  0490 000140 2238 000348 3883 003449 1408 001657 0496 000939 1753 000633 0000 000000
1520212945.667527:  0490 000140 2238 000348 3883 003449 1408 001657 0496 000939 1753 000633 0000 000000
1520212945.729105:  0523 000523 2419 002419 3819 003819 1408 001408 0496 000496 1741 001741 0000 000000
1520212945.789939:  0523 000140 2419 000347 3819 003448 1408 001656 0496 000939 1741 000633 0000 000000
1520212945.789987:  0523 000140 2419 000347 3819 003448 1408 001656 0496 000939 1741 000633 0000 000000
1520212945.851433:  0523 000284 2419 000500 3819 065356 1408 065036 0496 000500 1741 000729 0000 065518
1520212945.912274:  0523 000140 2419 000347 3819 003449 1408 001657 0496 000939 1741 000634 0000 000000
1520212945.912340:  0523 000140 2419 000347 3819 003449 1408 001657 0496 000939 1741 000634 0000 000000
1520212945.973990:  0555 000555 2570 002570 3731 003731 1408 001408 0496 000496 1727 001727 0000 000000
1520212946.034824:  0555 000140 2570 000347 3731 003449 1408 001656 0496 000939 1727 000633 0000 000000
1520212946.034881:  0555 000140 2570 000347 3731 003449 1408 001656 0496 000939 1727 000633 0000 000000
1520212946.096401:  0555 000332 2570 000500 3731 065266 1408 065036 0496 000500 1727 000709 0000 065518
1520212946.157169:  0555 000140 2570 000347 3731 003449 1408 001656 0496 000939 1727 000633 0000 000000
1520212946.157216:  0555 000140 2570 000347 3731 003449 1408 001656 0496 000939 1727 000633 0000 000000
1520212946.218920:  0586 000586 2701 002701 3622 003622 1408 001408 0496 000496 1713 001713 0000 000000
1520212946.279753:  0586 000140 2701 000347 3622 003449 1408 001656 0496 000939 1713 000633 0000 000000
1520212946.279834:  0586 000140 2701 000347 3622 003449 1408 001656 0496 000939 1713 000633 0000 000000
1520212946.341363:  0586 000368 2701 000500 3622 065146 1408 065036 0496 000500 1713 000699 0000 065518
1520212946.402109:  0586 000140 2701 000347 3622 003448 1408 001656 0496 000940 1713 000634 0000 000000
1520212946.402177:  0586 000140 2701 000347 3622 003448 1408 001656 0496 000940 1713 000634 0000 000000
1520212946.463963:  0616 000616 2818 002818 3494 003494 1408 001408 0496 000496 1700 001700 0000 000000
1520212946.524589:  0616 000140 2818 000347 3494 003449 1408 001657 0496 000939 1700 000633 0000 000000
1520212946.524636:  0616 000140 2818 000347 3494 003449 1408 001657 0496 000939 1700 000633 0000 000000
1520212946.586347:  0616 000404 2818 000500 3494 065036 1408 065036 0496 000500 1700 000689 0000 065518
1520212946.647106:  0616 000140 2818 000347 3494 003449 1408 001657 0496 000939 1700 000633 0000 000000
1520212946.647155:  0616 000140 2818 000347 3494 003449 1408 001657 0496 000939 1700 000633 0000 000000
1520212946.708787:  0646 000646 2925 002925 3350 003350 1408 001408 0496 000496 1686 001686 0000 000000
1520212946.769592:  0646 000140 2925 000347 3350 003449 1408 001657 0496 000939 1686 000633 0000 000000
1520212946.769642:  0646 000140 2925 000347 3350 003449 1408 001657 0496 000939 1686 000633 0000 000000
1520212946.831440:  0646 000440 2925 000500 3350 065036 1408 065036 0496 000500 1686 000669 0000 065518
1520212946.892192:  0646 000140 2925 000347 3350 003449 1408 001657 0496 000939 1686 000634 0000 000000
1520212946.892242:  0646 000140 2925 000347 3350 003449 1408 001657 0496 000939 1686 000634 0000 000000
1520212946.953902:  0674 000674 3024 003024 3189 003189 1408 001408 0496 000496 1673 001673 0000 000000
1520212947.014535:  0674 000140 3024 000347 3189 003449 1408 001656 0496 000939 1673 000634 0000 000000
1520212947.014585:  0674 000140 3024 000347 3189 003449 1408 001656 0496 000939 1673 000634 0000 000000
1520212947.076108:  0674 000464 3024 000500 3189 065036 1408 065036 0496 000500 1673 000659 0000 065518
1520212947.136841:  0674 000140 3024 000347 3189 003449 1408 001656 0496 000939 1673 000633 0000 000000
1520212947.136890:  0674 000140 3024 000347 3189 003449 1408 001656 0496 000939 1673 000633 0000 000000
1520212947.198425:  0702 000702 3117 003117 3015 003015 1408 001408 0496 000496 1661 001661 0000 000000
1520212947.259053:  0702 000140 3117 000347 3015 003449 1408 001656 0496 000939 1661 000633 0000 000000
1520212947.259103:  0702 000140 3117 000347 3015 003449 1408 001656 0496 000939 1661 000633 0000 000000
1520212947.320472:  0702 000500 3117 000500 3015 065036 1408 065036 0496 000500 1661 000649 0000 065518
1520212947.381281:  0702 000140 3117 000348 3015 003449 1408 001656 0496 000939 1661 000633 0000 000000
1520212947.381376:  0702 000140 3117 000348 3015 003449 1408 001656 0496 000939 1661 000633 0000 000000
1520212947.442887:  0729 000729 3207 003207 2827 002827 1408 001408 0496 000496 1649 001649 0000 000000
1520212947.494333:  0729 000140 3207 000347 2827 003449 1408 001656 0496 000939 1649 000633 0000 000000
1520212947.494396:  0729 000140 3207 000347 2827 003449 1408 001656 0496 000939 1649 000633 0000 000000
1520212947.555953:  0729 000500 3207 000500 2827 065036 1408 065036 0496 000500 1649 000639 0000 065518
1520212947.616761:  0729 000140 3207 000347 2827 003448 1408 001656 0496 000939 1649 000633 0000 000000
1520212947.616826:  0729 000140 3207 000347 2827 003448 1408 001656 0496 000939 1649 000633 0000 000000
1520212947.678553:  0755 000755 3293 003293 2627 002627 1408 001408 0496 000496 1638 001638 0000 000000
1520212947.739348:  0755 000140 3293 000347 2627 003449 1408 001657 0496 000939 1638 000633 0000 000000
1520212947.739398:  0755 000140 3293 000347 2627 003449 1408 001657 0496 000939 1638 000633 0000 000000
1520212947.800999:  0755 000500 3293 000500 2627 065036 1408 065036 0496 000500 1638 000619 0000 065518
1520212947.861838:  0755 000140 3293 000364 2627 003449 1408 001657 0496 000939 1638 000633 0000 000000
1520212947.861888:  0755 000140 3293 000364 2627 003449 1408 001657 0496 000939 1638 000633 0000 000000
1520212947.923389:  0781 000781 3377 003377 2417 002417 1408 001408 0496 000496 1627 001627 0000 000000
1520212947.984238:  0781 000140 3377 000347 2417 003449 1408 001657 0496 000939 1627 000633 0000 000000
1520212947.984302:  0781 000140 3377 000347 2417 003449 1408 001657 0496 000939 1627 000633 0000 000000
1520212948.045756:  0781 000500 3377 000500 2417 065036 1408 065036 0496 000500 1627 000609 0000 065518
1520212948.106539:  0781 000140 3377 000348 2417 003449 1408 001657 0496 000939 1627 000634 0000 000000
1520212948.106608:  0781 000140 3377 000348 2417 003449 1408 001657 0496 000939 1627 000634 0000 000000
1520212948.168236:  0805 000805 3458 003458 2196 002196 1408 001408 0496 000496 1617 001617 0000 000000
1520212948.229032:  0805 000140 3458 000347 2196 003449 1408 001657 0496 000940 1617 000633 0000 000000
1520212948.229114:  0805 000140 3458 000347 2196 003449 1408 001657 0496 000940 1617 000633 0000 000000
1520212948.290734:  0805 000500 3458 000500 2196 065036 1408 065036 0496 000500 1617 000599 0000 065518
1520212948.351512:  0805 000140 3458 000347 2196 003453 1408 001657 0496 000939 1617 000633 0000 000000
1520212948.351563:  0805 000140 3458 000347 2196 003453 1408 001657 0496 000939 1617 000633 0000 000000
1520212948.413041:  0829 000829 3537 003537 1968 001968 1408 001408 0496 000496 1608 001608 0000 000000
1520212948.473737:  0829 000140 3537 000347 1968 003448 1408 001657 0496 000939 1608 000633 0000 000000
1520212948.473802:  0829 000140 3537 000347 1968 003448 1408 001657 0496 000939 1608 000633 0000 000000
1520212948.534797:  0829 000500 3537 000500 1968 065036 1408 065036 0496 000500 1608 000599 0000 065518
1520212948.595615:  0829 000140 3537 000347 1968 003449 1408 001656 0496 000939 1608 000633 0000 000000
1520212948.595677:  0829 000140 3537 000347 1968 003449 1408 001656 0496 000939 1608 000633 0000 000000
1520212948.657179:  0852 000852 3615 003615 1732 001732 1408 001408 0496 000496 1599 001599 0000 000000
1520212948.717932:  0852 000140 3615 000347 1732 003448 1408 001657 0496 000939 1599 000633 0000 000000
1520212948.717980:  0852 000140 3615 000347 1732 003448 1408 001657 0496 000939 1599 000633 0000 000000
1520212948.779709:  0852 000500 3615 000500 1732 065036 1408 065036 0496 000500 1599 000589 0000 065518
1520212948.840551:  0852 000140 3615 000347 1732 003449 1408 001657 0496 000939 1599 000633 0000 000000
1520212948.840608:  0852 000140 3615 000347 1732 003449 1408 001657 0496 000939 1599 000633 0000 000000
1520212948.902217:  0875 000875 3691 003691 1489 001489 1408 001408 0496 000496 1590 001590 0000 000000
1520212948.962946:  0875 000140 3691 000347 1489 003449 1408 001657 0496 000939 1590 000633 0000 000000
1520212948.963009:  0875 000140 3691 000347 1489 003449 1408 001657 0496 000939 1590 000633 0000 000000
1520212949.024683:  0875 000500 3691 000500 1489 065036 1408 065036 0496 000500 1590 000579 0000 065518
1520212949.085985:  0875 000140 3691 000347 1489 003449 1408 001657 0496 000939 1590 000633 0000 000000
1520212949.086022:  0875 000140 3691 000347 1489 003449 1408 001657 0496 000939 1590 000633 0000 000000
1520212949.148136:  0896 000896 3765 003765 1242 001242 1408 001408 0496 000496 1582 001582 0000 000000
1520212949.209442:  0896 000140 3765 000348 1242 003449 1408 001657 0496 000939 1582 000633 0000 000000
1520212949.209495:  0896 000140 3765 000348 1242 003449 1408 001657 0496 000939 1582 000633 0000 000000
1520212949.271553:  0896 000500 3765 000500 1242 065036 1408 065036 0496 000500 1582 000569 0000 065518
1520212949.332816:  0896 000140 3765 000347 1242 003448 1408 001657 0496 000939 1582 000633 0000 000000
1520212949.332868:  0896 000140 3765 000347 1242 003448 1408 001657 0496 000939 1582 000633 0000 000000
1520212949.394945:  0917 000917 3838 003838 0992 000992 1408 001408 0496 000496 1575 001575 0000 000000
1520212949.456212:  0917 000140 3838 000347 0992 003449 1408 001657 0496 000939 1575 000633 0000 000000
1520212949.456271:  0917 000140 3838 000347 0992 003449 1408 001657 0496 000939 1575 000633 0000 000000
1520212949.514765:  0917 000500 3838 000500 0992 065036 1408 065036 0496 000500 1575 000559 0000 065518
1520212949.575916:  0917 000140 3838 000347 0992 003449 1408 001657 0496 000939 1575 000633 0000 000000
1520212949.575966:  0917 000140 3838 000347 0992 003449 1408 001657 0496 000939 1575 000633 0000 000000
