1520218917.812705:  0000 001640 0000 000500 0000 003990 0000 002126 0000 002986 0000 001641 0000 000000
1520218918.373272:  0000 065412 0000 000011 0000 000500 0000 065036 0000 000420 0000 064900 0000 065518
1520218918.434108:  0000 001626 0000 000500 0000 003990 0000 002126 0000 002965 0000 001640 0000 000000
1520218918.434156:  0000 001626 0000 000500 0000 003990 0000 002126 0000 002965 0000 001640 0000 000000
1520218918.495835:  1648 001648 0502 000502 3969 003969 2117 002117 2961 002961 1648 001648 0000 000000
1520218918.556486:  1648 001587 0502 000501 3969 003990 2117 002112 2961 002897 1648 001627 0000 000000
1520218918.556559:  1648 001587 0502 000501 3969 003990 2117 002112 2961 002897 1648 001627 0000 000000
1520218918.618128:  1648 065508 0502 000011 3969 000500 2117 065046 2961 000350 1648 064880 0000 065518
1520218918.678854:  1648 001558 0502 000504 3969 003990 2117 002082 2961 002832 1648 001605 0000 000000
1520218918.678904:  1648 001558 0502 000504 3969 003990 2117 002082 2961 002832 1648 001605 0000 000000
1520218918.740555:  1664 001664 0510 000510 3926 003926 2100 002100 2916 002916 1664 001664 0000 000000
1520218918.801337:  1664 001544 0510 000506 3926 003989 2100 002052 2916 002771 1664 001579 0000 000000
1520218918.801390:  1664 001544 0510 000506 3926 003989 2100 002052 2916 002771 1664 001579 0000 000000
1520218918.853035:  1664 000032 0510 000011 3926 000500 2100 065086 2916 000270 1664 065000 0000 065518
1520218918.913798:  1664 001535 0510 000507 3926 003989 2100 002021 2916 002714 1664 001552 0000 000000
1520218918.913852:  1664 001535 0510 000507 3926 003989 2100 002021 2916 002714 1664 001552 0000 000000
1520218918.975388:  1678 001678 0519 000519 3882 003882 2083 002083 2874 002874 1679 001679 0000 000000
1520218919.036186:  1678 001530 0519 000509 3882 003989 2083 001988 2874 002656 1679 001523 0000 000000
1520218919.036272:  1678 001530 0519 000509 3882 003989 2083 001988 2874 002656 1679 001523 0000 000000
1520218919.097904:  1678 000056 0519 000023 3882 000500 2083 065136 2874 000200 1679 065070 0000 065518
1520218919.158740:  1678 001532 0519 000512 3882 003990 2083 001958 2874 002605 1679 001496 0000 000000
1520218919.158817:  1678 001532 0519 000512 3882 003990 2083 001958 2874 002605 1679 001496 0000 000000
1520218919.220422:  1691 001691 0529 000529 3837 003837 2066 002066 2835 002835 1694 001694 0000 000000
1520218919.281162:  1691 001535 0529 000517 3837 003990 2066 001926 2835 002557 1694 001469 0000 000000
1520218919.281233:  1691 001535 0529 000517 3837 003990 2066 001926 2835 002557 1694 001469 0000 000000
1520218919.342847:  1691 000056 0529 000023 3837 000500 2066 065176 2835 000140 1694 065140 0000 065518
1520218919.403462:  1691 001540 0529 000520 3837 003990 2066 001899 2835 002514 1694 001445 0000 000000
1520218919.403512:  1691 001540 0529 000520 3837 003990 2066 001899 2835 002514 1694 001445 0000 000000
1520218919.465195:  1703 001703 0541 000541 3790 003790 2050 002050 2799 002799 1709 001709 0000 000000
1520218919.525754:  1703 001543 0541 000522 3790 003990 2050 001868 2799 002477 1709 001423 0000 000000
1520218919.525804:  1703 001543 0541 000522 3790 003990 2050 001868 2799 002477 1709 001423 0000 000000
1520218919.587509:  1703 000068 0541 000035 3790 000500 2050 065226 2799 000100 1709 065200 0000 065518
1520218919.648084:  1703 001549 0541 000525 3790 003989 2050 001836 2799 002443 1709 001402 0000 000000
1520218919.648132:  1703 001549 0541 000525 3790 003989 2050 001836 2799 002443 1709 001402 0000 000000
1520218919.709704:  1713 001713 0554 000554 3743 003743 2034 002034 2765 002765 1724 001724 0000 000000
1520218919.770243:  1713 001554 0554 000528 3743 003989 2034 001809 2765 002412 1724 001385 0000 000000
1520218919.770275:  1713 001554 0554 000528 3743 003989 2034 001809 2765 002412 1724 001385 0000 000000
1520218919.822712:  1713 000068 0554 000047 3743 000500 2034 065266 2765 000080 1724 065250 0000 065518
1520218919.883257:  1713 001561 0554 000531 3743 003989 2034 001784 2765 002389 1724 001370 0000 000000
1520218919.883336:  1713 001561 0554 000531 3743 003989 2034 001784 2765 002389 1724 001370 0000 000000
1520218919.945071:  1723 001723 0567 000567 3693 003693 2018 002018 2732 002732 1739 001739 0000 000000
1520218920.005689:  1723 001568 0567 000535 3693 003990 2018 001756 2732 002365 1739 001357 0000 000000
1520218920.005793:  1723 001568 0567 000535 3693 003990 2018 001756 2732 002365 1739 001357 0000 000000
1520218920.067560:  1723 000056 0567 000047 3693 000500 2018 065296 2732 000060 1739 065290 0000 065518
1520218920.128117:  1723 001572 0567 000539 3693 003989 2018 001726 2732 002346 1739 001344 0000 000000
1520218920.128166:  1723 001572 0567 000539 3693 003989 2018 001726 2732 002346 1739 001344 0000 000000
1520218920.189913:  1732 001732 0581 000581 3643 003643 2002 002002 2702 002702 1755 001755 0000 000000
1520218920.250483:  1732 001578 0581 000543 3643 003989 2002 001703 2702 002327 1755 001333 0000 000000
1520218920.250529:  1732 001578 0581 000543 3643 003989 2002 001703 2702 002327 1755 001333 0000 000000
1520218920.312190:  1732 000056 0581 000059 3643 000500 2002 065336 2702 000060 1755 065330 0000 065518
1520218920.363129:  1732 001587 0581 000549 3643 003990 2002 001682 2702 002313 1755 001324 0000 000000
1520218920.363179:  1732 001587 0581 000549 3643 003990 2002 001682 2702 002313 1755 001324 0000 000000
1520218920.424890:  1741 001741 0596 000596 3590 003590 1985 001985 2672 002672 1770 001770 0000 000000
1520218920.485484:  1741 001591 0596 000556 3590 003991 1985 001659 2672 002295 1770 001306 0000 000000
1520218920.485532:  1741 001591 0596 000556 3590 003991 1985 001659 2672 002295 1770 001306 0000 000000
1520218920.547371:  1741 000056 0596 000059 3590 000500 1985 065366 2672 000050 1770 065360 0000 065518
1520218920.607938:  1741 001596 0596 000561 3590 003991 1985 001636 2672 002277 1770 001305 0000 000000
1520218920.607985:  1741 001596 0596 000561 3590 003991 1985 001636 2672 002277 1770 001305 0000 000000
1520218920.669760:  1749 001749 0611 000611 3537 003537 1969 001969 2644 002644 1786 001786 0000 000000
1520218920.730299:  1749 001601 0611 000568 3537 003989 1969 001610 2644 002260 1786 001297 0000 000000
1520218920.730344:  1749 001601 0611 000568 3537 003989 1969 001610 2644 002260 1786 001297 0000 000000
1520218920.791997:  1749 000056 0611 000059 3537 000500 1969 065396 2644 000050 1786 065400 0000 065518
1520218920.842819:  1749 001605 0611 000574 3537 003990 1969 001590 2644 002248 1786 001289 0000 000000
1520218920.842872:  1749 001605 0611 000574 3537 003990 1969 001590 2644 002248 1786 001289 0000 000000
1520218920.904391:  1756 001756 0627 000627 3482 003482 1952 001952 2617 002617 1803 001803 0000 000000
1520218920.964941:  1756 001610 0627 000580 3482 003990 1952 001571 2617 002237 1803 001283 0000 000000
1520218920.965002:  1756 001610 0627 000580 3482 003990 1952 001571 2617 002237 1803 001283 0000 000000
1520218921.026797:  1756 000044 0627 000071 3482 000500 1952 065416 2617 000050 1803 065430 0000 065518
1520218921.087380:  1756 001614 0627 000587 3482 003990 1952 001551 2617 002224 1803 001276 0000 000000
1520218921.087421:  1756 001614 0627 000587 3482 003990 1952 001551 2617 002224 1803 001276 0000 000000
1520218921.149298:  1763 001763 0644 000644 3426 003426 1935 001935 2591 002591 1819 001819 0000 000000
1520218921.209835:  1763 001619 0644 000594 3426 003990 1935 001530 2591 002210 1819 001269 0000 000000
1520218921.209883:  1763 001619 0644 000594 3426 003990 1935 001530 2591 002210 1819 001269 0000 000000
1520218921.271789:  1763 000044 0644 000071 3426 000500 1935 065436 2591 000050 1819 065460 0000 065518
1520218921.322711:  1763 001620 0644 000601 3426 003990 1935 001512 2591 002198 1819 001263 0000 000000
1520218921.322762:  1763 001620 0644 000601 3426 003990 1935 001512 2591 002198 1819 001263 0000 000000
1520218921.384515:  1769 001769 0661 000661 3369 003369 1918 001918 2566 002566 1837 001837 0000 000000
1520218921.445064:  1769 001618 0661 000608 3369 003990 1918 001496 2566 002187 1837 001257 0000 000000
1520218921.445112:  1769 001618 0661 000608 3369 003990 1918 001496 2566 002187 1837 001257 0000 000000
1520218921.506790:  1769 000056 0661 000071 3369 000500 1918 065456 2566 000050 1837 065490 0000 065518
1520218921.567362:  1769 001620 0661 000615 3369 003990 1918 001478 2566 002175 1837 001251 0000 000000
1520218921.567410:  1769 001620 0661 000615 3369 003990 1918 001478 2566 002175 1837 001251 0000 000000
1520218921.629261:  1775 001775 0679 000679 3310 003310 1900 001900 2542 002542 1854 001854 0000 000000
1520218921.689833:  1775 001621 0679 000623 3310 003990 1900 001461 2542 002161 1854 001244 0000 000000
1520218921.689879:  1775 001621 0679 000623 3310 003990 1900 001461 2542 002161 1854 001244 0000 000000
1520218921.751719:  1775 000056 0679 000083 3310 000500 1900 065466 2542 000050 1854 065520 0000 065518
1520218921.812329:  1775 001622 0679 000631 3310 003990 1900 001440 2542 002151 1854 001239 0000 000000
1520218921.812376:  1775 001622 0679 000631 3310 003990 1900 001440 2542 002151 1854 001239 0000 000000
1520218921.874074:  1781 001781 0697 000697 3251 003251 1882 001882 2520 002520 1872 001872 0000 000000
1520218921.934651:  1781 001625 0697 000641 3251 003990 1882 001431 2520 002139 1872 001233 0000 000000
1520218921.934698:  1781 001625 0697 000641 3251 003990 1882 001431 2520 002139 1872 001233 0000 000000
1520218921.996338:  1781 000056 0697 000083 3251 000500 1882 065486 2520 000050 1872 000014 0000 065518
1520218922.056835:  1781 001628 0697 000650 3251 003990 1882 001416 2520 002127 1872 001226 0000 000000
1520218922.056910:  1781 001628 0697 000650 3251 003990 1882 001416 2520 002127 1872 001226 0000 000000
1520218922.118667:  1786 001786 0716 000716 3190 003190 1863 001863 2498 002498 1890 001890 0000 000000
1520218922.179246:  1786 001629 0716 000657 3190 003991 1863 001405 2498 002118 1890 001221 0000 000000
1520218922.179298:  1786 001629 0716 000657 3190 003991 1863 001405 2498 002118 1890 001221 0000 000000
1520218922.240910:  1786 000068 0716 000083 3190 000500 1863 065486 2498 000050 1890 000044 0000 065518
1520218922.301563:  1786 001628 0716 000658 3190 003990 1863 001404 2498 002114 1890 001216 0000 000000
1520218922.301610:  1786 001628 0716 000658 3190 003990 1863 001404 2498 002114 1890 001216 0000 000000
1520218922.363022:  1791 001791 0735 000735 3127 003127 1844 001844 2477 002477 1909 001909 0000 000000
1520218922.423648:  1791 001624 0735 000659 3127 003990 1844 001402 2477 002107 1909 001212 0000 000000
1520218922.423696:  1791 001624 0735 000659 3127 003990 1844 001402 2477 002107 1909 001212 0000 000000
1520218922.485414:  1791 000080 0735 000107 3127 000500 1844 065466 2477 000060 1909 000064 0000 065518
1520218922.545930:  1791 001620 0735 000660 3127 003989 1844 001401 2477 002101 1909 001210 0000 000000
1520218922.545977:  1791 001620 0735 000660 3127 003989 1844 001401 2477 002101 1909 001210 0000 000000
1520218922.607698:  1796 001796 0754 000754 3064 003064 1825 001825 2456 002456 1928 001928 0000 000000
1520218922.668243:  1796 001617 0754 000661 3064 003989 1825 001401 2456 002098 1928 001207 0000 000000
1520218922.668292:  1796 001617 0754 000661 3064 003989 1825 001401 2456 002098 1928 001207 0000 000000
1520218922.729979:  1796 000092 0754 000131 3064 000500 1825 065446 2456 000070 1928 000094 0000 065518
1520218922.790572:  1796 001616 0754 000662 3064 003990 1825 001402 2456 002097 1928 001205 0000 000000
1520218922.790619:  1796 001616 0754 000662 3064 003990 1825 001402 2456 002097 1928 001205 0000 000000
1520218922.842819:  1800 001800 0774 000774 2999 002999 1805 001805 2437 002437 1948 001948 0000 000000
1520218922.903380:  1800 001614 0774 000662 2999 003989 1805 001401 2437 002096 1948 001204 0000 000000
1520218922.903425:  1800 001614 0774 000662 2999 003989 1805 001401 2437 002096 1948 001204 0000 000000
1520218922.965289:  1800 000092 0774 000155 2999 000500 1805 065426 2437 000090 1948 000114 0000 065518
1520218923.025928:  1800 001614 0774 000662 2999 003991 1805 001402 2437 002097 1948 001203 0000 000000
1520218923.025974:  1800 001614 0774 000662 2999 003991 1805 001402 2437 002097 1948 001203 0000 000000
1520218923.087643:  1805 001805 0795 000795 2934 002934 1785 001785 2419 002419 1968 001968 0000 000000
1520218923.148205:  1805 001615 0795 000663 2934 003990 1785 001402 2419 002097 1968 001203 0000 000000
1520218923.148251:  1805 001615 0795 000663 2934 003990 1785 001402 2419 002097 1968 001203 0000 000000
1520218923.209993:  1805 000104 0795 000179 2934 000500 1785 065406 2419 000110 1968 000134 0000 065518
1520218923.270557:  1805 001614 0795 000662 2934 003990 1785 001401 2419 002096 1968 001203 0000 000000
1520218923.270604:  1805 001614 0795 000662 2934 003990 1785 001401 2419 002096 1968 001203 0000 000000
1520218923.322709:  1809 001809 0815 000815 2867 002867 1764 001764 2402 002402 1989 001989 0000 000000
1520218923.383300:  1809 001614 0815 000658 2867 003990 1764 001401 2402 002097 1989 001202 0000 000000
1520218923.383349:  1809 001614 0815 000658 2867 003990 1764 001401 2402 002097 1989 001202 0000 000000
1520218923.445206:  1809 000104 0815 000203 2867 000500 1764 065386 2402 000130 1989 000154 0000 065518
1520218923.505761:  1809 001614 0815 000662 2867 003989 1764 001400 2402 002097 1989 001203 0000 000000
1520218923.505793:  1809 001614 0815 000662 2867 003989 1764 001400 2402 002097 1989 001203 0000 000000
1520218923.567430:  1812 001812 0837 000837 2799 002799 1743 001743 2385 002385 2010 002010 0000 000000
1520218923.628019:  1812 001614 0837 000662 2799 003989 1743 001401 2385 002096 2010 001202 0000 000000
1520218923.628068:  1812 001614 0837 000662 2799 003989 1743 001401 2385 002096 2010 001202 0000 000000
1520218923.689825:  1812 000104 0837 000227 2799 000500 1743 065356 2385 000140 2010 000174 0000 065518
1520218923.750358:  1812 001615 0837 000663 2799 003990 1743 001402 2385 002097 2010 001202 0000 000000
1520218923.750403:  1812 001615 0837 000663 2799 003990 1743 001402 2385 002097 2010 001202 0000 000000
1520218923.812049:  1816 001816 0859 000859 2731 002731 1721 001721 2370 002370 2032 002032 0000 000000
1520218923.863102:  1816 001614 0859 000663 2731 003990 1721 001401 2370 002097 2032 001202 0000 000000
1520218923.863150:  1816 001614 0859 000663 2731 003990 1721 001401 2370 002097 2032 001202 0000 000000
1520218923.924855:  1816 000116 0859 000251 2731 000500 1721 065336 2370 000160 2032 000204 0000 065518
1520218923.985392:  1816 001614 0859 000663 2731 003989 1721 001401 2370 002096 2032 001202 0000 000000
1520218923.985441:  1816 001614 0859 000663 2731 003989 1721 001401 2370 002096 2032 001202 0000 000000
1520218924.047051:  1819 001819 0881 000881 2661 002661 1698 001698 2356 002356 2055 002055 0000 000000
1520218924.107622:  1819 001615 0881 000663 2661 003990 1698 001402 2356 002097 2055 001202 0000 000000
1520218924.107651:  1819 001615 0881 000663 2661 003990 1698 001402 2356 002097 2055 001202 0000 000000
1520218924.169401:  1819 000116 0881 000275 2661 000500 1698 065316 2356 000170 2055 000224 0000 065518
1520218924.229983:  1819 001615 0881 000663 2661 003990 1698 001402 2356 002097 2055 001202 0000 000000
1520218924.230030:  1819 001615 0881 000663 2661 003990 1698 001402 2356 002097 2055 001202 0000 000000
1520218924.291724:  1823 001823 0904 000904 2590 002590 1675 001675 2342 002342 2078 002078 0000 000000
1520218924.342819:  1823 001616 0904 000664 2590 003990 1675 001403 2342 002097 2078 001202 0000 000000
1520218924.342846:  1823 001616 0904 000664 2590 003990 1675 001403 2342 002097 2078 001202 0000 000000
