1517294822.317023:  0000 001749 0000 000285 0000 003269 0000 002472 0000 003596 0000 001945 0000 000000
1517294822.917738:  1748 001748 0284 000284 3269 003269 2472 002472 3596 003596 1944 001944 0000 000000
1517294823.018585:  1748 001742 0284 000275 3269 003265 2472 002473 3596 003624 1944 001949 0000 000000
1517294823.018645:  1748 001742 0284 000275 3269 003265 2472 002473 3596 003624 1944 001949 0000 000000
1517294823.120409:  1748 065472 0284 000011 3269 065413 2472 065446 3596 065436 1944 064805 0000 065518
1517294823.221154:  1748 001733 0284 000279 3269 003198 2472 002473 3596 003680 1944 001965 0000 000000
1517294823.221232:  1748 001733 0284 000279 3269 003198 2472 002473 3596 003680 1944 001965 0000 000000
1517294823.317002:  1756 001756 0308 000308 3222 003222 2468 002468 3587 003587 1942 001942 0000 000000
1517294823.417807:  1756 001728 0308 000284 3222 003141 2468 002472 3587 003726 1942 001987 0000 000000
1517294823.417874:  1756 001728 0308 000284 3222 003141 2468 002472 3587 003726 1942 001987 0000 000000
1517294823.519424:  1756 065496 0308 000035 3222 065483 2468 065446 3587 000000 1942 064765 0000 065518
1517294823.620229:  1756 001726 0308 000291 3222 003098 2468 002474 3587 003761 1942 002008 0000 000000
1517294823.620297:  1756 001726 0308 000291 3222 003098 2468 002474 3587 003761 1942 002008 0000 000000
1517294823.721807:  1764 001764 0331 000331 3174 003174 2465 002465 3577 003577 1940 001940 0000 000000
1517294823.817002:  1764 001725 0331 000299 3174 003057 2465 002461 3577 003777 1940 002015 0000 000000
1517294823.817054:  1764 001725 0331 000299 3174 003057 2465 002461 3577 003777 1940 002015 0000 000000
1517294823.919001:  1764 065508 0331 000047 3174 065503 2465 065446 3577 000040 1940 064736 0000 065518
1517294824.019804:  1764 001727 0331 000305 3174 003029 2465 002449 3577 003782 1940 002028 0000 000000
1517294824.019876:  1764 001727 0331 000305 3174 003029 2465 002449 3577 003782 1940 002028 0000 000000
1517294824.121572:  1770 001770 0354 000354 3124 003124 2461 002461 3566 003566 1938 001938 0000 000000
1517294824.222425:  1770 001732 0354 000314 3124 003000 2461 002438 3566 003783 1938 002032 0000 000000
1517294824.222479:  1770 001732 0354 000314 3124 003000 2461 002438 3566 003783 1938 002032 0000 000000
1517294824.317004:  1770 065496 0354 000047 3124 065513 2461 065466 3566 000060 1938 064736 0000 065518
1517294824.417741:  1770 001738 0354 000324 3124 002974 2461 002431 3566 003782 1938 002033 0000 000000
1517294824.417793:  1770 001738 0354 000324 3124 002974 2461 002431 3566 003782 1938 002033 0000 000000
1517294824.519408:  1777 001777 0377 000377 3073 003073 2458 002458 3553 003553 1936 001936 0000 000000
1517294824.620118:  1777 001739 0377 000333 3073 002947 2458 002425 3553 003776 1936 002031 0000 000000
1517294824.620190:  1777 001739 0377 000333 3073 002947 2458 002425 3553 003776 1936 002031 0000 000000
1517294824.721983:  1777 065508 0377 000059 3073 065513 2458 065476 3553 000060 1936 064736 0000 065518
1517294824.816999:  1777 001740 0377 000344 3073 002921 2458 002418 3553 003773 1936 002031 0000 000000
1517294824.817091:  1777 001740 0377 000344 3073 002921 2458 002418 3553 003773 1936 002031 0000 000000
1517294824.919060:  1783 001783 0401 000401 3020 003020 2455 002455 3540 003540 1933 001933 0000 000000
1517294825.019907:  1783 001744 0401 000354 3020 002897 2455 002413 3540 003764 1933 002025 0000 000000
1517294825.019974:  1783 001744 0401 000354 3020 002897 2455 002413 3540 003764 1933 002025 0000 000000
1517294825.121632:  1783 065496 0401 000059 3020 065513 2455 065486 3540 000060 1933 064736 0000 065518
1517294825.222428:  1783 001750 0401 000365 3020 002872 2455 002409 3540 003755 1933 002020 0000 000000
1517294825.222539:  1783 001750 0401 000365 3020 002872 2455 002409 3540 003755 1933 002020 0000 000000
1517294825.317017:  1788 001788 0425 000425 2966 002966 2452 002452 3525 003525 1930 001930 0000 000000
1517294825.417793:  1788 001755 0425 000378 2966 002846 2452 002407 3525 003750 1930 002024 0000 000000
1517294825.417867:  1788 001755 0425 000378 2966 002846 2452 002407 3525 003750 1930 002024 0000 000000
1517294825.519661:  1788 065496 0425 000059 2966 065503 2452 065486 3525 000060 1930 064736 0000 065518
1517294825.620498:  1788 001759 0425 000388 2966 002816 2452 002402 3525 003740 1930 002013 0000 000000
1517294825.620565:  1788 001759 0425 000388 2966 002816 2452 002402 3525 003740 1930 002013 0000 000000
1517294825.722350:  1793 001793 0449 000449 2911 002911 2449 002449 3509 003509 1928 001928 0000 000000
1517294825.817000:  1793 001764 0449 000400 2911 002789 2449 002417 3509 003735 1928 002009 0000 000000
1517294825.817096:  1793 001764 0449 000400 2911 002789 2449 002417 3509 003735 1928 002009 0000 000000
1517294825.918817:  1793 065496 0449 000059 2911 065503 2449 065496 3509 000070 1928 064736 0000 065518
1517294826.019686:  1793 001766 0449 000411 2911 002760 2449 002396 3509 003725 1928 002005 0000 000000
1517294826.019763:  1793 001766 0449 000411 2911 002760 2449 002396 3509 003725 1928 002005 0000 000000
1517294826.121337:  1798 001798 0473 000473 2854 002854 2446 002446 3492 003492 1925 001925 0000 000000
1517294826.221993:  1798 001768 0473 000423 2854 002732 2446 002395 3492 003716 1925 002000 0000 000000
1517294826.222051:  1798 001768 0473 000423 2854 002732 2446 002395 3492 003716 1925 002000 0000 000000
1517294826.317003:  1798 065496 0473 000059 2854 065503 2446 065496 3492 000070 1925 064745 0000 065518
1517294826.417935:  1798 001770 0473 000434 2854 002705 2446 002393 3492 003709 1925 002002 0000 000000
1517294826.418006:  1798 001770 0473 000434 2854 002705 2446 002393 3492 003709 1925 002002 0000 000000
1517294826.519803:  1803 001803 0497 000497 2796 002796 2444 002444 3473 003473 1922 001922 0000 000000
1517294826.620469:  1803 001772 0497 000446 2796 002674 2444 002390 3473 003699 1922 001991 0000 000000
1517294826.620554:  1803 001772 0497 000446 2796 002674 2444 002390 3473 003699 1922 001991 0000 000000
1517294826.722329:  1803 065496 0497 000059 2796 065503 2444 065496 3473 000070 1922 064736 0000 065518
1517294826.817002:  1803 001773 0497 000457 2796 002646 2444 002387 3473 003688 1922 001984 0000 000000
1517294826.817067:  1803 001773 0497 000457 2796 002646 2444 002387 3473 003688 1922 001984 0000 000000
1517294826.918574:  1807 001807 0522 000522 2737 002737 2441 002441 3454 003454 1919 001919 0000 000000
1517294827.019253:  1807 001775 0522 000469 2737 002620 2441 002384 3454 003680 1919 001986 0000 000000
1517294827.019296:  1807 001775 0522 000469 2737 002620 2441 002384 3454 003680 1919 001986 0000 000000
1517294827.121066:  1807 065496 0522 000059 2737 065503 2441 065496 3454 000070 1919 064755 0000 065518
1517294827.221693:  1807 001776 0522 000480 2737 002588 2441 002379 3454 003668 1919 001976 0000 000000
1517294827.221746:  1807 001776 0522 000480 2737 002588 2441 002379 3454 003668 1919 001976 0000 000000
1517294827.316965:  1811 001811 0547 000547 2676 002676 2438 002438 3434 003434 1916 001916 0000 000000
1517294827.417688:  1811 001778 0547 000495 2676 002560 2438 002379 3434 003661 1916 001976 0000 000000
1517294827.417758:  1811 001778 0547 000495 2676 002560 2438 002379 3434 003661 1916 001976 0000 000000
1517294827.519259:  1811 065496 0547 000059 2676 065503 2438 065496 3434 000070 1916 064755 0000 065518
1517294827.620114:  1811 001779 0547 000509 2676 002529 2438 002375 3434 003650 1916 001972 0000 000000
1517294827.620207:  1811 001779 0547 000509 2676 002529 2438 002375 3434 003650 1916 001972 0000 000000
1517294827.722006:  1815 001815 0572 000572 2614 002614 2435 002435 3413 003413 1912 001912 0000 000000
1517294827.816971:  1815 001781 0572 000523 2614 002499 2435 002375 3413 003640 1912 001962 0000 000000
1517294827.817009:  1815 001781 0572 000523 2614 002499 2435 002375 3413 003640 1912 001962 0000 000000
1517294827.918674:  1815 065496 0572 000059 2614 065503 2435 065506 3413 000070 1912 064765 0000 065518
1517294828.019237:  1815 001783 0572 000535 2614 002469 2435 002374 3413 003632 1912 001962 0000 000000
1517294828.019296:  1815 001783 0572 000535 2614 002469 2435 002374 3413 003632 1912 001962 0000 000000
1517294828.121018:  1819 001819 0597 000597 2551 002551 2432 002432 3391 003391 1909 001909 0000 000000
1517294828.221627:  1819 001786 0597 000547 2551 002439 2432 002374 3391 003620 1909 001951 0000 000000
1517294828.221684:  1819 001786 0597 000547 2551 002439 2432 002374 3391 003620 1909 001951 0000 000000
1517294828.316965:  1819 065496 0597 000059 2551 065503 2432 065496 3391 000070 1909 064775 0000 065518
1517294828.417617:  1819 001787 0597 000559 2551 002409 2432 002374 3391 003612 1909 001949 0000 000000
1517294828.417681:  1819 001787 0597 000559 2551 002409 2432 002374 3391 003612 1909 001949 0000 000000
1517294828.519358:  1822 001822 0623 000623 2487 002487 2429 002429 3368 003368 1905 001905 0000 000000
1517294828.619949:  1822 001789 0623 000572 2487 002375 2429 002374 3368 003599 1905 001946 0000 000000
1517294828.619999:  1822 001789 0623 000572 2487 002375 2429 002374 3368 003599 1905 001946 0000 000000
1517294828.721611:  1822 065496 0623 000059 2487 065493 2429 065496 3368 000070 1905 064785 0000 065518
1517294828.816965:  1822 001791 0623 000584 2487 002342 2429 002371 3368 003585 1905 001936 0000 000000
1517294828.817024:  1822 001791 0623 000584 2487 002342 2429 002371 3368 003585 1905 001936 0000 000000
1517294828.918991:  1826 001826 0649 000649 2422 002422 2426 002426 3344 003344 1901 001901 0000 000000
1517294829.019618:  1826 001792 0649 000596 2422 002311 2426 002371 3344 003574 1901 001931 0000 000000
1517294829.019650:  1826 001792 0649 000596 2422 002311 2426 002371 3344 003574 1901 001931 0000 000000
1517294829.121496:  1826 065496 0649 000083 2422 065493 2426 065496 3344 000070 1901 064785 0000 065518
1517294829.222111:  1826 001793 0649 000612 2422 002278 2426 002371 3344 003564 1901 001925 0000 000000
1517294829.222162:  1826 001793 0649 000612 2422 002278 2426 002371 3344 003564 1901 001925 0000 000000
1517294829.316965:  1829 001829 0676 000676 2356 002356 2423 002423 3318 003318 1897 001897 0000 000000
1517294829.417558:  1829 001795 0676 000625 2356 002247 2423 002370 3318 003552 1897 001922 0000 000000
1517294829.417587:  1829 001795 0676 000625 2356 002247 2423 002370 3318 003552 1897 001922 0000 000000
1517294829.519592:  1829 065496 0676 000059 2356 065493 2423 065496 3318 000070 1897 064795 0000 065518
1517294829.620139:  1829 001797 0676 000623 2356 002215 2423 002370 3318 003537 1897 001914 0000 000000
1517294829.620233:  1829 001797 0676 000623 2356 002215 2423 002370 3318 003537 1897 001914 0000 000000
1517294829.721900:  1832 001832 0703 000703 2289 002289 2420 002420 3293 003293 1893 001893 0000 000000
1517294829.816965:  1832 001802 0703 000654 2289 002181 2420 002367 3293 003522 1893 001906 0000 000000
1517294829.816996:  1832 001802 0703 000654 2289 002181 2420 002367 3293 003522 1893 001906 0000 000000
1517294829.918517:  1832 065496 0703 000059 2289 065483 2420 065496 3293 000070 1893 064805 0000 065518
1517294830.019099:  1832 001805 0703 000666 2289 002149 2420 002365 3293 003510 1893 001900 0000 000000
1517294830.019148:  1832 001805 0703 000666 2289 002149 2420 002365 3293 003510 1893 001900 0000 000000
1517294830.120784:  1835 001835 0730 000730 2221 002221 2416 002416 3266 003266 1889 001889 0000 000000
1517294830.221375:  1835 001806 0730 000679 2221 002115 2416 002364 3266 003493 1889 001896 0000 000000
1517294830.221410:  1835 001806 0730 000679 2221 002115 2416 002364 3266 003493 1889 001896 0000 000000
1517294830.316966:  1835 065484 0730 000059 2221 065493 2416 065496 3266 000070 1889 064815 0000 065518
1517294830.417613:  1835 001806 0730 000693 2221 002082 2416 002362 3266 003482 1889 001890 0000 000000
1517294830.417697:  1835 001806 0730 000693 2221 002082 2416 002362 3266 003482 1889 001890 0000 000000
1517294830.519421:  1838 001838 0758 000758 2152 002152 2413 002413 3238 003238 1885 001885 0000 000000
1517294830.619997:  1838 001807 0758 000707 2152 002046 2413 002361 3238 003470 1885 001880 0000 000000
1517294830.620028:  1838 001807 0758 000707 2152 002046 2413 002361 3238 003470 1885 001880 0000 000000
1517294830.721839:  1838 065496 0758 000059 2152 065483 2413 065496 3238 000080 1885 064815 0000 065518
1517294830.816965:  1838 001808 0758 000721 2152 002011 2413 002360 3238 003458 1885 001876 0000 000000
1517294830.816994:  1838 001808 0758 000721 2152 002011 2413 002360 3238 003458 1885 001876 0000 000000
1517294830.918595:  1840 001840 0786 000786 2082 002082 2410 002410 3209 003209 1880 001880 0000 000000
1517294831.019217:  1840 001809 0786 000735 2082 001977 2410 002359 3209 003442 1880 001867 0000 000000
1517294831.019269:  1840 001809 0786 000735 2082 001977 2410 002359 3209 003442 1880 001867 0000 000000
1517294831.120939:  1840 065496 0786 000059 2082 065483 2410 065496 3209 000080 1880 064825 0000 065518
1517294831.221537:  1840 001810 0786 000748 2082 001943 2410 002358 3209 003426 1880 001860 0000 000000
1517294831.221570:  1840 001810 0786 000748 2082 001943 2410 002358 3209 003426 1880 001860 0000 000000
1517294831.316965:  1843 001843 0815 000815 2011 002011 2406 002406 3179 003179 1875 001875 0000 000000
1517294831.417571:  1843 001810 0815 000763 2011 001899 2406 002356 3179 003410 1875 001854 0000 000000
1517294831.417621:  1843 001810 0815 000763 2011 001899 2406 002356 3179 003410 1875 001854 0000 000000
1517294831.519267:  1843 065496 0815 000059 2011 065483 2406 065486 3179 000070 1875 064835 0000 065518
1517294831.619921:  1843 001812 0815 000778 2011 001872 2406 002356 3179 003394 1875 001844 0000 000000
1517294831.619954:  1843 001812 0815 000778 2011 001872 2406 002356 3179 003394 1875 001844 0000 000000
1517294831.721587:  1845 001845 0844 000844 1940 001940 2402 002402 3149 003149 1870 001870 0000 000000
1517294831.816965:  1845 001813 0844 000793 1940 001837 2402 002354 3149 003379 1870 001836 0000 000000
1517294831.817013:  1845 001813 0844 000793 1940 001837 2402 002354 3149 003379 1870 001836 0000 000000
1517294831.918597:  1845 065496 0844 000059 1940 065483 2402 065486 3149 000070 1870 064845 0000 065518
1517294832.019200:  1845 001814 0844 000808 1940 001801 2402 002351 3149 003366 1870 001829 0000 000000
1517294832.019250:  1845 001814 0844 000808 1940 001801 2402 002351 3149 003366 1870 001829 0000 000000
1517294832.120935:  1848 001848 0873 000873 1867 001867 2398 002398 3117 003117 1865 001865 0000 000000
1517294832.221547:  1848 001815 0873 000822 1867 001766 2398 002351 3117 003350 1865 001822 0000 000000
1517294832.221633:  1848 001815 0873 000822 1867 001766 2398 002351 3117 003350 1865 001822 0000 000000
1517294832.316964:  1848 065496 0873 000059 1867 065483 2398 065486 3117 000080 1865 064845 0000 065518
1517294832.417532:  1848 001815 0873 000836 1867 001730 2398 002347 3117 003335 1865 001815 0000 000000
1517294832.417564:  1848 001815 0873 000836 1867 001730 2398 002347 3117 003335 1865 001815 0000 000000
1517294832.519359:  1850 001850 0903 000903 1794 001794 2394 002394 3084 003084 1859 001859 0000 000000
1517294832.619953:  1850 001817 0903 000852 1794 001693 2394 002346 3084 003318 1859 001808 0000 000000
1517294832.619984:  1850 001817 0903 000852 1794 001693 2394 002346 3084 003318 1859 001808 0000 000000
1517294832.721724:  1850 065496 0903 000059 1794 065483 2394 065486 3084 000080 1859 064865 0000 065518
1517294832.816965:  1850 001818 0903 000867 1794 001656 2394 002343 3084 003301 1859 001800 0000 000000
1517294832.817014:  1850 001818 0903 000867 1794 001656 2394 002343 3084 003301 1859 001800 0000 000000
