1517296298.618831:  0000 001761 0000 002354 0000 001213 0000 002164 0000 001747 0000 001030 0000 000000
1517296299.179558:  0000 065472 0000 000083 0000 065393 0000 065456 0000 065366 0000 064736 0000 065518
1517296299.240307:  0000 001761 0000 002349 0000 001208 0000 002171 0000 001758 0000 001027 0000 000000
1517296299.240375:  0000 001761 0000 002349 0000 001208 0000 002171 0000 001758 0000 001027 0000 000000
1517296299.302166:  1744 001744 2355 002355 1208 001208 2172 002172 1741 001741 1031 001031 0000 000000
1517296299.362996:  1744 001759 2355 002368 1208 001164 2172 002171 1741 001798 1031 001038 0000 000000
1517296299.363062:  1744 001759 2355 002368 1208 001164 2172 002171 1741 001798 1031 001038 0000 000000
1517296299.424685:  1744 065448 2355 000047 1208 065453 2172 065456 1741 065446 1031 064736 0000 065518
1517296299.485408:  1744 001751 2355 002383 1208 001129 2172 002171 1741 001837 1031 001056 0000 000000
1517296299.485481:  1744 001751 2355 002383 1208 001129 2172 002171 1741 001837 1031 001056 0000 000000
1517296299.547080:  1711 001711 2357 002357 1199 001199 2188 002188 1730 001730 1035 001035 0000 000000
1517296299.607855:  1711 001737 2357 002395 1199 001098 2188 002171 1730 001870 1035 001071 0000 000000
1517296299.607928:  1711 001737 2357 002395 1199 001098 2188 002171 1730 001870 1035 001071 0000 000000
1517296299.669339:  1711 065436 2357 000035 1199 065493 2188 065476 1730 065526 1035 064736 0000 065518
1517296299.730113:  1711 001719 2357 002404 1199 001072 2188 002170 1730 001897 1035 001081 0000 000000
1517296299.730187:  1711 001719 2357 002404 1199 001072 2188 002170 1730 001897 1035 001081 0000 000000
1517296299.792086:  1678 001678 2360 002360 1188 001188 2203 002203 1718 001718 1038 001038 0000 000000
1517296299.852903:  1678 001704 2360 002411 1188 001051 2203 002170 1718 001913 1038 001091 0000 000000
1517296299.852971:  1678 001704 2360 002411 1188 001051 2203 002170 1718 001913 1038 001091 0000 000000
1517296299.914764:  1678 065436 2360 000011 1188 065523 2203 065496 1718 000030 1038 064736 0000 065518
1517296299.975637:  1678 001690 2360 002418 1188 001035 2203 002171 1718 001922 1038 001100 0000 000000
1517296299.975704:  1678 001690 2360 002418 1188 001035 2203 002171 1718 001922 1038 001100 0000 000000
1517296300.037595:  1646 001646 2363 002363 1176 001176 2219 002219 1705 001705 1041 001041 0000 000000
1517296300.098385:  1646 001676 2363 002424 1176 001021 2219 002171 1705 001925 1041 001110 0000 000000
1517296300.098453:  1646 001676 2363 002424 1176 001021 2219 002171 1705 001925 1041 001110 0000 000000
1517296300.159168:  1646 065436 2363 065535 1176 000007 2219 065506 1705 000050 1041 064736 0000 065518
1517296300.219859:  1646 001659 2363 002428 1176 001010 2219 002171 1705 001926 1041 001112 0000 000000
1517296300.219910:  1646 001659 2363 002428 1176 001010 2219 002171 1705 001926 1041 001112 0000 000000
1517296300.281592:  1614 001614 2367 002367 1163 001163 2234 002234 1691 001691 1044 001044 0000 000000
1517296300.342393:  1614 001642 2367 002433 1163 000999 2234 002171 1691 001923 1044 001117 0000 000000
1517296300.342479:  1614 001642 2367 002433 1163 000999 2234 002171 1691 001923 1044 001117 0000 000000
1517296300.404263:  1614 065436 2367 065535 1163 000017 2234 065526 1691 000060 1044 064736 0000 065518
1517296300.465081:  1614 001627 2367 002438 1163 000988 2234 002171 1691 001919 1044 001120 0000 000000
1517296300.465146:  1614 001627 2367 002438 1163 000988 2234 002171 1691 001919 1044 001120 0000 000000
1517296300.526960:  1582 001582 2371 002371 1148 001148 2249 002249 1676 001676 1046 001046 0000 000000
1517296300.587614:  1582 001612 2371 002441 1148 000979 2249 002170 1676 001913 1046 001116 0000 000000
1517296300.587686:  1582 001612 2371 002441 1148 000979 2249 002170 1676 001913 1046 001116 0000 000000
1517296300.648982:  1582 065436 2371 065535 1148 000017 2249 000000 1676 000070 1046 064736 0000 065518
1517296300.709777:  1582 001596 2371 002445 1148 000970 2249 002170 1676 001906 1046 001109 0000 000000
1517296300.709829:  1582 001596 2371 002445 1148 000970 2249 002170 1676 001906 1046 001109 0000 000000
1517296300.771445:  1550 001550 2376 002376 1132 001132 2263 002263 1660 001660 1049 001049 0000 000000
1517296300.832157:  1550 001579 2376 002448 1132 000962 2263 002170 1660 001898 1049 001105 0000 000000
1517296300.832210:  1550 001579 2376 002448 1132 000962 2263 002170 1660 001898 1049 001105 0000 000000
1517296300.893825:  1550 065436 2376 065523 1132 000017 2263 000020 1660 000070 1049 064736 0000 065518
1517296300.954664:  1550 001563 2376 002447 1132 000954 2263 002170 1660 001891 1049 001102 0000 000000
1517296300.954731:  1550 001563 2376 002447 1132 000954 2263 002170 1660 001891 1049 001102 0000 000000
1517296301.016367:  1519 001519 2381 002381 1115 001115 2277 002277 1643 001643 1051 001051 0000 000000
1517296301.077193:  1519 001548 2381 002455 1115 000947 2277 002170 1643 001883 1051 001099 0000 000000
1517296301.077256:  1519 001548 2381 002455 1115 000947 2277 002170 1643 001883 1051 001099 0000 000000
1517296301.128838:  1519 065436 2381 065523 1115 000017 2277 000030 1643 000070 1051 064736 0000 065518
1517296301.189596:  1519 001534 2381 002457 1115 000940 2277 002176 1643 001875 1051 001097 0000 000000
1517296301.189662:  1519 001534 2381 002457 1115 000940 2277 002176 1643 001875 1051 001097 0000 000000
1517296301.251446:  1488 001488 2386 002386 1096 001096 2292 002292 1625 001625 1054 001054 0000 000000
1517296301.312223:  1488 001519 2386 002460 1096 000932 2292 002183 1625 001868 1054 001092 0000 000000
1517296301.312311:  1488 001519 2386 002460 1096 000932 2292 002183 1625 001868 1054 001092 0000 000000
1517296301.374239:  1488 065436 2386 065523 1096 000007 2292 000030 1625 000070 1054 064736 0000 065518
1517296301.434976:  1488 001502 2386 002464 1096 000923 2292 002190 1625 001860 1054 001089 0000 000000
1517296301.435046:  1488 001502 2386 002464 1096 000923 2292 002190 1625 001860 1054 001089 0000 000000
1517296301.497069:  1458 001458 2392 002392 1076 001076 2306 002306 1607 001607 1056 001056 0000 000000
1517296301.557847:  1458 001487 2392 002467 1076 000914 2306 002196 1607 001853 1056 001088 0000 000000
1517296301.557901:  1458 001487 2392 002467 1076 000914 2306 002196 1607 001853 1056 001088 0000 000000
1517296301.618807:  1458 065436 2392 065523 1076 000007 2306 000030 1607 000080 1056 064736 0000 065518
1517296301.679639:  1458 001472 2392 002470 1076 000905 2306 002202 1607 001843 1056 001083 0000 000000
1517296301.679713:  1458 001472 2392 002470 1076 000905 2306 002202 1607 001843 1056 001083 0000 000000
1517296301.741312:  1428 001428 2399 002399 1055 001055 2320 002320 1587 001587 1058 001058 0000 000000
1517296301.802050:  1428 001456 2399 002473 1055 000899 2320 002209 1587 001831 1058 001082 0000 000000
1517296301.802104:  1428 001456 2399 002473 1055 000899 2320 002209 1587 001831 1058 001082 0000 000000
1517296301.863515:  1428 065436 2399 065523 1055 000007 2320 000030 1587 000070 1058 064736 0000 065518
1517296301.924260:  1428 001440 2399 002477 1055 000886 2320 002216 1587 001820 1058 001078 0000 000000
1517296301.924328:  1428 001440 2399 002477 1055 000886 2320 002216 1587 001820 1058 001078 0000 000000
1517296301.985878:  1398 001398 2405 002405 1032 001032 2334 002334 1567 001567 1061 001061 0000 000000
1517296302.046719:  1398 001423 2405 002480 1032 000875 2334 002223 1567 001810 1061 001069 0000 000000
1517296302.046817:  1398 001423 2405 002480 1032 000875 2334 002223 1567 001810 1061 001069 0000 000000
1517296302.108621:  1398 065436 2405 065523 1032 000007 2334 000030 1567 000070 1061 064736 0000 065518
1517296302.169351:  1398 001408 2405 002483 1032 000864 2334 002229 1567 001799 1061 001060 0000 000000
1517296302.169450:  1398 001408 2405 002483 1032 000864 2334 002229 1567 001799 1061 001060 0000 000000
1517296302.231217:  1369 001369 2413 002413 1009 001009 2349 002349 1546 001546 1064 001064 0000 000000
1517296302.292009:  1369 001393 2413 002486 1009 000854 2349 002235 1546 001788 1064 001055 0000 000000
1517296302.292075:  1369 001393 2413 002486 1009 000854 2349 002235 1546 001788 1064 001055 0000 000000
1517296302.353948:  1369 065436 2413 065523 1009 065533 2349 000030 1546 000070 1064 064746 0000 065518
1517296302.414728:  1369 001377 2413 002490 1009 000843 2349 002242 1546 001778 1064 001052 0000 000000
1517296302.414806:  1369 001377 2413 002490 1009 000843 2349 002242 1546 001778 1064 001052 0000 000000
1517296302.476718:  1341 001341 2421 002421 0984 000984 2363 002363 1523 001523 1067 001067 0000 000000
1517296302.537491:  1341 001362 2421 002493 0984 000832 2363 002250 1523 001767 1067 001050 0000 000000
1517296302.537561:  1341 001362 2421 002493 0984 000832 2363 002250 1523 001767 1067 001050 0000 000000
1517296302.599328:  1341 065448 2421 065535 0984 065533 2363 000040 1523 000070 1067 064756 0000 065518
1517296302.659142:  1341 001348 2421 002496 0984 000820 2363 002256 1523 001758 1067 001047 0000 000000
1517296302.659194:  1341 001348 2421 002496 0984 000820 2363 002256 1523 001758 1067 001047 0000 000000
1517296302.720917:  1312 001312 2429 002429 0958 000958 2379 002379 1500 001500 1071 001071 0000 000000
1517296302.781708:  1312 001333 2429 002500 0958 000810 2379 002263 1500 001747 1071 001041 0000 000000
1517296302.781777:  1312 001333 2429 002500 0958 000810 2379 002263 1500 001747 1071 001041 0000 000000
1517296302.843484:  1312 065448 2429 065535 0958 065533 2379 000040 1500 000080 1071 064766 0000 065518
1517296302.904239:  1312 001317 2429 002503 0958 000798 2379 002270 1500 001743 1071 001034 0000 000000
1517296302.904319:  1312 001317 2429 002503 0958 000798 2379 002270 1500 001743 1071 001034 0000 000000
1517296302.965997:  1285 001285 2438 002438 0931 000931 2395 002395 1476 001476 1076 001076 0000 000000
1517296303.026784:  1285 001300 2438 002507 0931 000787 2395 002275 1476 001722 1076 001025 0000 000000
1517296303.026840:  1285 001300 2438 002507 0931 000787 2395 002275 1476 001722 1076 001025 0000 000000
1517296303.088377:  1285 065448 2438 065535 0931 065523 2395 000040 1476 000080 1076 064796 0000 065518
1517296303.149009:  1285 001288 2438 002511 0931 000776 2395 002284 1476 001712 1076 001019 0000 000000
1517296303.149102:  1285 001288 2438 002511 0931 000776 2395 002284 1476 001712 1076 001019 0000 000000
1517296303.210675:  1257 001257 2448 002448 0902 000902 2412 002412 1451 001451 1082 001082 0000 000000
1517296303.271451:  1257 001276 2448 002515 0902 000766 2412 002293 1451 001700 1082 001012 0000 000000
1517296303.271546:  1257 001276 2448 002515 0902 000766 2412 002293 1451 001700 1082 001012 0000 000000
1517296303.332976:  1257 065448 2448 065535 0902 065513 2412 000040 1451 000080 1082 064806 0000 065518
1517296303.393751:  1257 001267 2448 002519 0902 000752 2412 002301 1451 001691 1082 001010 0000 000000
1517296303.393830:  1257 001267 2448 002519 0902 000752 2412 002301 1451 001691 1082 001010 0000 000000
1517296303.455494:  1230 001230 2458 002458 0873 000873 2431 002431 1425 001425 1090 001090 0000 000000
1517296303.516326:  1230 001254 2458 002523 0873 000737 2431 002309 1425 001683 1090 001004 0000 000000
1517296303.516386:  1230 001254 2458 002523 0873 000737 2431 002309 1425 001683 1090 001004 0000 000000
1517296303.577965:  1230 065448 2458 065535 0873 065513 2431 000040 1425 000090 1090 064816 0000 065518
1517296303.628873:  1230 001237 2458 002527 0873 000721 2431 002318 1425 001672 1090 001004 0000 000000
1517296303.628969:  1230 001237 2458 002527 0873 000721 2431 002318 1425 001672 1090 001004 0000 000000
1517296303.690515:  1204 001204 2469 002469 0842 000842 2452 002452 1399 001399 1099 001099 0000 000000
1517296303.751250:  1204 001220 2469 002530 0842 000707 2452 002327 1399 001657 1099 000991 0000 000000
1517296303.751330:  1204 001220 2469 002530 0842 000707 2452 002327 1399 001657 1099 000991 0000 000000
1517296303.812987:  1204 065448 2469 000011 0842 065513 2452 000050 1399 000090 1099 064846 0000 065518
1517296303.873772:  1204 001206 2469 002536 0842 000692 2452 002334 1399 001641 1099 000987 0000 000000
1517296303.873828:  1204 001206 2469 002536 0842 000692 2452 002334 1399 001641 1099 000987 0000 000000
1517296303.935651:  1178 001178 2480 002480 0811 000811 2477 002477 1371 001371 1112 001112 0000 000000
1517296303.996439:  1178 001195 2480 002540 0811 000676 2477 002344 1371 001625 1112 000984 0000 000000
1517296303.996504:  1178 001195 2480 002540 0811 000676 2477 002344 1371 001625 1112 000984 0000 000000
1517296304.058090:  1178 065448 2480 000011 0811 065513 2477 000060 1371 000090 1112 064876 0000 065518
1517296304.118791:  1178 001183 2480 002545 0811 000661 2477 002354 1371 001609 1112 000977 0000 000000
1517296304.118880:  1178 001183 2480 002545 0811 000661 2477 002354 1371 001609 1112 000977 0000 000000
1517296304.180420:  1152 001152 2493 002493 0778 000778 2507 002507 1343 001343 1130 001130 0000 000000
1517296304.241231:  1152 001170 2493 002549 0778 000645 2507 002363 1343 001594 1130 000966 0000 000000
1517296304.241294:  1152 001170 2493 002549 0778 000645 2507 002363 1343 001594 1130 000966 0000 000000
1517296304.302958:  1152 065448 2493 000011 0778 065513 2507 000070 1343 000080 1130 064906 0000 065518
1517296304.363743:  1152 001157 2493 002554 0778 000630 2507 002373 1343 001582 1130 000961 0000 000000
1517296304.363863:  1152 001157 2493 002554 0778 000630 2507 002373 1343 001582 1130 000961 0000 000000
1517296304.425622:  1127 001127 2505 002505 0744 000744 2548 002548 1314 001314 1156 001156 0000 000000
1517296304.486478:  1127 001146 2505 002559 0744 000614 2548 002387 1314 001567 1156 000950 0000 000000
1517296304.486538:  1127 001146 2505 002559 0744 000614 2548 002387 1314 001567 1156 000950 0000 000000
1517296304.548196:  1127 065448 2505 000011 0744 065513 2548 000100 1314 000090 1156 064966 0000 065518
1517296304.609020:  1127 001134 2505 002565 0744 000598 2548 002401 1314 001552 1156 000941 0000 000000
1517296304.609094:  1127 001134 2505 002565 0744 000598 2548 002401 1314 001552 1156 000941 0000 000000
1517296304.669280:  1103 001103 2519 002519 0710 000710 2606 002606 1285 001285 1198 001198 0000 000000
1517296304.730047:  1103 001123 2519 002570 0710 000581 2606 002416 1285 001536 1198 000934 0000 000000
1517296304.730128:  1103 001123 2519 002570 0710 000581 2606 002416 1285 001536 1198 000934 0000 000000
1517296304.792029:  1103 065448 2519 000023 0710 065513 2606 000140 1285 000080 1198 065026 0000 065518
1517296304.852867:  1103 001112 2519 002577 0710 000565 2606 002432 1285 001520 1198 000931 0000 000000
1517296304.852934:  1103 001112 2519 002577 0710 000565 2606 002432 1285 001520 1198 000931 0000 000000
1517296304.914494:  1079 001079 2534 002534 0674 000674 2702 002702 1255 001255 1273 001273 0000 000000
1517296304.975349:  1079 001098 2534 002583 0674 000547 2702 002455 1255 001505 1273 000927 0000 000000
1517296304.975417:  1079 001098 2534 002583 0674 000547 2702 002455 1255 001505 1273 000927 0000 000000
1517296305.037181:  1079 065448 2534 000023 0674 065503 2702 000230 1255 000080 1273 065146 0000 065518
1517296305.097961:  1079 001087 2534 002590 0674 000530 2702 002481 1255 001489 1273 000918 0000 000000
1517296305.098027:  1079 001087 2534 002590 0674 000530 2702 002481 1255 001489 1273 000918 0000 000000
1517296305.159144:  1055 001055 2549 002549 0637 000637 2900 002900 1227 001227 1435 001435 0000 000000
1517296305.219936:  1055 001076 2549 002598 0637 000514 2900 002512 1227 001476 1435 000911 0000 000000
1517296305.220029:  1055 001076 2549 002598 0637 000514 2900 002512 1227 001476 1435 000911 0000 000000
