1517554453.462440:  0000 001329 0000 000271 0000 002904 0000 001949 0000 002888 0000 001593 0000 000000
1517554454.023228:  0000 065036 0000 065535 0000 065036 0000 065036 0000 000500 0000 064736 0000 065518
1517554454.084037:  0000 001295 0000 000266 0000 002895 0000 001953 0000 002867 0000 001591 0000 000000
1517554454.084090:  0000 001295 0000 000266 0000 002895 0000 001953 0000 002867 0000 001591 0000 000000
1517554454.145944:  1348 001348 0268 000268 2908 002908 1940 001940 2897 002897 1590 001590 0000 000000
1517554454.206728:  1348 001209 0268 000266 2908 002843 1940 001948 2897 002805 1590 001579 0000 000000
1517554454.206845:  1348 001209 0268 000266 2908 002843 1940 001948 2897 002805 1590 001579 0000 000000
1517554454.269024:  1348 065276 0268 065535 2908 065126 1940 065036 2897 000370 1590 064746 0000 065518
1517554454.329862:  1348 001125 0268 000267 2908 002784 1940 001923 2897 002745 1590 001558 0000 000000
1517554454.329990:  1348 001125 0268 000267 2908 002784 1940 001923 2897 002745 1590 001558 0000 000000
1517554454.391349:  1388 001388 0264 000264 2916 002916 1922 001922 2917 002917 1584 001584 0000 000000
1517554454.451969:  1388 001068 0264 000267 2916 002729 1922 001897 2917 002689 1584 001536 0000 000000
1517554454.452050:  1388 001068 0264 000267 2916 002729 1922 001897 2917 002689 1584 001536 0000 000000
1517554454.512979:  1388 065456 0264 065535 2916 065256 1922 065066 2917 000240 1584 064796 0000 065518
1517554454.573785:  1388 001029 0264 000267 2916 002673 1922 001871 2917 002636 1584 001508 0000 000000
1517554454.573839:  1388 001029 0264 000267 2916 002673 1922 001871 2917 002636 1584 001508 0000 000000
1517554454.635474:  1428 001428 0261 000261 2924 002924 1904 001904 2937 002937 1578 001578 0000 000000
1517554454.696215:  1428 001004 0261 000267 2924 002623 1904 001840 2937 002590 1578 001484 0000 000000
1517554454.696268:  1428 001004 0261 000267 2924 002623 1904 001840 2937 002590 1578 001484 0000 000000
1517554454.757800:  1428 000040 0261 065535 2924 065356 1904 065106 2937 000130 1578 064836 0000 065518
1517554454.818600:  1428 000995 0261 000267 2924 002578 1904 001813 2937 002551 1578 001460 0000 000000
1517554454.818669:  1428 000995 0261 000267 2924 002578 1904 001813 2937 002551 1578 001460 0000 000000
1517554454.880305:  1469 001469 0257 000257 2931 002931 1887 001887 2957 002957 1572 001572 0000 000000
1517554454.941120:  1469 000994 0257 000267 2931 002539 1887 001782 2957 002521 1572 001441 0000 000000
1517554454.941187:  1469 000994 0257 000267 2931 002539 1887 001782 2957 002521 1572 001441 0000 000000
1517554455.002772:  1469 000088 0257 065523 2931 065446 1887 065136 2957 000050 1572 064866 0000 065518
1517554455.063593:  1469 000999 0257 000268 2931 002507 1887 001755 2957 002502 1572 001425 0000 000000
1517554455.063661:  1469 000999 0257 000268 2931 002507 1887 001755 2957 002502 1572 001425 0000 000000
1517554455.125566:  1511 001511 0254 000254 2937 002937 1869 001869 2978 002978 1567 001567 0000 000000
1517554455.186441:  1511 001008 0254 000268 2937 002480 1869 001724 2978 002492 1567 001413 0000 000000
1517554455.186508:  1511 001008 0254 000268 2937 002480 1869 001724 2978 002492 1567 001413 0000 000000
1517554455.248366:  1511 000112 0254 065523 2937 065506 1869 065176 2978 000010 1567 064886 0000 065518
1517554455.309151:  1511 001021 0254 000268 2937 002458 1869 001700 2978 002489 1567 001405 0000 000000
1517554455.309226:  1511 001021 0254 000268 2937 002458 1869 001700 2978 002489 1567 001405 0000 000000
1517554455.370927:  1554 001554 0251 000251 2943 002943 1852 001852 2999 002999 1562 001562 0000 000000
1517554455.431646:  1554 001041 0251 000269 2943 002442 1852 001670 2999 002489 1562 001401 0000 000000
1517554455.431716:  1554 001041 0251 000269 2943 002442 1852 001670 2999 002489 1562 001401 0000 000000
1517554455.492736:  1554 000124 0251 065523 2943 000000 1852 065216 2999 065526 1562 064886 0000 065518
1517554455.553595:  1554 001057 0251 000269 2943 002431 1852 001644 2999 002492 1562 001399 0000 000000
1517554455.553680:  1554 001057 0251 000269 2943 002431 1852 001644 2999 002492 1562 001399 0000 000000
1517554455.615604:  1597 001597 0249 000249 2948 002948 1834 001834 3020 003020 1556 001556 0000 000000
1517554455.676360:  1597 001077 0249 000269 2948 002425 1834 001618 3020 002499 1556 001400 0000 000000
1517554455.676418:  1597 001077 0249 000269 2948 002425 1834 001618 3020 002499 1556 001400 0000 000000
1517554455.738331:  1597 000136 0249 065511 2948 000020 1834 065256 3020 065516 1556 064886 0000 065518
1517554455.799163:  1597 001098 0249 000270 2948 002419 1834 001591 3020 002507 1556 001401 0000 000000
1517554455.799268:  1597 001098 0249 000270 2948 002419 1834 001591 3020 002507 1556 001401 0000 000000
1517554455.861130:  1641 001641 0246 000246 2952 002952 1817 001817 3042 003042 1551 001551 0000 000000
1517554455.921903:  1641 001119 0246 000270 2952 002415 1817 001566 3042 002515 1551 001404 0000 000000
1517554455.921992:  1641 001119 0246 000270 2952 002415 1817 001566 3042 002515 1551 001404 0000 000000
1517554455.982631:  1641 000136 0246 065511 2952 000040 1817 065286 3042 065506 1551 064876 0000 065518
1517554456.043396:  1641 001140 0246 000270 2952 002413 1817 001539 3042 002526 1551 001407 0000 000000
1517554456.043451:  1641 001140 0246 000270 2952 002413 1817 001539 3042 002526 1551 001407 0000 000000
1517554456.105377:  1686 001686 0244 000244 2956 002956 1799 001799 3064 003064 1547 001547 0000 000000
1517554456.166231:  1686 001160 0244 000270 2956 002411 1799 001515 3064 002538 1547 001412 0000 000000
1517554456.166300:  1686 001160 0244 000270 2956 002411 1799 001515 3064 002538 1547 001412 0000 000000
1517554456.228339:  1686 000136 0244 065511 2956 000040 1799 065316 3064 065506 1547 064856 0000 065518
1517554456.289166:  1686 001183 0244 000271 2956 002408 1799 001491 3064 002549 1547 001418 0000 000000
1517554456.289260:  1686 001183 0244 000271 2956 002408 1799 001491 3064 002549 1547 001418 0000 000000
1517554456.351149:  1731 001731 0243 000243 2960 002960 1782 001782 3086 003086 1542 001542 0000 000000
1517554456.412021:  1731 001205 0243 000271 2960 002406 1782 001467 3086 002561 1542 001423 0000 000000
1517554456.412095:  1731 001205 0243 000271 2960 002406 1782 001467 3086 002561 1542 001423 0000 000000
1517554456.472532:  1731 000136 0243 065511 2960 000050 1782 065346 3086 065506 1542 064846 0000 065518
1517554456.533313:  1731 001225 0243 000271 2960 002405 1782 001444 3086 002571 1542 001428 0000 000000
1517554456.533381:  1731 001225 0243 000271 2960 002405 1782 001444 3086 002571 1542 001428 0000 000000
1517554456.595319:  1776 001776 0241 000241 2962 002962 1765 001765 3108 003108 1538 001538 0000 000000
1517554456.656165:  1776 001247 0241 000271 2962 002405 1765 001422 3108 002583 1538 001433 0000 000000
1517554456.656233:  1776 001247 0241 000271 2962 002405 1765 001422 3108 002583 1538 001433 0000 000000
1517554456.718258:  1776 000148 0241 065499 2962 000060 1765 065376 3108 065506 1538 064826 0000 065518
1517554456.779084:  1776 001269 0241 000271 2962 002402 1765 001398 3108 002593 1538 001438 0000 000000
1517554456.779140:  1776 001269 0241 000271 2962 002402 1765 001398 3108 002593 1538 001438 0000 000000
1517554456.840799:  1822 001822 0240 000240 2964 002964 1748 001748 3131 003131 1533 001533 0000 000000
1517554456.901571:  1822 001295 0240 000272 2964 002402 1748 001395 3131 002606 1533 001445 0000 000000
1517554456.901643:  1822 001295 0240 000272 2964 002402 1748 001395 3131 002606 1533 001445 0000 000000
1517554456.962431:  1822 000136 0240 065499 2964 000060 1748 065376 3131 065506 1533 064816 0000 065518
1517554457.023219:  1822 001319 0240 000271 2964 002400 1748 001393 3131 002618 1533 001450 0000 000000
1517554457.023304:  1822 001319 0240 000271 2964 002400 1748 001393 3131 002618 1533 001450 0000 000000
1517554457.084970:  1868 001868 0240 000240 2966 002966 1731 001731 3154 003154 1529 001529 0000 000000
1517554457.145848:  1868 001343 0240 000272 2966 002399 1731 001393 3154 002629 1529 001456 0000 000000
1517554457.145919:  1868 001343 0240 000272 2966 002399 1731 001393 3154 002629 1529 001456 0000 000000
1517554457.207871:  1868 000136 0240 065499 2966 000060 1731 065356 3154 065506 1529 064796 0000 065518
1517554457.268692:  1868 001367 0240 000271 2966 002399 1731 001394 3154 002641 1529 001461 0000 000000
1517554457.268751:  1868 001367 0240 000271 2966 002399 1731 001394 3154 002641 1529 001461 0000 000000
1517554457.330695:  1915 001915 0239 000239 2967 002967 1714 001714 3176 003176 1525 001525 0000 000000
1517554457.391507:  1915 001391 0239 000272 2967 002398 1714 001394 3176 002653 1525 001468 0000 000000
1517554457.391563:  1915 001391 0239 000272 2967 002398 1714 001394 3176 002653 1525 001468 0000 000000
1517554457.453141:  1915 000136 0239 065499 2967 000060 1714 065346 3176 065516 1525 064786 0000 065518
1517554457.512988:  1915 001413 0239 000272 2967 002395 1714 001392 3176 002665 1525 001474 0000 000000
1517554457.513057:  1915 001413 0239 000272 2967 002395 1714 001392 3176 002665 1525 001474 0000 000000
1517554457.574829:  1962 001962 0239 000239 2967 002967 1697 001697 3199 003199 1522 001522 0000 000000
1517554457.635538:  1962 001436 0239 000272 2967 002397 1697 001393 3199 002674 1522 001477 0000 000000
1517554457.635615:  1962 001436 0239 000272 2967 002397 1697 001393 3199 002674 1522 001477 0000 000000
1517554457.697558:  1962 000136 0239 065499 2967 000070 1697 065326 3199 065516 1522 064766 0000 065518
1517554457.758402:  1962 001461 0239 000273 2967 002397 1697 001394 3199 002688 1522 001484 0000 000000
1517554457.758457:  1962 001461 0239 000273 2967 002397 1697 001394 3199 002688 1522 001484 0000 000000
1517554457.819971:  2009 002009 0239 000239 2967 002967 1681 001681 3222 003222 1518 001518 0000 000000
1517554457.880776:  2009 001485 0239 000272 2967 002395 1681 001393 3222 002700 1518 001491 0000 000000
1517554457.880851:  2009 001485 0239 000272 2967 002395 1681 001393 3222 002700 1518 001491 0000 000000
1517554457.942336:  2009 000136 0239 065499 2967 000070 1681 065316 3222 065516 1518 064756 0000 065518
1517554458.002779:  2009 001510 0239 000272 2967 002395 1681 001393 3222 002711 1518 001496 0000 000000
1517554458.002833:  2009 001510 0239 000272 2967 002395 1681 001393 3222 002711 1518 001496 0000 000000
1517554458.064327:  2056 002056 0240 000240 2966 002966 1664 001664 3245 003245 1515 001515 0000 000000
1517554458.125046:  2056 001531 0240 000272 2966 002395 1664 001393 3245 002722 1515 001502 0000 000000
1517554458.125102:  2056 001531 0240 000272 2966 002395 1664 001393 3245 002722 1515 001502 0000 000000
1517554458.187114:  2056 000136 0240 065499 2966 000070 1664 065296 3245 065516 1515 064736 0000 065518
1517554458.247866:  2056 001554 0240 000272 2966 002394 1664 001393 3245 002734 1515 001507 0000 000000
1517554458.247920:  2056 001554 0240 000272 2966 002394 1664 001393 3245 002734 1515 001507 0000 000000
1517554458.309903:  2103 002103 0240 000240 2964 002964 1648 001648 3268 003268 1512 001512 0000 000000
1517554458.370523:  2103 001579 0240 000273 2964 002394 1648 001393 3268 002746 1512 001582 0000 000000
1517554458.370577:  2103 001579 0240 000273 2964 002394 1648 001393 3268 002746 1512 001582 0000 000000
1517554458.432154:  2103 000136 0240 065499 2964 000060 1648 065276 3268 065516 1512 064736 0000 065518
1517554458.492706:  2103 001604 0240 000273 2964 002394 1648 001393 3268 002757 1512 001519 0000 000000
1517554458.492800:  2103 001604 0240 000273 2964 002394 1648 001393 3268 002757 1512 001519 0000 000000
1517554458.554394:  2150 002150 0242 000242 2962 002962 1632 001632 3291 003291 1509 001509 0000 000000
1517554458.615255:  2150 001627 0242 000272 2962 002393 1632 001394 3291 002769 1509 001525 0000 000000
1517554458.615303:  2150 001627 0242 000272 2962 002393 1632 001394 3291 002769 1509 001525 0000 000000
1517554458.677123:  2150 000136 0242 065499 2962 000060 1632 065266 3291 065516 1509 064736 0000 065518
1517554458.737946:  2150 001651 0242 000273 2962 002392 1632 001393 3291 002781 1509 001530 0000 000000
1517554458.738014:  2150 001651 0242 000273 2962 002392 1632 001393 3291 002781 1509 001530 0000 000000
1517554458.799527:  2197 002197 0243 000243 2959 002959 1617 001617 3314 003314 1506 001506 0000 000000
1517554458.860359:  2197 001677 0243 000273 2959 002392 1617 001393 3314 002791 1506 001536 0000 000000
1517554458.860425:  2197 001677 0243 000273 2959 002392 1617 001393 3314 002791 1506 001536 0000 000000
1517554458.921947:  2197 000136 0243 065511 2959 000060 1617 065246 3314 065516 1506 064736 0000 065518
1517554458.982640:  2197 001700 0243 000273 2959 002391 1617 001393 3314 002801 1506 001542 0000 000000
1517554458.982693:  2197 001700 0243 000273 2959 002391 1617 001393 3314 002801 1506 001542 0000 000000
1517554459.044407:  2243 002243 0245 000245 2956 002956 1601 001601 3336 003336 1504 001504 0000 000000
1517554459.105189:  2243 001723 0245 000273 2956 002390 1601 001393 3336 002812 1504 001548 0000 000000
1517554459.105260:  2243 001723 0245 000273 2956 002390 1601 001393 3336 002812 1504 001548 0000 000000
1517554459.166809:  2243 000136 0245 065511 2956 000060 1601 065236 3336 065506 1504 064736 0000 065518
1517554459.227536:  2243 001746 0245 000273 2956 002390 1601 001393 3336 002823 1504 001552 0000 000000
1517554459.227621:  2243 001746 0245 000273 2956 002390 1601 001393 3336 002823 1504 001552 0000 000000
1517554459.289226:  2290 002290 0247 000247 2952 002952 1586 001586 3359 003359 1501 001501 0000 000000
1517554459.350217:  2290 001770 0247 000273 2952 002389 1586 001393 3359 002869 1501 001557 0000 000000
1517554459.350269:  2290 001770 0247 000273 2952 002389 1586 001393 3359 002869 1501 001557 0000 000000
1517554459.411942:  2290 000136 0247 065511 2952 000060 1586 065216 3359 065506 1501 064736 0000 065518
1517554459.472494:  2290 001793 0247 000273 2952 002388 1586 001393 3359 002845 1501 001563 0000 000000
1517554459.472582:  2290 001793 0247 000273 2952 002388 1586 001393 3359 002845 1501 001563 0000 000000
1517554459.534325:  2336 002336 0249 000249 2947 002947 1570 001570 3381 003381 1499 001499 0000 000000
1517554459.595214:  2336 001817 0249 000273 2947 002388 1570 001394 3381 002856 1499 001568 0000 000000
1517554459.595297:  2336 001817 0249 000273 2947 002388 1570 001394 3381 002856 1499 001568 0000 000000
1517554459.656909:  2336 000136 0249 065511 2947 000050 1570 065206 3381 065506 1499 064736 0000 065518
1517554459.717754:  2336 001837 0249 000274 2947 002386 1570 001394 3381 002867 1499 001573 0000 000000
1517554459.717814:  2336 001837 0249 000274 2947 002386 1570 001394 3381 002867 1499 001573 0000 000000
1517554459.779480:  2382 002382 0252 000252 2942 002942 1555 001555 3403 003403 1497 001497 0000 000000
1517554459.840329:  2382 001859 0252 000273 2942 002385 1555 001393 3403 002878 1497 001579 0000 000000
1517554459.840399:  2382 001859 0252 000273 2942 002385 1555 001393 3403 002878 1497 001579 0000 000000
1517554459.902219:  2382 000136 0252 065511 2942 000050 1555 065186 3403 065506 1497 064736 0000 065518
1517554459.962413:  2382 001882 0252 000274 2942 002384 1555 001393 3403 002889 1497 001584 0000 000000
1517554459.962486:  2382 001882 0252 000274 2942 002384 1555 001393 3403 002889 1497 001584 0000 000000
1517554460.023929:  2427 002427 0254 000254 2936 002936 1541 001541 3425 003425 1495 001495 0000 000000
1517554460.084632:  2427 001904 0254 000274 2936 002384 1541 001393 3425 002900 1495 001590 0000 000000
1517554460.084701:  2427 001904 0254 000274 2936 002384 1541 001393 3425 002900 1495 001590 0000 000000
