1517553657.587681:  0000 001313 0000 000099 0000 002901 0000 001953 0000 002892 0000 000659 0000 000000
1517553658.148409:  0000 065036 0000 065120 0000 065036 0000 065036 0000 000500 0000 064736 0000 065518
1517553658.209312:  0000 001285 0000 000099 0000 002888 0000 001953 0000 002872 0000 000651 0000 000000
1517553658.209408:  0000 001285 0000 000099 0000 002888 0000 001953 0000 002872 0000 000651 0000 000000
1517553658.271471:  1334 001334 0179 000179 2904 002904 1943 001943 2903 002903 0655 000655 0000 000000
1517553658.332365:  1334 001198 0179 000099 2904 002830 1943 001947 2903 002811 0655 000620 0000 000000
1517553658.332448:  1334 001198 0179 000099 2904 002830 1943 001947 2903 002811 0655 000620 0000 000000
1517553658.394257:  1334 065276 0179 065120 2904 065126 1943 065036 2903 000370 0655 064776 0000 065518
1517553658.455053:  1334 001118 0179 000100 2904 002782 1943 001922 2903 002751 0655 000587 0000 000000
1517553658.455121:  1334 001118 0179 000100 2904 002782 1943 001922 2903 002751 0655 000587 0000 000000
1517553658.517085:  1377 001377 0179 000179 2912 002912 1924 001924 2925 002925 0647 000647 0000 000000
1517553658.577798:  1377 001058 0179 000099 2912 002725 1924 001895 2925 002694 0647 000554 0000 000000
1517553658.577880:  1377 001058 0179 000099 2912 002725 1924 001895 2925 002694 0647 000554 0000 000000
1517553658.638277:  1377 065468 0179 065132 2912 065246 1924 065066 2925 000230 0647 064836 0000 065518
1517553658.698983:  1377 001016 0179 000099 2912 002672 1924 001868 2925 002642 0647 000519 0000 000000
1517553658.699068:  1377 001016 0179 000099 2912 002672 1924 001868 2925 002642 0647 000519 0000 000000
1517553658.760717:  1421 001421 0179 000179 2919 002919 1904 001904 2949 002949 0639 000639 0000 000000
1517553658.821457:  1421 000994 0179 000099 2919 002554 1904 001838 2949 002597 0639 000484 0000 000000
1517553658.821507:  1421 000994 0179 000099 2919 002554 1904 001838 2949 002597 0639 000484 0000 000000
1517553658.883071:  1421 000040 0179 065132 2919 065356 1904 065096 2949 000120 0639 064896 0000 065518
1517553658.943898:  1421 000986 0179 000099 2919 002579 1904 001811 2949 002559 0639 000449 0000 000000
1517553658.943951:  1421 000986 0179 000099 2919 002579 1904 001811 2949 002559 0639 000449 0000 000000
1517553659.005812:  1466 001466 0179 000179 2925 002925 1885 001885 2973 002973 0632 000632 0000 000000
1517553659.066733:  1466 000985 0179 000099 2925 002540 1885 001782 2973 002532 0632 000412 0000 000000
1517553659.066807:  1466 000985 0179 000099 2925 002540 1885 001782 2973 002532 0632 000412 0000 000000
1517553659.128003:  1466 000100 0179 065132 2925 065436 1885 065136 2973 000040 0632 064966 0000 065518
1517553659.188818:  1466 000990 0179 000099 2925 002508 1885 001755 2973 002516 0632 000377 0000 000000
1517553659.188901:  1466 000990 0179 000099 2925 002508 1885 001755 2973 002516 0632 000377 0000 000000
1517553659.250771:  1512 001512 0179 000179 2931 002931 1866 001866 2998 002998 0625 000625 0000 000000
1517553659.311532:  1512 001001 0179 000100 2931 002484 1866 001726 2998 002509 0625 000339 0000 000000
1517553659.311636:  1512 001001 0179 000100 2931 002484 1866 001726 2998 002509 0625 000339 0000 000000
1517553659.373605:  1512 000124 0179 065132 2931 065496 1866 065176 2998 000000 0625 065036 0000 065518
1517553659.434387:  1512 001016 0179 000099 2931 002464 1866 001701 2998 002507 0625 000302 0000 000000
1517553659.434454:  1512 001016 0179 000099 2931 002464 1866 001701 2998 002507 0625 000302 0000 000000
1517553659.496099:  1559 001559 0179 000179 2936 002936 1847 001847 3023 003023 0620 000620 0000 000000
1517553659.556898:  1559 001035 0179 000099 2936 002445 1847 001673 3023 002509 0620 000265 0000 000000
1517553659.556966:  1559 001035 0179 000099 2936 002445 1847 001673 3023 002509 0620 000265 0000 000000
1517553659.617916:  1559 000136 0179 065132 2936 000000 1847 065216 3023 065516 0620 064736 0000 065518
1517553659.678709:  1559 001051 0179 000104 2936 002429 1847 001646 3023 002516 0620 000228 0000 000000
1517553659.678762:  1559 001051 0179 000104 2936 002429 1847 001646 3023 002516 0620 000228 0000 000000
1517553659.740326:  1606 001606 0179 000179 2941 002941 1829 001829 3048 003048 0620 000620 0000 000000
1517553659.801162:  1606 001073 0179 000099 2941 002419 1829 001620 3048 002528 0620 000189 0000 000000
1517553659.801308:  1606 001073 0179 000099 2941 002419 1829 001620 3048 002528 0620 000189 0000 000000
1517553659.862919:  1606 000148 0179 065132 2941 000020 1829 065246 3048 065516 0620 064736 0000 065518
1517553659.923693:  1606 001061 0179 000099 2941 002413 1829 001592 3048 002539 0620 000151 0000 000000
1517553659.923800:  1606 001061 0179 000099 2941 002413 1829 001592 3048 002539 0620 000151 0000 000000
1517553659.985548:  1655 001655 0179 000179 2944 002944 1810 001810 3075 003075 0620 000620 0000 000000
1517553660.046448:  1655 001119 0179 000099 2944 002408 1810 001569 3075 002551 0620 000113 0000 000000
1517553660.046550:  1655 001119 0179 000099 2944 002408 1810 001569 3075 002551 0620 000113 0000 000000
1517553660.107817:  1655 000148 0179 065120 2944 000040 1810 065276 3075 065506 0620 064736 0000 065518
1517553660.168533:  1655 001142 0179 000100 2944 002405 1810 001545 3075 002564 0620 000074 0000 000000
1517553660.168599:  1655 001142 0179 000100 2944 002405 1810 001545 3075 002564 0620 000074 0000 000000
1517553660.230272:  1704 001704 0179 000179 2948 002948 1791 001791 3101 003101 0620 000620 0000 000000
1517553660.291047:  1704 001164 0179 000099 2948 002402 1791 001519 3101 002576 0620 000037 0000 000000
1517553660.291113:  1704 001164 0179 000099 2948 002402 1791 001519 3101 002576 0620 000037 0000 000000
1517553660.352994:  1704 000160 0179 065132 2948 000040 1791 065306 3101 065506 0620 064736 0000 065518
1517553660.413828:  1704 001191 0179 000099 2948 002398 1791 001496 3101 002589 0620 000002 0000 000000
1517553660.413897:  1704 001191 0179 000099 2948 002398 1791 001496 3101 002589 0620 000002 0000 000000
1517553660.475405:  1753 001753 0179 000179 2951 002951 1773 001773 3128 003128 0620 000620 0000 000000
1517553660.536182:  1753 001212 0179 000099 2951 002397 1773 001472 3128 002602 0620 000002 0000 000000
1517553660.536252:  1753 001212 0179 000099 2951 002397 1773 001472 3128 002602 0620 000002 0000 000000
1517553660.597692:  1753 000160 0179 065132 2951 000050 1773 065336 3128 065506 0620 064736 0000 065518
1517553660.658369:  1753 001236 0179 000100 2951 002396 1773 001447 3128 002614 0620 000589 0000 000000
1517553660.658455:  1753 001236 0179 000100 2951 002396 1773 001447 3128 002614 0620 000589 0000 000000
1517553660.720125:  1804 001804 0179 000179 2953 002953 1755 001755 3155 003155 0588 000588 0000 000000
1517553660.780920:  1804 001260 0179 000099 2953 002394 1755 001424 3155 002627 0588 000992 0000 000000
1517553660.781018:  1804 001260 0179 000099 2953 002394 1755 001424 3155 002627 0588 000992 0000 000000
1517553660.842579:  1804 000160 0179 065120 2953 000050 1755 065366 3155 065506 0588 064736 0000 065518
1517553660.903330:  1804 001288 0179 000100 2953 002392 1755 001403 3155 002640 0588 004092 0000 000000
1517553660.903398:  1804 001288 0179 000100 2953 002392 1755 001403 3155 002640 0588 004092 0000 000000
1517553660.965111:  1854 001854 0179 000179 2954 002954 1737 001737 3183 003183 0587 000587 0000 000000
1517553661.025891:  1854 001328 0179 000100 2954 002392 1737 001403 3183 002654 0587 004071 0000 000000
1517553661.025964:  1854 001328 0179 000100 2954 002392 1737 001403 3183 002654 0587 004071 0000 000000
1517553661.087529:  1854 000160 0179 065120 2954 000060 1737 065356 3183 065506 0587 064736 0000 065518
1517553661.148265:  1854 001338 0179 000100 2954 002390 1737 001403 3183 002668 0587 004034 0000 000000
1517553661.148369:  1854 001338 0179 000100 2954 002390 1737 001403 3183 002668 0587 004034 0000 000000
1517553661.210005:  1905 001905 0179 000179 2955 002955 1719 001719 3210 003210 0587 000587 0000 000000
1517553661.270803:  1905 001361 0179 000100 2955 002389 1719 001402 3210 002681 0587 003993 0000 000000
1517553661.270859:  1905 001361 0179 000100 2955 002389 1719 001402 3210 002681 0587 003993 0000 000000
1517553661.332546:  1905 000160 0179 065120 2955 000060 1719 065336 3210 065506 0587 064736 0000 065518
1517553661.393383:  1905 001386 0179 000100 2955 002389 1719 001401 3210 002695 0587 003954 0000 000000
1517553661.393450:  1905 001386 0179 000100 2955 002389 1719 001401 3210 002695 0587 003954 0000 000000
1517553661.454960:  1956 001956 0179 000179 2955 002955 1702 001702 3238 003238 0587 000587 0000 000000
1517553661.515720:  1956 001408 0179 000100 2955 002388 1702 001401 3238 002708 0587 003916 0000 000000
1517553661.515817:  1956 001408 0179 000100 2955 002388 1702 001401 3238 002708 0587 003916 0000 000000
1517553661.577439:  1956 000172 0179 065120 2955 000060 1702 065326 3238 065506 0587 064736 0000 065518
1517553661.638291:  1956 001433 0179 000100 2955 002386 1702 001418 3238 002722 0587 003875 0000 000000
1517553661.638399:  1956 001433 0179 000100 2955 002386 1702 001418 3238 002722 0587 003875 0000 000000
1517553661.699990:  2008 002008 0179 000179 2955 002955 1685 001685 3266 003266 0570 000570 0000 000000
1517553661.760783:  2008 001460 0179 000100 2955 002386 1685 001401 3266 002667 0570 003835 0000 000000
1517553661.760839:  2008 001460 0179 000100 2955 002386 1685 001401 3266 002667 0570 003835 0000 000000
1517553661.824379:  2008 000160 0179 065120 2955 000070 1685 065306 3266 065506 0570 064736 0000 065518
1517553661.885290:  2008 001486 0179 000100 2955 002385 1685 001401 3266 002751 0570 003796 0000 000000
1517553661.885359:  2008 001486 0179 000100 2955 002385 1685 001401 3266 002751 0570 003796 0000 000000
1517553661.947258:  2059 002059 0179 000179 2954 002954 1668 001668 3294 003294 0566 000566 0000 000000
1517553662.008168:  2059 001513 0179 000100 2954 002384 1668 001402 3294 002766 0566 003756 0000 000000
1517553662.008234:  2059 001513 0179 000100 2954 002384 1668 001402 3294 002766 0566 003756 0000 000000
1517553662.070091:  2059 000160 0179 065120 2954 000070 1668 065286 3294 065506 0566 064736 0000 065518
1517553662.127964:  2059 001539 0179 000100 2954 002382 1668 001402 3294 002779 0566 003717 0000 000000
1517553662.128018:  2059 001539 0179 000100 2954 002382 1668 001402 3294 002779 0566 003717 0000 000000
1517553662.189817:  2111 002111 0179 000179 2953 002953 1651 001651 3322 003322 0562 000562 0000 000000
1517553662.250608:  2111 001562 0179 000100 2953 002382 1651 001403 3322 002793 0562 003680 0000 000000
1517553662.250677:  2111 001562 0179 000100 2953 002382 1651 001403 3322 002793 0562 003680 0000 000000
1517553662.312685:  2111 000160 0179 065120 2953 000070 1651 065276 3322 065506 0562 064736 0000 065518
1517553662.373526:  2111 001590 0179 000100 2953 002380 1651 001402 3322 002808 0562 003640 0000 000000
1517553662.373613:  2111 001590 0179 000100 2953 002380 1651 001402 3322 002808 0562 003640 0000 000000
1517553662.435506:  2162 002162 0179 000179 2951 002951 1634 001634 3350 003350 0559 000559 0000 000000
1517553662.496337:  2162 001599 0179 000100 2951 002380 1634 001402 3350 002821 0559 003601 0000 000000
1517553662.496405:  2162 001599 0179 000100 2951 002380 1634 001402 3350 002821 0559 003601 0000 000000
1517553662.558290:  2162 000160 0179 065120 2951 000060 1634 065256 3350 000000 0559 064736 0000 065518
1517553662.628741:  2162 001641 0179 000100 2951 002379 1634 001401 3350 002834 0559 003561 0000 000000
1517553662.628799:  2162 001641 0179 000100 2951 002379 1634 001401 3350 002834 0559 003561 0000 000000
1517553662.690351:  2213 002213 0179 000179 2948 002948 1618 001618 3377 003377 0555 000555 0000 000000
1517553662.751180:  2213 001673 0179 000100 2948 002379 1618 001402 3377 002849 0555 003517 0000 000000
1517553662.751258:  2213 001673 0179 000100 2948 002379 1618 001402 3377 002849 0555 003517 0000 000000
1517553662.812739:  2213 000160 0179 065120 2948 000060 1618 065236 3377 065506 0555 064736 0000 065518
1517553662.873564:  2213 001699 0179 000100 2948 002378 1618 001402 3377 002862 0555 003474 0000 000000
1517553662.873617:  2213 001699 0179 000100 2948 002378 1618 001402 3377 002862 0555 003474 0000 000000
1517553662.935100:  2264 002264 0179 000179 2945 002945 1602 001602 3405 003405 0553 000553 0000 000000
1517553662.995928:  2264 001724 0179 000100 2945 002377 1602 001401 3405 002876 0553 003434 0000 000000
1517553662.995982:  2264 001724 0179 000100 2945 002377 1602 001401 3405 002876 0553 003434 0000 000000
1517553663.057489:  2264 000160 0179 065120 2945 000060 1602 065226 3405 065506 0553 064736 0000 065518
1517553663.117893:  2264 001750 0179 000100 2945 002376 1602 001401 3405 002890 0553 003391 0000 000000
1517553663.117989:  2264 001750 0179 000100 2945 002376 1602 001401 3405 002890 0553 003391 0000 000000
1517553663.179725:  2315 002315 0179 000179 2941 002941 1586 001586 3432 003432 0550 000550 0000 000000
1517553663.240447:  2315 001775 0179 000100 2941 002376 1586 001401 3432 002903 0550 003348 0000 000000
1517553663.240508:  2315 001775 0179 000100 2941 002376 1586 001401 3432 002903 0550 003348 0000 000000
1517553663.302090:  2315 000160 0179 065120 2941 000060 1586 065206 3432 065506 0550 064736 0000 065518
1517553663.362802:  2315 001804 0179 000100 2941 002374 1586 001402 3432 002916 0550 003305 0000 000000
1517553663.362927:  2315 001804 0179 000100 2941 002374 1586 001402 3432 002916 0550 003305 0000 000000
1517553663.424505:  2365 002365 0179 000179 2936 002936 1571 001571 3458 003458 0548 000548 0000 000000
1517553663.485348:  2365 001827 0179 000100 2936 002375 1571 001400 3458 002930 0548 003262 0000 000000
1517553663.485436:  2365 001827 0179 000100 2936 002375 1571 001400 3458 002930 0548 003262 0000 000000
1517553663.547031:  2365 000160 0179 065120 2936 000060 1571 065196 3458 065506 0548 064736 0000 065518
1517553663.607868:  2365 001850 0179 000100 2936 002373 1571 001402 3458 002943 0548 003218 0000 000000
1517553663.607950:  2365 001850 0179 000100 2936 002373 1571 001402 3458 002943 0548 003218 0000 000000
1517553663.669502:  2415 002415 0179 000179 2931 002931 1556 001556 3485 003485 0546 000546 0000 000000
1517553663.730356:  2415 001874 0179 000100 2931 002371 1556 001402 3485 002956 0546 003174 0000 000000
1517553663.730461:  2415 001874 0179 000100 2931 002371 1556 001402 3485 002956 0546 003174 0000 000000
1517553663.792000:  2415 000160 0179 065120 2931 000050 1556 065176 3485 065506 0546 064736 0000 065518
1517553663.852829:  2415 001898 0179 000101 2931 002370 1556 001402 3485 002967 0546 003132 0000 000000
1517553663.852906:  2415 001898 0179 000101 2931 002370 1556 001402 3485 002967 0546 003132 0000 000000
1517553663.914514:  2465 002465 0179 000179 2926 002926 1541 001541 3511 003511 0544 000544 0000 000000
1517553663.975348:  2465 001923 0179 000100 2926 002366 1541 001403 3511 002982 0544 003087 0000 000000
1517553663.975489:  2465 001923 0179 000100 2926 002366 1541 001403 3511 002982 0544 003087 0000 000000
1517553664.037119:  2465 000160 0179 065120 2926 000050 1541 065166 3511 065506 0544 064736 0000 065518
1517553664.097730:  2465 001947 0179 000101 2926 002367 1541 001403 3511 002992 0544 003050 0000 000000
1517553664.097798:  2465 001947 0179 000101 2926 002367 1541 001403 3511 002992 0544 003050 0000 000000
1517553664.159535:  2513 002513 0179 000179 2919 002919 1526 001526 3536 003536 0542 000542 0000 000000
1517553664.220343:  2513 001971 0179 000100 2919 002366 1526 001401 3536 003009 0542 003003 0000 000000
1517553664.220423:  2513 001971 0179 000100 2919 002366 1526 001401 3536 003009 0542 003003 0000 000000
