1517291172.294013:  0000 00001357 0000 00000424 0000 00001619 0000 00001645 0000 00002908 0000 00001609 0000 00000000
1517291172.995566:  1356 00001316 0424 00000429 1618 00001570 1645 00001622 2908 00002873 1609 00001595 0000 00000000
1517291173.197938:  1356 00001170 0424 00000433 1618 00001474 1645 00001576 2908 00002771 1609 00001570 0000 00000000
1517291173.394722:  1365 00001065 0447 00000434 1649 00001388 1662 00001530 2934 00002680 1635 00001528 0000 00000000
1517291173.597106:  1365 00001004 0447 00000435 1649 00001315 1662 00001483 2934 00002596 1635 00001491 0000 00000000
1517291173.793990:  1373 00000966 0472 00000434 1678 00001252 1679 00001437 2962 00002539 1660 00001453 0000 00000000
1517291173.996479:  1373 00000952 0472 00000436 1678 00001215 1679 00001396 2962 00002516 1660 00001425 0000 00000000
1517291174.199046:  1381 00000949 0497 00000440 1705 00001190 1694 00001391 2990 00002511 1684 00001417 0000 00000000
1517291174.394771:  1381 00000948 0497 00000445 1705 00001178 1694 00001390 2990 00002514 1684 00001407 0000 00000000
1517291174.597263:  1388 00000950 0525 00000452 1730 00001171 1709 00001390 3018 00002524 1708 00001414 0000 00000000
1517291174.794033:  1388 00000952 0525 00000459 1730 00001168 1709 00001390 3018 00002537 1708 00001418 0000 00000000
1517291174.996541:  1396 00000958 0553 00000468 1753 00001166 1723 00001389 3046 00002551 1730 00001418 0000 00000000
1517291175.198954:  1396 00000962 0553 00000479 1753 00001166 1723 00001390 3046 00002565 1730 00001432 0000 00000000
1517291175.394776:  1403 00000966 0582 00000488 1773 00001166 1736 00001390 3074 00002579 1752 00001432 0000 00000000
1517291175.597131:  1403 00000970 0582 00000502 1773 00001166 1736 00001390 3074 00002593 1752 00001439 0000 00000000
1517291175.794007:  1410 00000974 0613 00000516 1792 00001167 1748 00001390 3102 00002607 1773 00001452 0000 00000000
1517291175.996633:  1410 00000978 0613 00000529 1792 00001168 1748 00001390 3102 00002620 1773 00001453 0000 00000000
1517291176.199051:  1417 00000982 0645 00000543 1808 00001169 1759 00001390 3131 00002633 1794 00001467 0000 00000000
1517291176.394803:  1417 00000987 0645 00000559 1808 00001169 1759 00001390 3131 00002648 1794 00001467 0000 00000000
1517291176.597370:  1424 00000989 0678 00000576 1822 00001170 1769 00001390 3158 00002666 1813 00001475 0000 00000000
1517291176.794006:  1424 00000992 0678 00000594 1822 00001171 1769 00001390 3158 00002680 1813 00001489 0000 00000000
1517291176.996549:  1431 00000996 0712 00000611 1834 00001177 1779 00001390 3186 00002696 1832 00001491 0000 00000000
1517291177.198913:  1431 00001000 0712 00000628 1834 00001181 1779 00001390 3186 00002709 1832 00001503 0000 00000000
1517291177.394835:  1437 00001003 0748 00000645 1844 00001186 1788 00001390 3213 00002721 1850 00001507 0000 00000000
1517291177.597711:  1437 00001006 0748 00000662 1844 00001192 1788 00001390 3213 00002734 1850 00001513 0000 00000000
1517291177.794027:  1444 00001008 0784 00000680 1851 00001198 1796 00001390 3239 00002750 1867 00001524 0000 00000000
1517291177.996380:  1444 00001011 0784 00000698 1851 00001203 1796 00001390 3239 00002763 1867 00001528 0000 00000000
1517291178.198666:  1450 00001014 0822 00000716 1856 00001207 1804 00001390 3265 00002777 1883 00001540 0000 00000000
1517291178.394683:  1450 00001018 0822 00000735 1856 00001211 1804 00001389 3265 00002786 1883 00001541 0000 00000000
1517291178.596975:  1456 00001020 0860 00000753 1859 00001215 1811 00001391 3290 00002798 1899 00001547 0000 00000000
1517291178.794012:  1456 00001023 0860 00000772 1859 00001216 1811 00001389 3290 00002810 1899 00001553 0000 00000000
1517291178.996241:  1462 00001026 0900 00000791 1860 00001219 1817 00001390 3314 00002821 1914 00001558 0000 00000000
1517291179.198629:  1462 00001030 0900 00000810 1860 00001220 1817 00001390 3314 00002835 1914 00001567 0000 00000000
1517291179.394757:  1467 00001034 0941 00000833 1858 00001224 1823 00001390 3337 00002848 1928 00001571 0000 00000000
1517291179.597131:  1467 00001036 0941 00000852 1858 00001225 1823 00001389 3337 00002859 1928 00001578 0000 00000000
1517291179.794016:  1473 00001039 0982 00000873 1854 00001227 1828 00001389 3360 00002872 1942 00001581 0000 00000000
1517291179.996434:  1473 00001042 0982 00000893 1854 00001229 1828 00001389 3360 00002881 1942 00001589 0000 00000000
1517291180.198995:  1479 00001042 1024 00000914 1848 00001230 1833 00001390 3381 00002892 1954 00001595 0000 00000000
1517291180.394728:  1479 00001042 1024 00000936 1848 00001231 1833 00001390 3381 00002902 1954 00001595 0000 00000000
1517291180.597130:  1484 00001047 1067 00000958 1840 00001231 1837 00001390 3402 00002914 1967 00001605 0000 00000000
1517291180.794011:  1484 00001051 1067 00000979 1840 00001232 1837 00001390 3402 00002924 1967 00001611 0000 00000000
1517291180.996458:  1489 00001054 1111 00001001 1829 00001232 1841 00001390 3422 00002933 1978 00001616 0000 00000000
1517291181.199034:  1489 00001058 1111 00001023 1829 00001231 1841 00001390 3422 00002943 1978 00001621 0000 00000000
1517291181.394768:  1494 00001065 1156 00001045 1817 00001232 1844 00001390 3440 00002952 1989 00001621 0000 00000000
1517291181.597237:  1494 00001068 1156 00001067 1817 00001231 1844 00001389 3440 00002961 1989 00001629 0000 00000000
1517291181.794001:  1499 00001072 1201 00001089 1801 00001230 1847 00001389 3458 00002971 1999 00001633 0000 00000000
1517291181.996434:  1499 00001076 1201 00001112 1801 00001228 1847 00001389 3458 00002979 1999 00001638 0000 00000000
1517291182.199240:  1504 00001073 1247 00001133 1784 00001226 1850 00001389 3475 00002987 2008 00001642 0000 00000000
1517291182.394775:  1504 00001073 1247 00001224 1784 00001224 1850 00001391 3475 00002998 2008 00001646 0000 00000000
1517291182.597197:  1509 00001073 1294 00001180 1765 00001219 1852 00001389 3490 00003005 2017 00001649 0000 00000000
1517291182.793976:  1509 00001073 1294 00001202 1765 00001214 1852 00001389 3490 00003012 2017 00001654 0000 00000000
