1517555702.568559:  0000 001349 0000 002279 0000 000838 0000 001636 0000 001047 0000 000686 0000 000000
1517555703.129179:  0000 065036 0000 065535 0000 065036 0000 065036 0000 000500 0000 064736 0000 065518
1517555703.189974:  0000 001324 0000 002284 0000 000815 0000 001636 0000 001024 0000 000685 0000 000000
1517555703.190103:  0000 001324 0000 002284 0000 000815 0000 001636 0000 001024 0000 000685 0000 000000
1517555703.251722:  1349 001349 2296 002296 0837 000837 1560 001560 1049 001049 0621 000621 0000 000000
1517555703.312609:  1349 001268 2296 002284 0837 000749 1560 001632 1049 000955 0621 000671 0000 000000
1517555703.312679:  1349 001268 2296 002284 0837 000749 1560 001632 1049 000955 0621 000671 0000 000000
1517555703.374309:  1349 065168 2296 000023 0837 065146 1560 065036 1049 000380 0621 064736 0000 065518
1517555703.435086:  1349 001180 2296 002287 0837 000689 1560 001599 1049 000887 0621 000652 0000 000000
1517555703.435144:  1349 001180 2296 002287 0837 000689 1560 001599 1049 000887 0621 000652 0000 000000
1517555703.496921:  1349 001349 2331 002331 0834 000834 1408 001408 1051 001051 0489 000489 0000 000000
1517555703.557820:  1349 001098 2331 002292 0834 000626 1408 001574 1051 000832 0489 000623 0000 000000
1517555703.557935:  1349 001098 2331 002292 0834 000626 1408 001574 1051 000832 0489 000623 0000 000000
1517555703.619216:  1349 065372 2331 000059 0834 065266 1408 065036 1051 000260 0489 064736 0000 065518
1517555703.679990:  1349 001032 2331 002302 0834 000569 1408 001546 1051 000777 0489 000596 0000 000000
1517555703.680047:  1349 001032 2331 002302 0834 000569 1408 001546 1051 000777 0489 000596 0000 000000
1517555703.741605:  1349 001349 2367 002367 0830 000830 1408 001408 1049 001049 0362 000362 0000 000000
1517555703.802371:  1349 000985 2367 002313 0830 000522 1408 001512 1049 000727 0362 000554 0000 000000
1517555703.802461:  1349 000985 2367 002313 0830 000522 1408 001512 1049 000727 0362 000554 0000 000000
1517555703.863995:  1349 065492 2367 000071 0830 065366 1408 065036 1049 000160 0362 064736 0000 065518
1517555703.924946:  1349 000957 2367 002324 0830 000475 1408 001482 1049 000683 0362 000546 0000 000000
1517555703.925022:  1349 000957 2367 002324 0830 000475 1408 001482 1049 000683 0362 000546 0000 000000
1517555703.986578:  1349 001349 2403 002403 0824 000824 1408 001408 1044 001044 0336 000336 0000 000000
1517555704.047382:  1349 000940 2403 002335 0824 000436 1408 001450 1044 000645 0336 000558 0000 000000
1517555704.047476:  1349 000940 2403 002335 0824 000436 1408 001450 1044 000645 0336 000558 0000 000000
1517555704.108882:  1349 065528 2403 000083 0824 065436 1408 065036 1044 000090 0336 064736 0000 065518
1517555704.169688:  1349 000927 2403 002348 0824 000403 1408 001417 1044 000615 0336 000504 0000 000000
1517555704.169758:  1349 000927 2403 002348 0824 000403 1408 001417 1044 000615 0336 000504 0000 000000
1517555704.231373:  1349 001349 2439 002439 0817 000817 1408 001408 1036 001036 0336 000336 0000 000000
1517555704.292129:  1349 000915 2439 002364 0817 000376 1408 001393 1036 000592 0336 000487 0000 000000
1517555704.292193:  1349 000915 2439 002364 0817 000376 1408 001393 1036 000592 0336 000487 0000 000000
1517555704.353787:  1349 000016 2439 000095 0817 065476 1408 065046 1036 000060 0336 064736 0000 065518
1517555704.414540:  1349 000910 2439 002313 0817 000355 1408 001393 1036 000572 0336 000475 0000 000000
1517555704.414608:  1349 000910 2439 002313 0817 000355 1408 001393 1036 000572 0336 000475 0000 000000
1517555704.476285:  1349 001349 2476 002476 0809 000809 1408 001408 1026 001026 0336 000336 0000 000000
1517555704.537047:  1349 000908 2476 002398 0809 000333 1408 001459 1026 000562 0336 000465 0000 000000
1517555704.537094:  1349 000908 2476 002398 0809 000333 1408 001459 1026 000562 0336 000465 0000 000000
1517555704.588678:  1349 000028 2476 000095 0809 065516 1408 065046 1026 000040 0336 064736 0000 065518
1517555704.649395:  1349 000907 2476 002414 0809 000318 1408 001393 1026 000551 0336 000454 0000 000000
1517555704.649465:  1349 000907 2476 002414 0809 000318 1408 001393 1026 000551 0336 000454 0000 000000
1517555704.711159:  1349 001349 2513 002513 0799 000799 1408 001408 1015 001015 0336 000336 0000 000000
1517555704.771971:  1349 000907 2513 002434 0799 000304 1408 001392 1015 000544 0336 000450 0000 000000
1517555704.772062:  1349 000907 2513 002434 0799 000304 1408 001392 1015 000544 0336 000450 0000 000000
1517555704.833652:  1349 000028 2513 000095 0799 065526 1408 065046 1015 000030 0336 064736 0000 065518
1517555704.894377:  1349 000907 2513 002453 0799 000293 1408 001392 1015 000536 0336 000444 0000 000000
1517555704.894432:  1349 000907 2513 002453 0799 000293 1408 001392 1015 000536 0336 000444 0000 000000
1517555704.955915:  1349 001349 2550 002550 0788 000788 1408 001408 1004 001004 0336 000336 0000 000000
1517555705.016506:  1349 000906 2550 002470 0788 000283 1408 001391 1004 000530 0336 000440 0000 000000
1517555705.016588:  1349 000906 2550 002470 0788 000283 1408 001391 1004 000530 0336 000440 0000 000000
1517555705.068566:  1349 000028 2550 000095 0788 000000 1408 065046 1004 000030 0336 064736 0000 065518
1517555705.129373:  1349 000906 2550 002487 0788 000275 1408 001393 1004 000524 0336 000435 0000 000000
1517555705.129483:  1349 000906 2550 002487 0788 000275 1408 001393 1004 000524 0336 000435 0000 000000
1517555705.191083:  1349 001349 2588 002588 0776 000776 1408 001408 0993 000993 0336 000336 0000 000000
1517555705.251864:  1349 000906 2588 002507 0776 000267 1408 001393 0993 000519 0336 000432 0000 000000
1517555705.251919:  1349 000906 2588 002507 0776 000267 1408 001393 0993 000519 0336 000432 0000 000000
1517555705.313555:  1349 000028 2588 000107 0776 000000 1408 065046 0993 000040 0336 064736 0000 065518
1517555705.374378:  1349 000905 2588 002527 0776 000259 1408 001393 0993 000515 0336 000430 0000 000000
1517555705.374461:  1349 000905 2588 002527 0776 000259 1408 001393 0993 000515 0336 000430 0000 000000
1517555705.436158:  1349 001349 2627 002627 0762 000762 1408 001408 0982 000982 0336 000336 0000 000000
1517555705.496912:  1349 000905 2627 002546 0762 000253 1408 001391 0982 000508 0336 000430 0000 000000
1517555705.496980:  1349 000905 2627 002546 0762 000253 1408 001391 0982 000508 0336 000430 0000 000000
1517555705.558625:  1349 000028 2627 000107 0762 000000 1408 065046 0982 000030 0336 064736 0000 065518
1517555705.619233:  1349 000906 2627 002566 0762 000244 1408 001392 0982 000503 0336 000425 0000 000000
1517555705.619303:  1349 000906 2627 002566 0762 000244 1408 001392 0982 000503 0336 000425 0000 000000
1517555705.680949:  1349 001349 2665 002665 0747 000747 1408 001408 0971 000971 0336 000336 0000 000000
1517555705.741713:  1349 000905 2665 002584 0747 000237 1408 001392 0971 000498 0336 000422 0000 000000
1517555705.741787:  1349 000905 2665 002584 0747 000237 1408 001392 0971 000498 0336 000422 0000 000000
1517555705.803344:  1349 000028 2665 000107 0747 000000 1408 065046 0971 000030 0336 064736 0000 065518
1517555705.864141:  1349 000906 2665 002602 0747 000230 1408 001391 0971 000492 0336 000420 0000 000000
1517555705.864217:  1349 000906 2665 002602 0747 000230 1408 001391 0971 000492 0336 000420 0000 000000
1517555705.925875:  1349 001349 2704 002704 0731 000731 1408 001408 0962 000962 0336 000336 0000 000000
1517555705.986698:  1349 000905 2704 002621 0731 000224 1408 001392 0962 000486 0336 000417 0000 000000
1517555705.986755:  1349 000905 2704 002621 0731 000224 1408 001392 0962 000486 0336 000417 0000 000000
1517555706.048341:  1349 000028 2704 000107 0731 000000 1408 065046 0962 000030 0336 064736 0000 065518
1517555706.108892:  1349 000905 2704 002640 0731 000216 1408 001391 0962 000480 0336 000415 0000 000000
1517555706.108963:  1349 000905 2704 002640 0731 000216 1408 001391 0962 000480 0336 000415 0000 000000
1517555706.170466:  1349 001349 2743 002743 0714 000714 1408 001408 0953 000953 0336 000336 0000 000000
1517555706.231224:  1349 000904 2743 002659 0714 000208 1408 001393 0953 000475 0336 000410 0000 000000
1517555706.231279:  1349 000904 2743 002659 0714 000208 1408 001393 0953 000475 0336 000410 0000 000000
1517555706.292895:  1349 000028 2743 000107 0714 000000 1408 065046 0953 000030 0336 064736 0000 065518
1517555706.353713:  1349 000905 2743 002678 0714 000199 1408 001390 0953 000471 0336 000411 0000 000000
1517555706.353807:  1349 000905 2743 002678 0714 000199 1408 001390 0953 000471 0336 000411 0000 000000
1517555706.415371:  1349 001349 2782 002782 0695 000695 1408 001408 0944 000944 0336 000336 0000 000000
1517555706.476213:  1349 000904 2782 002698 0695 000191 1408 001394 0944 000465 0336 000403 0000 000000
1517555706.476290:  1349 000904 2782 002698 0695 000191 1408 001394 0944 000465 0336 000403 0000 000000
1517555706.537995:  1349 000028 2782 000107 0695 065526 1408 065046 0944 000030 0336 064736 0000 065518
1517555706.598762:  1349 000904 2782 002718 0695 000184 1408 001394 0944 000459 0336 000401 0000 000000
1517555706.598830:  1349 000904 2782 002718 0695 000184 1408 001394 0944 000459 0336 000401 0000 000000
1517555706.660751:  1349 001349 2821 002821 0675 000675 1408 001408 0937 000937 0336 000336 0000 000000
1517555706.721469:  1349 000905 2821 002738 0675 000176 1408 001392 0937 000458 0336 000401 0000 000000
1517555706.721539:  1349 000905 2821 002738 0675 000176 1408 001392 0937 000458 0336 000401 0000 000000
1517555706.783142:  1349 000028 2821 000107 0675 065526 1408 065046 0937 000030 0336 064736 0000 065518
1517555706.843852:  1349 000905 2821 002757 0675 000167 1408 001389 0937 000454 0336 000403 0000 000000
1517555706.843937:  1349 000905 2821 002757 0675 000167 1408 001389 0937 000454 0336 000403 0000 000000
1517555706.905484:  1349 001349 2861 002861 0654 000654 1408 001408 0930 000930 0336 000336 0000 000000
1517555706.966247:  1349 000904 2861 002777 0654 000160 1408 001391 0930 000451 0336 000398 0000 000000
1517555706.966304:  1349 000904 2861 002777 0654 000160 1408 001391 0930 000451 0336 000398 0000 000000
1517555707.027822:  1349 000028 2861 000107 0654 065516 1408 065046 0930 000030 0336 064736 0000 065518
1517555707.078642:  1349 000904 2861 002797 0654 000152 1408 001393 0930 000447 0336 000395 0000 000000
1517555707.078695:  1349 000904 2861 002797 0654 000152 1408 001393 0930 000447 0336 000395 0000 000000
1517555707.140429:  1349 001349 2901 002901 0632 000632 1408 001408 0925 000925 0336 000336 0000 000000
1517555707.201242:  1349 000904 2901 002815 0632 000144 1408 001390 0925 000445 0336 000396 0000 000000
1517555707.201294:  1349 000904 2901 002815 0632 000144 1408 001390 0925 000445 0336 000396 0000 000000
1517555707.262957:  1349 000028 2901 000107 0632 065516 1408 065046 0925 000030 0336 064736 0000 065518
1517555707.323751:  1349 000904 2901 002835 0632 000135 1408 001392 0925 000441 0336 000393 0000 000000
1517555707.323837:  1349 000904 2901 002835 0632 000135 1408 001392 0925 000441 0336 000393 0000 000000
1517555707.385679:  1349 001349 2940 002940 0608 000608 1408 001408 0920 000920 0336 000336 0000 000000
1517555707.446493:  1349 000904 2940 002857 0608 000125 1408 001391 0920 000438 0336 000394 0000 000000
1517555707.446580:  1349 000904 2940 002857 0608 000125 1408 001391 0920 000438 0336 000394 0000 000000
1517555707.508393:  1349 000028 2940 000107 0608 065506 1408 065046 0920 000020 0336 064736 0000 065518
1517555707.568565:  1349 000903 2940 002876 0608 000113 1408 001393 0920 000436 0336 000389 0000 000000
1517555707.568612:  1349 000903 2940 002876 0608 000113 1408 001393 0920 000436 0336 000389 0000 000000
1517555707.630357:  1349 001349 2981 002981 0584 000584 1408 001408 0917 000917 0336 000336 0000 000000
1517555707.691312:  1349 000903 2981 002896 0584 000107 1408 001394 0917 000433 0336 000386 0000 000000
1517555707.691380:  1349 000903 2981 002896 0584 000107 1408 001394 0917 000433 0336 000386 0000 000000
1517555707.753105:  1349 000028 2981 000107 0584 065496 1408 065046 0917 000020 0336 064736 0000 065518
1517555707.813770:  1349 000903 2981 002916 0584 000105 1408 001392 0917 000433 0336 000388 0000 000000
1517555707.813822:  1349 000903 2981 002916 0584 000105 1408 001392 0917 000433 0336 000388 0000 000000
1517555707.875384:  1349 001349 3021 003021 0558 000558 1408 001408 0915 000915 0336 000336 0000 000000
1517555707.936211:  1349 000904 3021 002936 0558 000106 1408 001390 0915 000431 0336 000389 0000 000000
1517555707.936299:  1349 000904 3021 002936 0558 000106 1408 001390 0915 000431 0336 000389 0000 000000
1517555707.998097:  1349 000028 3021 000107 0558 065466 1408 065046 0915 000020 0336 064736 0000 065518
1517555708.058925:  1349 000903 3021 002955 0558 000102 1408 001393 0915 000432 0336 000384 0000 000000
1517555708.059007:  1349 000903 3021 002955 0558 000102 1408 001393 0915 000432 0336 000384 0000 000000
1517555708.119128:  1349 001349 3061 003061 0531 000531 1408 001408 0914 000914 0336 000336 0000 000000
1517555708.179864:  1349 000903 3061 002976 0531 000104 1408 001392 0914 000429 0336 000385 0000 000000
1517555708.179965:  1349 000903 3061 002976 0531 000104 1408 001392 0914 000429 0336 000385 0000 000000
1517555708.241462:  1349 000028 3061 000107 0531 065446 1408 065046 0914 000020 0336 064736 0000 065518
1517555708.302216:  1349 000903 3061 002996 0531 000104 1408 001392 0914 000427 0336 000384 0000 000000
1517555708.302287:  1349 000903 3061 002996 0531 000104 1408 001392 0914 000427 0336 000384 0000 000000
1517555708.364228:  1349 001349 3102 003102 0504 000504 1408 001408 0914 000914 0336 000336 0000 000000
1517555708.424995:  1349 000903 3102 003017 0504 000104 1408 001392 0914 000427 0336 000383 0000 000000
1517555708.425071:  1349 000903 3102 003017 0504 000104 1408 001392 0914 000427 0336 000383 0000 000000
1517555708.486758:  1349 000028 3102 000107 0504 065416 1408 065046 0914 000020 0336 064736 0000 065518
1517555708.547557:  1349 000903 3102 003037 0504 000105 1408 001392 0914 000427 0336 000383 0000 000000
1517555708.547617:  1349 000903 3102 003037 0504 000105 1408 001392 0914 000427 0336 000383 0000 000000
1517555708.608904:  1349 001349 3142 003142 0475 000475 1408 001408 0915 000915 0336 000336 0000 000000
1517555708.669674:  1349 000903 3142 003056 0475 000104 1408 001392 0915 000427 0336 000383 0000 000000
1517555708.669743:  1349 000903 3142 003056 0475 000104 1408 001392 0915 000427 0336 000383 0000 000000
1517555708.731623:  1349 000028 3142 000107 0475 065386 1408 065046 0915 000020 0336 064736 0000 065518
1517555708.792412:  1349 000903 3142 003076 0475 000104 1408 001391 0915 000426 0336 000382 0000 000000
1517555708.792488:  1349 000903 3142 003076 0475 000104 1408 001391 0915 000426 0336 000382 0000 000000
1517555708.854055:  1349 001349 3183 003183 0445 000445 1408 001408 0918 000918 0336 000336 0000 000000
1517555708.914787:  1349 000903 3183 003097 0445 000104 1408 001392 0918 000427 0336 000383 0000 000000
1517555708.914856:  1349 000903 3183 003097 0445 000104 1408 001392 0918 000427 0336 000383 0000 000000
1517555708.976658:  1349 000028 3183 000107 0445 065356 1408 065046 0918 000010 0336 064736 0000 065518
1517555709.037395:  1349 000903 3183 003117 0445 000109 1408 001392 0918 000428 0336 000383 0000 000000
1517555709.037443:  1349 000903 3183 003117 0445 000109 1408 001392 0918 000428 0336 000383 0000 000000
1517555709.098763:  1349 001349 3224 003224 0415 000415 1408 001408 0922 000922 0336 000336 0000 000000
1517555709.159642:  1349 000904 3224 003137 0415 000105 1408 001392 0922 000429 0336 000383 0000 000000
1517555709.159711:  1349 000904 3224 003137 0415 000105 1408 001392 0922 000429 0336 000383 0000 000000
