1517556691.781392:  0000 001375 0000 000471 0000 001610 0000 002165 0000 002914 0000 001605 0000 000000
1517556692.342071:  0000 065036 0000 065535 0000 065036 0000 065036 0000 000500 0000 064736 0000 065518
1517556692.402838:  0000 001348 0000 000468 0000 001595 0000 002167 0000 002887 0000 001602 0000 000000
1517556692.402903:  0000 001348 0000 000468 0000 001595 0000 002167 0000 002887 0000 001602 0000 000000
1517556692.464505:  1381 001381 0485 000485 1581 001581 2160 002160 2910 002910 1609 001609 0000 000000
1517556692.525275:  1381 001268 0485 000467 1581 001528 2160 002161 2910 002814 1609 001587 0000 000000
1517556692.525348:  1381 001268 0485 000467 1581 001528 2160 002161 2910 002814 1609 001587 0000 000000
1517556692.587010:  1381 065240 0485 000035 1581 065096 2160 065046 2910 000380 1609 064766 0000 065518
1517556692.647789:  1381 001171 0485 000469 1581 001457 2160 002125 2910 002742 1609 001564 0000 000000
1517556692.647878:  1381 001171 0485 000469 1581 001457 2160 002125 2910 002742 1609 001564 0000 000000
1517556692.709345:  1394 001394 0513 000513 1524 001524 2151 002151 2902 002902 1618 001618 0000 000000
1517556692.770167:  1394 001103 0513 000471 1524 001386 2151 002087 2902 002677 1618 001534 0000 000000
1517556692.770222:  1394 001103 0513 000471 1524 001386 2151 002087 2902 002677 1618 001534 0000 000000
1517556692.831883:  1394 065408 0513 000059 1524 065176 2151 065106 2902 000250 1618 064836 0000 065518
1517556692.892595:  1394 001062 0513 000475 1524 001318 2151 002051 2902 002618 1618 001505 0000 000000
1517556692.892665:  1394 001062 0513 000475 1524 001318 2151 002051 2902 002618 1618 001505 0000 000000
1517556692.954212:  1406 001406 0542 000542 1465 001465 2142 002142 2894 002894 1627 001627 0000 000000
1517556693.014994:  1406 001034 0542 000482 1465 001253 2142 002014 2894 002564 1627 001475 0000 000000
1517556693.015067:  1406 001034 0542 000482 1465 001253 2142 002014 2894 002564 1627 001475 0000 000000
1517556693.076620:  1406 065504 0542 000083 1465 065246 2142 065176 2894 000160 1627 064896 0000 065518
1517556693.137438:  1406 001011 0542 000488 1465 001191 2142 001977 2894 002518 1627 001450 0000 000000
1517556693.137490:  1406 001011 0542 000488 1465 001191 2142 001977 2894 002518 1627 001450 0000 000000
1517556693.199212:  1418 001418 0572 000572 1406 001406 2133 002133 2884 002884 1636 001636 0000 000000
1517556693.260008:  1418 001002 0572 000497 1406 001138 2133 001939 2884 002482 1636 001431 0000 000000
1517556693.260095:  1418 001002 0572 000497 1406 001138 2133 001939 2884 002482 1636 001431 0000 000000
1517556693.321696:  1418 000004 0572 000095 1406 065306 2133 065236 2884 000090 1636 064956 0000 065518
1517556693.382553:  1418 000997 0572 000507 1406 001080 2133 001911 2884 002450 1636 001406 0000 000000
1517556693.382644:  1418 000997 0572 000507 1406 001080 2133 001911 2884 002450 1636 001406 0000 000000
1517556693.444109:  1429 001429 0603 000603 1346 001346 2123 002123 2872 002872 1646 001646 0000 000000
1517556693.504910:  1429 000996 0603 000519 1346 001026 2123 001878 2872 002427 1646 001390 0000 000000
1517556693.504970:  1429 000996 0603 000519 1346 001026 2123 001878 2872 002427 1646 001390 0000 000000
1517556693.566547:  1429 000016 0603 000107 1346 065346 2123 065286 2872 000060 1646 064996 0000 065518
1517556693.627312:  1429 000996 0603 000532 1346 000977 2123 001847 2872 002410 1646 001376 0000 000000
1517556693.627400:  1429 000996 0603 000532 1346 000977 2123 001847 2872 002410 1646 001376 0000 000000
1517556693.688843:  1439 001439 0634 000634 1285 001285 2114 002114 2860 002860 1656 001656 0000 000000
1517556693.749524:  1439 001001 0634 000545 1285 000930 2114 001817 2860 002397 1656 001365 0000 000000
1517556693.749598:  1439 001001 0634 000545 1285 000930 2114 001817 2860 002397 1656 001365 0000 000000
1517556693.801546:  1439 000028 0634 000107 1285 065376 2114 065336 2860 000040 1656 065036 0000 065518
1517556693.862388:  1439 001004 0634 000556 1285 000890 2114 001793 2860 002388 1656 001358 0000 000000
1517556693.862459:  1439 001004 0634 000556 1285 000890 2114 001793 2860 002388 1656 001358 0000 000000
1517556693.924165:  1450 001450 0666 000666 1223 001223 2104 002104 2846 002846 1667 001667 0000 000000
1517556693.984986:  1450 001008 0666 000571 1223 000847 2104 001766 2846 002379 1667 001351 0000 000000
1517556693.985043:  1450 001008 0666 000571 1223 000847 2104 001766 2846 002379 1667 001351 0000 000000
1517556694.046874:  1450 000028 0666 000119 1223 065396 2104 065376 2846 000040 1667 065056 0000 065518
1517556694.107525:  1450 001013 0666 000587 1223 000808 2104 001745 2846 002369 1667 001346 0000 000000
1517556694.107593:  1450 001013 0666 000587 1223 000808 2104 001745 2846 002369 1667 001346 0000 000000
1517556694.169363:  1460 001460 0699 000699 1161 001161 2094 002094 2832 002832 1678 001678 0000 000000
1517556694.230178:  1460 001017 0699 000602 1161 000768 2094 001719 2832 002361 1678 001340 0000 000000
1517556694.230267:  1460 001017 0699 000602 1161 000768 2094 001719 2832 002361 1678 001340 0000 000000
1517556694.291403:  1460 000028 0699 000119 1161 065416 2094 065406 2832 000040 1678 065076 0000 065518
1517556694.352109:  1460 001022 0699 000618 1161 000732 2094 001702 2832 002357 1678 001338 0000 000000
1517556694.352164:  1460 001022 0699 000618 1161 000732 2094 001702 2832 002357 1678 001338 0000 000000
1517556694.413802:  1469 001469 0733 000733 1098 001098 2083 002083 2816 002816 1690 001690 0000 000000
1517556694.474499:  1469 001028 0733 000617 1098 000696 2083 001680 2816 002349 1690 001333 0000 000000
1517556694.474541:  1469 001028 0733 000617 1098 000696 2083 001680 2816 002349 1690 001333 0000 000000
1517556694.536146:  1469 000028 0733 000119 1098 065416 2083 065436 2816 000040 1690 065096 0000 065518
1517556694.596954:  1469 001034 0733 000652 1098 000660 2083 001660 2816 002340 1690 001329 0000 000000
1517556694.597008:  1469 001034 0733 000652 1098 000660 2083 001660 2816 002340 1690 001329 0000 000000
1517556694.658720:  1479 001479 0768 000768 1034 001034 2072 002072 2799 002799 1702 001702 0000 000000
1517556694.719523:  1479 001040 0768 000668 1034 000626 2072 001645 2799 002334 1702 001325 0000 000000
1517556694.719604:  1479 001040 0768 000668 1034 000626 2072 001645 2799 002334 1702 001325 0000 000000
1517556694.781217:  1479 000028 0768 000131 1034 065426 2072 065456 2799 000050 1702 065116 0000 065518
1517556694.841997:  1479 001044 0768 000685 1034 000592 2072 001630 2799 002326 1702 001321 0000 000000
1517556694.842094:  1479 001044 0768 000685 1034 000592 2072 001630 2799 002326 1702 001321 0000 000000
1517556694.903694:  1487 001487 0804 000804 0969 000969 2060 002060 2781 002781 1715 001715 0000 000000
1517556694.964541:  1487 001049 0804 000703 0969 000559 2060 001614 2781 002316 1715 001317 0000 000000
1517556694.964610:  1487 001049 0804 000703 0969 000559 2060 001614 2781 002316 1715 001317 0000 000000
1517556695.026346:  1487 000028 0804 000119 0969 065426 2060 065476 2781 000050 1715 065136 0000 065518
1517556695.087222:  1487 001052 0804 000721 0969 000528 2060 001600 2781 002308 1715 001313 0000 000000
1517556695.087312:  1487 001052 0804 000721 0969 000528 2060 001600 2781 002308 1715 001313 0000 000000
1517556695.148801:  1496 001496 0841 000841 0904 000904 2048 002048 2761 002761 1729 001729 0000 000000
1517556695.209405:  1496 001057 0841 000740 0904 000495 2048 001587 2761 002298 1729 001308 0000 000000
1517556695.209463:  1496 001057 0841 000740 0904 000495 2048 001587 2761 002298 1729 001308 0000 000000
1517556695.270997:  1496 000016 0841 000131 0904 065426 2048 065496 2761 000050 1729 065156 0000 065518
1517556695.331746:  1496 001066 0841 000758 0904 000462 2048 001575 2761 002221 1729 001305 0000 000000
1517556695.331819:  1496 001066 0841 000758 0904 000462 2048 001575 2761 002221 1729 001305 0000 000000
1517556695.393422:  1504 001504 0879 000879 0839 000839 2035 002035 2741 002741 1744 001744 0000 000000
1517556695.454173:  1504 001071 0879 000777 0839 000430 2035 001563 2741 002281 1744 001300 0000 000000
1517556695.454248:  1504 001071 0879 000777 0839 000430 2035 001563 2741 002281 1744 001300 0000 000000
1517556695.516061:  1504 000016 0879 000131 0839 065426 2035 065506 2741 000050 1744 065186 0000 065518
1517556695.576873:  1504 001077 0879 000795 0839 000397 2035 001552 2741 002272 1744 001296 0000 000000
1517556695.576957:  1504 001077 0879 000795 0839 000397 2035 001552 2741 002272 1744 001296 0000 000000
1517556695.638470:  1512 001512 0919 000919 0773 000773 2021 002021 2719 002719 1759 001759 0000 000000
1517556695.699421:  1512 001083 0919 000814 0773 000365 2021 001543 2719 002262 1759 001292 0000 000000
1517556695.699488:  1512 001083 0919 000814 0773 000365 2021 001543 2719 002262 1759 001292 0000 000000
1517556695.761021:  1512 000004 0919 000131 0773 065426 2021 065506 2719 000060 1759 065206 0000 065518
1517556695.821778:  1512 001088 0919 000833 0773 000333 2021 001532 2719 002252 1759 001286 0000 000000
1517556695.821841:  1512 001088 0919 000833 0773 000333 2021 001532 2719 002252 1759 001286 0000 000000
1517556695.883328:  1520 001520 0959 000959 0707 000707 2007 002007 2696 002696 1776 001776 0000 000000
1517556695.944015:  1520 001090 0959 000851 0707 000302 2007 001522 2696 002240 1776 001281 0000 000000
1517556695.944076:  1520 001090 0959 000851 0707 000302 2007 001522 2696 002240 1776 001281 0000 000000
1517556696.005719:  1520 000016 0959 000143 0707 065416 2007 065516 2696 000060 1776 065236 0000 065518
1517556696.066420:  1520 001095 0959 000870 0707 000269 2007 001512 2696 002230 1776 001276 0000 000000
1517556696.066457:  1520 001095 0959 000870 0707 000269 2007 001512 2696 002230 1776 001276 0000 000000
1517556696.128004:  1527 001527 1002 001002 0641 000641 1991 001991 2671 002671 1794 001794 0000 000000
1517556696.188722:  1527 001099 1002 000891 0641 000236 1991 001503 2671 002217 1794 001271 0000 000000
1517556696.188787:  1527 001099 1002 000891 0641 000236 1991 001503 2671 002217 1794 001271 0000 000000
1517556696.250283:  1527 000016 1002 000143 0641 065416 1991 065516 2671 000060 1794 065266 0000 065518
1517556696.301557:  1527 001103 1002 000912 0641 000203 1991 001561 2671 002205 1794 001265 0000 000000
1517556696.301627:  1527 001103 1002 000912 0641 000203 1991 001561 2671 002205 1794 001265 0000 000000
1517556696.363218:  1535 001535 1046 001046 0574 000574 1973 001973 2645 002645 1814 001814 0000 000000
1517556696.423974:  1535 001107 1046 000931 0574 000173 1973 001484 2645 002193 1814 001259 0000 000000
1517556696.424051:  1535 001107 1046 000931 0574 000173 1973 001484 2645 002193 1814 001259 0000 000000
1517556696.485864:  1535 000004 1046 000143 0574 065416 1973 065516 2645 000060 1814 065296 0000 065518
1517556696.546674:  1535 001112 1046 000952 0574 000142 1973 001476 2645 002181 1814 001253 0000 000000
1517556696.546749:  1535 001112 1046 000952 0574 000142 1973 001476 2645 002181 1814 001253 0000 000000
1517556696.608323:  1542 001542 1093 001093 0508 000508 1954 001954 2618 002618 1835 001835 0000 000000
1517556696.669164:  1542 001115 1093 000974 0508 000111 1954 001467 2618 002168 1835 001247 0000 000000
1517556696.669225:  1542 001115 1093 000974 0508 000111 1954 001467 2618 002168 1835 001247 0000 000000
1517556696.730638:  1542 000004 1093 000155 0508 065406 1954 065516 2618 000060 1835 065336 0000 065518
1517556696.781365:  1542 001118 1093 000994 0508 000102 1954 001424 2618 002157 1835 001243 0000 000000
1517556696.781441:  1542 001118 1093 000994 0508 000102 1954 001424 2618 002157 1835 001243 0000 000000
1517556696.842926:  1548 001548 1141 001141 0442 000442 1934 001934 2589 002589 1859 001859 0000 000000
1517556696.903629:  1548 001122 1141 001018 0442 000102 1934 001450 2589 002144 1859 001236 0000 000000
1517556696.903707:  1548 001122 1141 001018 0442 000102 1934 001450 2589 002144 1859 001236 0000 000000
1517556696.965475:  1548 000004 1141 000155 0442 065336 1934 065506 2589 000070 1859 065366 0000 065518
1517556697.026225:  1548 001125 1141 001040 0442 000102 1934 001440 2589 002128 1859 001229 0000 000000
1517556697.026283:  1548 001125 1141 001040 0442 000102 1934 001440 2589 002128 1859 001229 0000 000000
1517556697.087816:  1555 001555 1193 001193 0376 000376 1910 001910 2559 002559 1885 001885 0000 000000
1517556697.148618:  1555 001130 1193 001065 0376 000103 1910 001431 2559 002113 1885 001222 0000 000000
1517556697.148692:  1555 001130 1193 001065 0376 000103 1910 001431 2559 002113 1885 001222 0000 000000
1517556697.210252:  1555 000004 1193 000167 0376 065276 1910 065506 2559 000070 1885 065416 0000 065518
1517556697.271020:  1555 001133 1193 001091 0376 000103 1910 001421 2559 002098 1885 001214 0000 000000
1517556697.271101:  1555 001133 1193 001091 0376 000103 1910 001421 2559 002098 1885 001214 0000 000000
1517556697.331924:  1561 001561 1248 001248 0339 000339 1884 001884 2527 002527 1914 001914 0000 000000
1517556697.392700:  1561 001137 1248 001115 0339 000103 1884 001411 2527 002083 1914 001207 0000 000000
1517556697.392791:  1561 001137 1248 001115 0339 000103 1884 001411 2527 002083 1914 001207 0000 000000
1517556697.454574:  1561 000004 1248 000167 0339 065266 1884 065496 2527 000070 1914 065456 0000 065518
1517556697.515356:  1561 001140 1248 001142 0339 000103 1884 001400 2527 002067 1914 001200 0000 000000
1517556697.515408:  1561 001140 1248 001142 0339 000103 1884 001400 2527 002067 1914 001200 0000 000000
1517556697.576987:  1567 001567 1307 001307 0339 000339 1854 001854 2493 002493 1948 001948 0000 000000
1517556697.637744:  1567 001144 1307 001169 0339 000103 1854 001394 2493 002051 1948 001192 0000 000000
1517556697.637800:  1567 001144 1307 001169 0339 000103 1854 001394 2493 002051 1948 001192 0000 000000
1517556697.699369:  1567 000004 1307 000179 0339 065266 1854 065476 2493 000070 1948 065506 0000 065518
1517556697.760193:  1567 001144 1307 001197 0339 000104 1854 001393 2493 002036 1948 001185 0000 000000
1517556697.760248:  1567 001144 1307 001197 0339 000104 1854 001393 2493 002036 1948 001185 0000 000000
1517556697.821620:  1573 001573 1371 001371 0339 000339 1818 001818 2457 002457 1986 001986 0000 000000
1517556697.882289:  1573 001146 1371 001225 0339 000103 1818 001392 2457 002019 1986 001176 0000 000000
1517556697.882384:  1573 001146 1371 001225 0339 000103 1818 001392 2457 002019 1986 001176 0000 000000
1517556697.944033:  1573 000004 1371 000191 0339 065266 1818 065436 2457 000080 1986 000030 0000 065518
1517556698.004792:  1573 001150 1371 001255 0339 000103 1818 001392 2457 002001 1986 001168 0000 000000
1517556698.004842:  1573 001150 1371 001255 0339 000103 1818 001392 2457 002001 1986 001168 0000 000000
1517556698.066592:  1579 001579 1442 001442 0339 000339 1776 001776 2419 002419 2032 002032 0000 000000
1517556698.127312:  1579 001154 1442 001286 0339 000103 1776 001392 2419 001982 2032 001160 0000 000000
1517556698.127390:  1579 001154 1442 001286 0339 000103 1776 001392 2419 001982 2032 001160 0000 000000
1517556698.189180:  1579 000004 1442 000215 0339 065266 1776 065386 2419 000080 2032 000100 0000 065518
1517556698.249979:  1579 001159 1442 001320 0339 000103 1776 001392 2419 001963 2032 001151 0000 000000
1517556698.250053:  1579 001159 1442 001320 0339 000103 1776 001392 2419 001963 2032 001151 0000 000000
1517556698.311625:  1585 001585 1525 001525 0339 000339 1722 001722 2379 002379 2090 002090 0000 000000
1517556698.372276:  1585 001163 1525 001354 0339 000103 1722 001393 2379 001943 2090 001141 0000 000000
1517556698.372347:  1585 001163 1525 001354 0339 000103 1722 001393 2379 001943 2090 001141 0000 000000
