1517556732.421712:  0000 001360 0000 000473 0000 001644 0000 002168 0000 002925 0000 001610 0000 000000
1517556732.982442:  1360 001360 0473 000473 1643 001643 2168 002168 2925 002925 1610 001610 0000 000000
1517556733.043321:  1360 001333 0473 000472 1643 001629 2168 002168 2925 002901 1610 001609 0000 000000
1517556733.043363:  1360 001333 0473 000472 1643 001629 2168 002168 2925 002901 1610 001609 0000 000000
1517556733.104902:  1360 065108 0473 065535 1643 065056 2168 065036 2925 000440 1610 064736 0000 065518
1517556733.165736:  1360 001254 0473 000471 1643 001562 2168 002160 2925 002827 1610 001594 0000 000000
1517556733.165820:  1360 001254 0473 000471 1643 001562 2168 002160 2925 002827 1610 001594 0000 000000
1517556733.227608:  1368 001368 0489 000489 1609 001609 2162 002162 2920 002920 1615 001615 0000 000000
1517556733.288361:  1368 001156 0489 000473 1609 001490 2162 002125 2920 002756 1615 001570 0000 000000
1517556733.288468:  1368 001156 0489 000473 1609 001490 2162 002125 2920 002756 1615 001570 0000 000000
1517556733.350116:  1368 065336 0489 000023 1609 065166 2162 065086 2920 000310 1615 064796 0000 065518
1517556733.410919:  1368 001087 0489 000473 1609 001419 2162 002087 2920 002689 1615 001540 0000 000000
1517556733.410988:  1368 001087 0489 000473 1609 001419 2162 002087 2920 002689 1615 001540 0000 000000
1517556733.472361:  1375 001375 0506 000506 1575 001575 2157 002157 2916 002916 1620 001620 0000 000000
1517556733.533128:  1375 001043 0506 000475 1575 001354 2157 002051 2916 002630 1620 001511 0000 000000
1517556733.533206:  1375 001043 0506 000475 1575 001354 2157 002051 2916 002630 1620 001511 0000 000000
1517556733.594697:  1375 065456 0506 000035 1575 065266 2157 065156 2916 000190 1620 064856 0000 065518
1517556733.655402:  1375 001011 0506 000478 1575 001291 2157 002014 2916 002576 1620 001482 0000 000000
1517556733.655506:  1375 001011 0506 000478 1575 001291 2157 002014 2916 002576 1620 001482 0000 000000
1517556733.717045:  1383 001383 0523 000523 1540 001540 2151 002151 2911 002911 1625 001625 0000 000000
1517556733.777757:  1383 000989 0523 000483 1540 001238 2151 001982 2911 002530 1625 001456 0000 000000
1517556733.777829:  1383 000989 0523 000483 1540 001238 2151 001982 2911 002530 1625 001456 0000 000000
1517556733.839449:  1383 065516 0523 000047 1540 065346 2151 065216 2911 000110 1625 064916 0000 065518
1517556733.900271:  1383 000975 0523 000486 1540 001192 2151 001943 2911 002497 1625 001434 0000 000000
1517556733.900376:  1383 000975 0523 000486 1540 001192 2151 001943 2911 002497 1625 001434 0000 000000
1517556733.962048:  1390 001390 0541 000541 1505 001505 2146 002146 2906 002906 1631 001631 0000 000000
1517556734.022800:  1390 000969 0541 000490 1505 001138 2146 001912 2906 002469 1631 001415 0000 000000
1517556734.022890:  1390 000969 0541 000490 1505 001138 2146 001912 2906 002469 1631 001415 0000 000000
1517556734.084407:  1390 000004 0541 000059 1505 065406 2146 065276 2906 000060 1631 064956 0000 065518
1517556734.145220:  1390 000967 0541 000496 1505 001096 2146 001881 2906 002450 1631 001398 0000 000000
1517556734.145296:  1390 000967 0541 000496 1505 001096 2146 001881 2906 002450 1631 001398 0000 000000
1517556734.206953:  1398 001398 0559 000559 1470 001470 2140 002140 2900 002900 1637 001637 0000 000000
1517556734.267770:  1398 000966 0559 000501 1470 001058 2140 001850 2900 002437 1637 001387 0000 000000
1517556734.267856:  1398 000966 0559 000501 1470 001058 2140 001850 2900 002437 1637 001387 0000 000000
1517556734.329462:  1398 000016 0559 000071 1470 065446 2140 065336 2900 000040 1637 064986 0000 065518
1517556734.390198:  1398 000968 0559 000507 1470 001027 2140 001823 2900 002427 1637 001377 0000 000000
1517556734.390276:  1398 000968 0559 000507 1470 001027 2140 001823 2900 002427 1637 001377 0000 000000
1517556734.451992:  1405 001405 0577 000577 1434 001434 2134 002134 2894 002894 1642 001642 0000 000000
1517556734.512793:  1405 000969 0577 000513 1434 000997 2134 001797 2894 002421 1642 001370 0000 000000
1517556734.512848:  1405 000969 0577 000513 1434 000997 2134 001797 2894 002421 1642 001370 0000 000000
1517556734.574618:  1405 000016 0577 000083 1434 065466 2134 065376 2894 000030 1642 065006 0000 065518
1517556734.635307:  1405 000971 0577 000519 1434 000969 2134 001772 2894 002417 1642 001366 0000 000000
1517556734.635378:  1405 000971 0577 000519 1434 000969 2134 001772 2894 002417 1642 001366 0000 000000
1517556734.697044:  1412 001412 0595 000595 1398 001398 2129 002129 2887 002887 1648 001648 0000 000000
1517556734.757831:  1412 000974 0595 000527 1398 000943 2129 001750 2887 002413 1648 001363 0000 000000
1517556734.757875:  1412 000974 0595 000527 1398 000943 2129 001750 2887 002413 1648 001363 0000 000000
1517556734.819342:  1412 000016 0595 000083 1398 065476 2129 065416 2887 000030 1648 065016 0000 065518
1517556734.880018:  1412 000979 0595 000535 1398 000921 2129 001729 2887 002411 1648 001361 0000 000000
1517556734.880104:  1412 000979 0595 000535 1398 000921 2129 001729 2887 002411 1648 001361 0000 000000
1517556734.941837:  1418 001418 0613 000613 1361 001361 2123 002123 2880 002880 1654 001654 0000 000000
1517556735.002547:  1418 000985 0613 000578 1361 000898 2123 001710 2880 002408 1654 001359 0000 000000
1517556735.002605:  1418 000985 0613 000578 1361 000898 2123 001710 2880 002408 1654 001359 0000 000000
1517556735.064070:  1418 000016 0613 000083 1361 065486 2123 065446 2880 000040 1654 065026 0000 065518
1517556735.124910:  1418 000989 0613 000552 1361 000878 2123 001694 2880 002405 1654 001357 0000 000000
1517556735.124967:  1418 000989 0613 000552 1361 000878 2123 001694 2880 002405 1654 001357 0000 000000
1517556735.186514:  1425 001425 0632 000632 1325 001325 2117 002117 2873 002873 1660 001660 0000 000000
1517556735.247288:  1425 000993 0632 000560 1325 000858 2117 001678 2873 002402 1660 001356 0000 000000
1517556735.247358:  1425 000993 0632 000560 1325 000858 2117 001678 2873 002402 1660 001356 0000 000000
1517556735.309054:  1425 000016 0632 000083 1325 065486 2117 065476 2873 000030 1660 065046 0000 065518
1517556735.369925:  1425 001000 0632 000570 1325 000836 2117 001661 2873 002398 1660 001353 0000 000000
1517556735.370000:  1425 001000 0632 000570 1325 000836 2117 001661 2873 002398 1660 001353 0000 000000
1517556735.421709:  1431 001431 0651 000651 1287 001287 2111 002111 2865 002865 1667 001667 0000 000000
1517556735.482324:  1431 001002 0651 000579 1287 000817 2111 001650 2865 002394 1667 001352 0000 000000
1517556735.482378:  1431 001002 0651 000579 1287 000817 2111 001650 2865 002394 1667 001352 0000 000000
1517556735.543877:  1431 000016 0651 000083 1287 065496 2111 065496 2865 000040 1667 065046 0000 065518
1517556735.604628:  1431 001006 0651 000587 1287 000798 2111 001639 2865 002390 1667 001350 0000 000000
1517556735.604684:  1431 001006 0651 000587 1287 000798 2111 001639 2865 002390 1667 001350 0000 000000
1517556735.666252:  1438 001438 0670 000670 1250 001250 2105 002105 2856 002856 1673 001673 0000 000000
1517556735.727127:  1438 001010 0670 000596 1250 000780 2105 001628 2856 002385 1673 001348 0000 000000
1517556735.727244:  1438 001010 0670 000596 1250 000780 2105 001628 2856 002385 1673 001348 0000 000000
1517556735.788830:  1438 000004 0670 000083 1250 065496 2105 065506 2856 000040 1673 065056 0000 065518
1517556735.849605:  1438 001014 0670 000605 1250 000762 2105 001619 2856 002383 1673 001346 0000 000000
1517556735.849684:  1438 001014 0670 000605 1250 000762 2105 001619 2856 002383 1673 001346 0000 000000
1517556735.911289:  1444 001444 0690 000690 1213 001213 2099 002099 2848 002848 1680 001680 0000 000000
1517556735.962004:  1444 001018 0690 000616 1213 000743 2099 001609 2848 002379 1680 001344 0000 000000
1517556735.962110:  1444 001018 0690 000616 1213 000743 2099 001609 2848 002379 1680 001344 0000 000000
1517556736.023907:  1444 000004 0690 000095 1213 065486 2099 065526 2848 000040 1680 065066 0000 065518
1517556736.084754:  1444 001021 0690 000625 1213 000725 2099 001601 2848 002375 1680 001343 0000 000000
1517556736.084822:  1444 001021 0690 000625 1213 000725 2099 001601 2848 002375 1680 001343 0000 000000
1517556736.146599:  1450 001450 0710 000710 1175 001175 2093 002093 2839 002839 1687 001687 0000 000000
1517556736.207373:  1450 001025 0710 000635 1175 000706 2093 001592 2839 002371 1687 001340 0000 000000
1517556736.207439:  1450 001025 0710 000635 1175 000706 2093 001592 2839 002371 1687 001340 0000 000000
1517556736.269147:  1450 000004 0710 000083 1175 065486 2093 000000 2839 000040 1687 065086 0000 065518
1517556736.329988:  1450 001030 0710 000647 1175 000687 2093 001587 2839 002367 1687 001339 0000 000000
1517556736.330043:  1450 001030 0710 000647 1175 000687 2093 001587 2839 002367 1687 001339 0000 000000
1517556736.391545:  1456 001456 0730 000730 1137 001137 2087 002087 2829 002829 1694 001694 0000 000000
1517556736.451968:  1456 001034 0730 000657 1137 000667 2087 001581 2829 002361 1694 001337 0000 000000
1517556736.452041:  1456 001034 0730 000657 1137 000667 2087 001581 2829 002361 1694 001337 0000 000000
1517556736.513731:  1456 000004 0730 000083 1137 065496 2087 000000 2829 000040 1694 065096 0000 065518
1517556736.574555:  1456 001038 0730 000668 1137 000650 2087 001574 2829 002356 1694 001334 0000 000000
1517556736.574625:  1456 001038 0730 000668 1137 000650 2087 001574 2829 002356 1694 001334 0000 000000
1517556736.636377:  1461 001461 0751 000751 1098 001098 2080 002080 2819 002819 1701 001701 0000 000000
1517556736.697328:  1461 001041 0751 000679 1098 000631 2080 001568 2819 002350 1701 001331 0000 000000
1517556736.697397:  1461 001041 0751 000679 1098 000631 2080 001568 2819 002350 1701 001331 0000 000000
1517556736.758977:  1461 000004 0751 000083 1098 065486 2080 000010 2819 000040 1701 065106 0000 065518
1517556736.819709:  1461 001045 0751 000690 1098 000611 2080 001562 2819 002345 1701 001329 0000 000000
1517556736.819777:  1461 001045 0751 000690 1098 000611 2080 001562 2819 002345 1701 001329 0000 000000
1517556736.881275:  1467 001467 0771 000771 1060 001060 2073 002073 2809 002809 1708 001708 0000 000000
1517556736.941898:  1467 001047 0771 000700 1060 000592 2073 001557 2809 002340 1708 001326 0000 000000
1517556736.941955:  1467 001047 0771 000700 1060 000592 2073 001557 2809 002340 1708 001326 0000 000000
1517556737.003826:  1467 000004 0771 000083 1060 065486 2073 000010 2809 000040 1708 065116 0000 065518
1517556737.064581:  1467 001047 0771 000712 1060 000573 2073 001550 2809 002337 1708 001324 0000 000000
1517556737.064619:  1467 001047 0771 000712 1060 000573 2073 001550 2809 002337 1708 001324 0000 000000
1517556737.126111:  1473 001473 0793 000793 1021 001021 2066 002066 2798 002798 1716 001716 0000 000000
1517556737.186934:  1473 001045 0793 000723 1021 000554 2066 001546 2798 002334 1716 001322 0000 000000
1517556737.186992:  1473 001045 0793 000723 1021 000554 2066 001546 2798 002334 1716 001322 0000 000000
1517556737.248666:  1473 000016 0793 000083 1021 065486 2066 000020 2798 000040 1716 065126 0000 065518
1517556737.309484:  1473 001045 0793 000734 1021 000535 2066 001541 2798 002330 1716 001320 0000 000000
1517556737.309593:  1473 001045 0793 000734 1021 000535 2066 001541 2798 002330 1716 001320 0000 000000
1517556737.371062:  1478 001478 0814 000814 0982 000982 2059 002059 2787 002787 1724 001724 0000 000000
1517556737.431818:  1478 001047 0814 000743 0982 000517 2059 001536 2787 002325 1724 001318 0000 000000
1517556737.431877:  1478 001047 0814 000743 0982 000517 2059 001536 2787 002325 1724 001318 0000 000000
1517556737.493642:  1478 000016 0814 000083 0982 065486 2059 000020 2787 000040 1724 065146 0000 065518
1517556737.554388:  1478 001049 0814 000752 0982 000498 2059 001532 2787 002319 1724 001281 0000 000000
1517556737.554468:  1478 001049 0814 000752 0982 000498 2059 001532 2787 002319 1724 001281 0000 000000
1517556737.616200:  1483 001483 0836 000836 0943 000943 2052 002052 2776 002776 1732 001732 0000 000000
1517556737.677030:  1483 001050 0836 000762 0943 000479 2052 001527 2776 002314 1732 001312 0000 000000
1517556737.677096:  1483 001050 0836 000762 0943 000479 2052 001527 2776 002314 1732 001312 0000 000000
1517556737.738773:  1483 000016 0836 000083 0943 065486 2052 000020 2776 000040 1732 065156 0000 065518
1517556737.799627:  1483 001052 0836 000773 0943 000460 2052 001523 2776 002308 1732 001311 0000 000000
1517556737.799681:  1483 001052 0836 000773 0943 000460 2052 001523 2776 002308 1732 001311 0000 000000
1517556737.861275:  1488 001488 0859 000859 0904 000904 2044 002044 2764 002764 1741 001741 0000 000000
1517556737.921741:  1488 001054 0859 000784 0904 000442 2044 001520 2764 002301 1741 001308 0000 000000
1517556737.921829:  1488 001054 0859 000784 0904 000442 2044 001520 2764 002301 1741 001308 0000 000000
1517556737.983407:  1488 000016 0859 000095 0904 065486 2044 000020 2764 000040 1741 065166 0000 065518
1517556738.044243:  1488 001056 0859 000796 0904 000422 2044 001515 2764 002295 1741 001305 0000 000000
1517556738.044280:  1488 001056 0859 000796 0904 000422 2044 001515 2764 002295 1741 001305 0000 000000
1517556738.105771:  1493 001493 0882 000882 0864 000864 2036 002036 2751 002751 1750 001750 0000 000000
1517556738.166507:  1493 001065 0882 000808 0864 000405 2036 001510 2751 002289 1750 001302 0000 000000
1517556738.166776:  1493 001065 0882 000808 0864 000405 2036 001510 2751 002289 1750 001302 0000 000000
1517556738.228357:  1493 000004 0882 000095 0864 065476 2036 000020 2751 000050 1750 065216 0000 065518
1517556738.289151:  1493 001071 0882 000819 0864 000385 2036 001507 2751 002283 1750 001299 0000 000000
1517556738.289220:  1493 001071 0882 000819 0864 000385 2036 001507 2751 002283 1750 001299 0000 000000
1517556738.350850:  1498 001498 0905 000905 0825 000825 2028 002028 2738 002738 1759 001759 0000 000000
1517556738.411603:  1498 001075 0905 000830 0825 000365 2028 001502 2738 002276 1759 001296 0000 000000
1517556738.411678:  1498 001075 0905 000830 0825 000365 2028 001502 2738 002276 1759 001296 0000 000000
1517556738.472219:  1498 000004 0905 000095 0825 065486 2028 000020 2738 000050 1759 065206 0000 065518
1517556738.532975:  1498 001080 0905 000841 0825 000345 2028 001499 2738 002270 1759 001292 0000 000000
1517556738.533043:  1498 001080 0905 000841 0825 000345 2028 001499 2738 002270 1759 001292 0000 000000
1517556738.594742:  1503 001503 0929 000929 0785 000785 2020 002020 2725 002725 1769 001769 0000 000000
1517556738.655530:  1503 001084 0929 000854 0785 000325 2020 001494 2725 002263 1769 001289 0000 000000
1517556738.655584:  1503 001084 0929 000854 0785 000325 2020 001494 2725 002263 1769 001289 0000 000000
1517556738.717144:  1503 065528 0929 000095 0785 065476 2020 000020 2725 000050 1769 065216 0000 065518
1517556738.777838:  1503 001087 0929 000865 0785 000306 2020 001490 2725 002256 1769 001286 0000 000000
1517556738.777891:  1503 001087 0929 000865 0785 000306 2020 001490 2725 002256 1769 001286 0000 000000
1517556738.839318:  1508 001508 0953 000953 0745 000745 2011 002011 2711 002711 1779 001779 0000 000000
1517556738.900074:  1508 001087 0953 000877 0745 000285 2011 001485 2711 002249 1779 001283 0000 000000
1517556738.900175:  1508 001087 0953 000877 0745 000285 2011 001485 2711 002249 1779 001283 0000 000000
1517556738.952018:  1508 000004 0953 000095 0745 065486 2011 000020 2711 000050 1779 065236 0000 065518
1517556739.012991:  1508 001088 0953 000888 0745 000267 2011 001482 2711 002243 1779 001280 0000 000000
1517556739.013135:  1508 001088 0953 000888 0745 000267 2011 001482 2711 002243 1779 001280 0000 000000
1517556739.014928:  1508 001088 0953 000888 0745 000267 2011 001482 2711 002243 1779 001280 0000 000000
