1517295953.878400:  0000 001762 0000 000326 0000 003270 0000 002490 0000 003611 0000 001945 0000 000000
1517295954.439083:  0000 065472 0000 000071 0000 065393 0000 065456 0000 065366 0000 064736 0000 065518
1517295954.499888:  0000 001762 0000 000329 0000 003264 0000 002491 0000 003620 0000 001953 0000 000000
1517295954.499959:  0000 001762 0000 000329 0000 003264 0000 002491 0000 003620 0000 001953 0000 000000
1517295954.561752:  1765 001765 0337 000337 3245 003245 2488 002488 3605 003605 1943 001943 0000 000000
1517295954.622533:  1765 001762 0337 000342 3245 003221 2488 002490 3605 003658 1943 001959 0000 000000
1517295954.622608:  1765 001762 0337 000342 3245 003221 2488 002490 3605 003658 1943 001959 0000 000000
1517295954.684065:  1765 065472 0337 000071 3245 065413 2488 065456 3605 065436 1943 064736 0000 065518
1517295954.744757:  1765 001761 0337 000355 3245 003178 2488 002490 3605 003692 1943 001965 0000 000000
1517295954.744843:  1765 001761 0337 000355 3245 003178 2488 002490 3605 003692 1943 001965 0000 000000
1517295954.806368:  1772 001772 0360 000360 3196 003196 2485 002485 3593 003593 1941 001941 0000 000000
1517295954.867282:  1772 001760 0360 000367 3196 003137 2485 002490 3593 003723 1941 001976 0000 000000
1517295954.867376:  1772 001760 0360 000367 3196 003137 2485 002490 3593 003723 1941 001976 0000 000000
1517295954.928972:  1772 065484 0360 000071 3196 065443 2485 065456 3593 065516 1941 064736 0000 065518
1517295954.989765:  1772 001760 0360 000380 3196 003101 2485 002490 3593 003749 1941 001990 0000 000000
1517295954.989836:  1772 001760 0360 000380 3196 003101 2485 002490 3593 003749 1941 001990 0000 000000
1517295955.051761:  1778 001778 0383 000383 3146 003146 2481 002481 3579 003579 1939 001939 0000 000000
1517295955.112629:  1778 001759 0383 000392 3146 003068 2481 002491 3579 003768 1939 002005 0000 000000
1517295955.112688:  1778 001759 0383 000392 3146 003068 2481 002491 3579 003768 1939 002005 0000 000000
1517295955.174360:  1778 065496 0383 000071 3146 065453 2481 065446 3579 000040 1939 064736 0000 065518
1517295955.235162:  1778 001760 0383 000405 3146 003035 2481 002491 3579 003781 1939 002020 0000 000000
1517295955.235216:  1778 001760 0383 000405 3146 003035 2481 002491 3579 003781 1939 002020 0000 000000
1517295955.297151:  1784 001784 0406 000406 3093 003093 2478 002478 3565 003565 1937 001937 0000 000000
1517295955.357975:  1784 001761 0406 000415 3093 003006 2478 002490 3565 003786 1937 002025 0000 000000
1517295955.358028:  1784 001761 0406 000415 3093 003006 2478 002490 3565 003786 1937 002025 0000 000000
1517295955.418768:  1784 065496 0406 000071 3093 065463 2478 065446 3565 000060 1937 064736 0000 065518
1517295955.479611:  1784 001761 0406 000428 3093 002976 2478 002488 3565 003787 1937 002033 0000 000000
1517295955.479671:  1784 001761 0406 000428 3093 002976 2478 002488 3565 003787 1937 002033 0000 000000
1517295955.541330:  1790 001790 0430 000430 3040 003040 2476 002476 3549 003549 1934 001934 0000 000000
1517295955.602261:  1790 001762 0430 000440 3040 002947 2476 002480 3549 003786 1934 002033 0000 000000
1517295955.602328:  1790 001762 0430 000440 3040 002947 2476 002480 3549 003786 1934 002033 0000 000000
1517295955.664130:  1790 065508 0430 000071 3040 065463 2476 065456 3549 000070 1934 064736 0000 065518
1517295955.724932:  1790 001764 0430 000452 3040 002920 2476 002476 3549 003782 1934 002028 0000 000000
1517295955.725003:  1790 001764 0430 000452 3040 002920 2476 002476 3549 003782 1934 002028 0000 000000
1517295955.786915:  1795 001795 0453 000453 2985 002985 2473 002473 3532 003532 1932 001932 0000 000000
1517295955.847767:  1795 001769 0453 000463 2985 002893 2473 002471 3532 003777 1932 002026 0000 000000
1517295955.847834:  1795 001769 0453 000463 2985 002893 2473 002471 3532 003777 1932 002026 0000 000000
1517295955.908667:  1795 065496 0453 000071 2985 065463 2473 065456 3532 000080 1932 064736 0000 065518
1517295955.969452:  1795 001773 0453 000475 2985 002864 2473 002465 3532 003770 1932 002025 0000 000000
1517295955.969541:  1795 001773 0453 000475 2985 002864 2473 002465 3532 003770 1932 002025 0000 000000
1517295956.031044:  1800 001800 0477 000477 2928 002928 2470 002470 3514 003514 1929 001929 0000 000000
1517295956.091812:  1800 001776 0477 000487 2928 002835 2470 002460 3514 003761 1929 002021 0000 000000
1517295956.091866:  1800 001776 0477 000487 2928 002835 2470 002460 3514 003761 1929 002021 0000 000000
1517295956.153618:  1800 065496 0477 000071 2928 065463 2470 065456 3514 000080 1929 064736 0000 065518
1517295956.214357:  1800 001781 0477 000500 2928 002808 2470 002457 3514 003752 1929 002020 0000 000000
1517295956.214429:  1800 001781 0477 000500 2928 002808 2470 002457 3514 003752 1929 002020 0000 000000
1517295956.275916:  1805 001805 0501 000501 2871 002871 2467 002467 3495 003495 1926 001926 0000 000000
1517295956.336627:  1805 001786 0501 000511 2871 002779 2467 002453 3495 003743 1926 002021 0000 000000
1517295956.336728:  1805 001786 0501 000511 2871 002779 2467 002453 3495 003743 1926 002021 0000 000000
1517295956.388484:  1805 065496 0501 000071 2871 065463 2467 065466 3495 000080 1926 064736 0000 065518
1517295956.449292:  1805 001789 0501 000522 2871 002753 2467 002449 3495 003734 1926 002010 0000 000000
1517295956.449367:  1805 001789 0501 000522 2871 002753 2467 002449 3495 003734 1926 002010 0000 000000
1517295956.511337:  1809 001809 0525 000525 2812 002812 2464 002464 3475 003475 1923 001923 0000 000000
1517295956.572120:  1809 001793 0525 000534 2812 002723 2464 002445 3475 003724 1923 002008 0000 000000
1517295956.572188:  1809 001793 0525 000534 2812 002723 2464 002445 3475 003724 1923 002008 0000 000000
1517295956.633983:  1809 065484 0525 000071 2812 065463 2464 065476 3475 000080 1923 064736 0000 065518
1517295956.694766:  1809 001796 0525 000546 2812 002693 2464 002441 3475 003715 1923 002008 0000 000000
1517295956.694865:  1809 001796 0525 000546 2812 002693 2464 002441 3475 003715 1923 002008 0000 000000
1517295956.756491:  1813 001813 0550 000550 2752 002752 2462 002462 3454 003454 1920 001920 0000 000000
1517295956.817342:  1813 001800 0550 000557 2752 002664 2462 002437 3454 003705 1920 002005 0000 000000
1517295956.817418:  1813 001800 0550 000557 2752 002664 2462 002437 3454 003705 1920 002005 0000 000000
1517295956.878404:  1813 065484 0550 000035 2752 065463 2462 065476 3454 000080 1920 064736 0000 065518
1517295956.939154:  1813 001805 0550 000569 2752 002635 2462 002436 3454 003696 1920 002000 0000 000000
1517295956.939207:  1813 001805 0550 000569 2752 002635 2462 002436 3454 003696 1920 002000 0000 000000
1517295957.000808:  1817 001817 0575 000575 2690 002690 2459 002459 3432 003432 1917 001917 0000 000000
1517295957.061641:  1817 001807 0575 000583 2690 002605 2459 002432 3432 003686 1917 001994 0000 000000
1517295957.061732:  1817 001807 0575 000583 2690 002605 2459 002432 3432 003686 1917 001994 0000 000000
1517295957.123519:  1817 065484 0575 000071 2690 065453 2459 065476 3432 000090 1917 064736 0000 065518
1517295957.184347:  1817 001809 0575 000596 2690 002575 2459 002430 3432 003675 1917 001984 0000 000000
1517295957.184437:  1817 001809 0575 000596 2690 002575 2459 002430 3432 003675 1917 001984 0000 000000
1517295957.246159:  1821 001821 0600 000600 2628 002628 2456 002456 3409 003409 1914 001914 0000 000000
1517295957.306957:  1821 001811 0600 000613 2628 002545 2456 002428 3409 003662 1914 001976 0000 000000
1517295957.307014:  1821 001811 0600 000613 2628 002545 2456 002428 3409 003662 1914 001976 0000 000000
1517295957.368602:  1821 065484 0600 000071 2628 065453 2456 065476 3409 000080 1914 064736 0000 065518
1517295957.429015:  1821 001813 0600 000621 2628 002516 2456 002427 3409 003649 1914 001971 0000 000000
1517295957.429108:  1821 001813 0600 000621 2628 002516 2456 002427 3409 003649 1914 001971 0000 000000
1517295957.490832:  1824 001824 0625 000625 2564 002564 2453 002453 3386 003386 1911 001911 0000 000000
1517295957.551628:  1824 001815 0625 000634 2564 002484 2453 002425 3386 003636 1911 001969 0000 000000
1517295957.551682:  1824 001815 0625 000634 2564 002484 2453 002425 3386 003636 1911 001969 0000 000000
1517295957.613228:  1824 065484 0625 000035 2564 065453 2453 065476 3386 000080 1911 064736 0000 065518
1517295957.674047:  1824 001815 0625 000645 2564 002454 2453 002424 3386 003624 1911 001967 0000 000000
1517295957.674101:  1824 001815 0625 000645 2564 002454 2453 002424 3386 003624 1911 001967 0000 000000
1517295957.735745:  1828 001828 0651 000651 2499 002499 2450 002450 3361 003361 1907 001907 0000 000000
1517295957.796532:  1828 001815 0651 000658 2499 002422 2450 002421 3361 003611 1907 001960 0000 000000
1517295957.796588:  1828 001815 0651 000658 2499 002422 2450 002421 3361 003611 1907 001960 0000 000000
1517295957.858229:  1828 065484 0651 000071 2499 065443 2450 065476 3361 000080 1907 064736 0000 065518
1517295957.918737:  1828 001815 0651 000670 2499 002392 2450 002419 3361 003598 1907 001956 0000 000000
1517295957.918848:  1828 001815 0651 000670 2499 002392 2450 002419 3361 003598 1907 001956 0000 000000
1517295957.980496:  1831 001831 0677 000677 2433 002433 2447 002447 3335 003335 1904 001904 0000 000000
1517295958.041272:  1831 001815 0677 000682 2433 002358 2447 002417 3335 003586 1904 001945 0000 000000
1517295958.041356:  1831 001815 0677 000682 2433 002358 2447 002417 3335 003586 1904 001945 0000 000000
1517295958.102920:  1831 065484 0677 000071 2433 065443 2447 065486 3335 000080 1904 064736 0000 065518
1517295958.163724:  1831 001815 0677 000695 2433 002325 2447 002415 3335 003573 1904 001935 0000 000000
1517295958.163823:  1831 001815 0677 000695 2433 002325 2447 002415 3335 003573 1904 001935 0000 000000
1517295958.225333:  1834 001834 0703 000703 2366 002366 2444 002444 3309 003309 1900 001900 0000 000000
1517295958.286146:  1834 001815 0703 000707 2366 002293 2444 002414 3309 003561 1900 001928 0000 000000
1517295958.286251:  1834 001815 0703 000707 2366 002293 2444 002414 3309 003561 1900 001928 0000 000000
1517295958.347847:  1834 065496 0703 000071 2366 065443 2444 065486 3309 000080 1900 064736 0000 065518
1517295958.408677:  1834 001815 0703 000720 2366 002260 2444 002413 3309 003548 1900 001923 0000 000000
1517295958.408735:  1834 001815 0703 000720 2366 002260 2444 002413 3309 003548 1900 001923 0000 000000
1517295958.470250:  1837 001837 0730 000730 2299 002299 2441 002441 3281 003281 1896 001896 0000 000000
1517295958.530937:  1837 001817 0730 000733 2299 002227 2441 002412 3281 003535 1896 001921 0000 000000
1517295958.531057:  1837 001817 0730 000733 2299 002227 2441 002412 3281 003535 1896 001921 0000 000000
1517295958.592557:  1837 065496 0730 000071 2299 065443 2441 065476 3281 000090 1896 064736 0000 065518
1517295958.653365:  1837 001818 0730 000745 2299 002194 2441 002409 3281 003521 1896 001918 0000 000000
1517295958.653455:  1837 001818 0730 000745 2299 002194 2441 002409 3281 003521 1896 001918 0000 000000
1517295958.715018:  1840 001840 0757 000757 2230 002230 2438 002438 3253 003253 1892 001892 0000 000000
1517295958.775819:  1840 001819 0757 000758 2230 002162 2438 002408 3253 003526 1892 001912 0000 000000
1517295958.775920:  1840 001819 0757 000758 2230 002162 2438 002408 3253 003526 1892 001912 0000 000000
1517295958.837587:  1840 065496 0757 000071 2230 065433 2438 065486 3253 000090 1892 064736 0000 065518
1517295958.888474:  1840 001820 0757 000770 2230 002129 2438 002406 3253 003493 1892 001904 0000 000000
1517295958.888568:  1840 001820 0757 000770 2230 002129 2438 002406 3253 003493 1892 001904 0000 000000
1517295958.951924:  1842 001842 0784 000784 2160 002160 2435 002435 3224 003224 1888 001888 0000 000000
1517295959.012494:  1842 001822 0784 000782 2160 002097 2435 002406 3224 003481 1888 001894 0000 000000
1517295959.012586:  1842 001822 0784 000782 2160 002097 2435 002406 3224 003481 1888 001894 0000 000000
1517295959.074219:  1842 065496 0784 000083 2160 065433 2435 065476 3224 000090 1888 064736 0000 065518
1517295959.134751:  1842 001823 0784 000795 2160 002061 2435 002404 3224 003466 1888 001891 0000 000000
1517295959.134836:  1842 001823 0784 000795 2160 002061 2435 002404 3224 003466 1888 001891 0000 000000
1517295959.196519:  1845 001845 0812 000812 2089 002089 2431 002431 3193 003193 1883 001883 0000 000000
1517295959.257193:  1845 001825 0812 000808 2089 002026 2431 002403 3193 003452 1883 001883 0000 000000
1517295959.257248:  1845 001825 0812 000808 2089 002026 2431 002403 3193 003452 1883 001883 0000 000000
1517295959.318871:  1845 065496 0812 000083 2089 065433 2431 065476 3193 000090 1883 064736 0000 065518
1517295959.378405:  1845 001827 0812 000822 2089 001990 2431 002401 3193 003438 1883 001872 0000 000000
1517295959.378483:  1845 001827 0812 000822 2089 001990 2431 002401 3193 003438 1883 001872 0000 000000
1517295959.440068:  1847 001847 0841 000841 2018 002018 2428 002428 3162 003162 1879 001879 0000 000000
1517295959.500804:  1847 001829 0841 000835 2018 001955 2428 002399 3162 003425 1879 001867 0000 000000
1517295959.500875:  1847 001829 0841 000835 2018 001955 2428 002399 3162 003425 1879 001867 0000 000000
1517295959.562711:  1847 065484 0841 000083 2018 065433 2428 065476 3162 000090 1879 064746 0000 065518
1517295959.623516:  1847 001831 0841 000850 2018 001920 2428 002398 3162 003407 1879 001855 0000 000000
1517295959.623607:  1847 001831 0841 000850 2018 001920 2428 002398 3162 003407 1879 001855 0000 000000
1517295959.685076:  1850 001850 0870 000870 1946 001946 2424 002424 3130 003130 1874 001874 0000 000000
1517295959.745862:  1850 001832 0870 000864 1946 001883 2424 002396 3130 003389 1874 001846 0000 000000
1517295959.745919:  1850 001832 0870 000864 1946 001883 2424 002396 3130 003389 1874 001846 0000 000000
1517295959.807522:  1850 065484 0870 000083 1946 065433 2424 065476 3130 000090 1874 064756 0000 065518
1517295959.868200:  1850 001835 0870 000878 1946 001848 2424 002395 3130 003373 1874 001840 0000 000000
1517295959.868265:  1850 001835 0870 000878 1946 001848 2424 002395 3130 003373 1874 001840 0000 000000
1517295959.929045:  1852 001852 0899 000899 1873 001873 2420 002420 3097 003097 1869 001869 0000 000000
1517295959.989852:  1852 001836 0899 000892 1873 001812 2420 002395 3097 003358 1869 001837 0000 000000
1517295959.989919:  1852 001836 0899 000892 1873 001812 2420 002395 3097 003358 1869 001837 0000 000000
1517295960.051594:  1852 065484 0899 000083 1873 065433 2420 065476 3097 000100 1869 064766 0000 065518
1517295960.112380:  1852 001838 0899 000907 1873 001776 2420 002392 3097 003342 1869 001832 0000 000000
1517295960.112499:  1852 001838 0899 000907 1873 001776 2420 002392 3097 003342 1869 001832 0000 000000
1517295960.174122:  1854 001854 0930 000930 1799 001799 2416 002416 3063 003063 1864 001864 0000 000000
1517295960.234873:  1854 001839 0930 000921 1799 001739 2416 002391 3063 003324 1864 001822 0000 000000
1517295960.234957:  1854 001839 0930 000921 1799 001739 2416 002391 3063 003324 1864 001822 0000 000000
1517295960.296787:  1854 065484 0930 000083 1799 065433 2416 065476 3063 000100 1864 064776 0000 065518
1517295960.357590:  1854 001841 0930 000936 1799 001705 2416 002390 3063 003308 1864 001815 0000 000000
1517295960.357681:  1854 001841 0930 000936 1799 001705 2416 002390 3063 003308 1864 001815 0000 000000
1517295960.418717:  1856 001856 0960 000960 1724 001724 2412 002412 3027 003027 1858 001858 0000 000000
1517295960.479555:  1856 001842 0960 000951 1724 001667 2412 002386 3027 003290 1858 001802 0000 000000
1517295960.479616:  1856 001842 0960 000951 1724 001667 2412 002386 3027 003290 1858 001802 0000 000000
