1517294179.310693:  0000 001757 0000 000275 0000 003280 0000 002460 0000 003603 0000 001939 0000 000000
1517294179.871325:  1757 001757 0275 000275 3279 003279 2460 002460 3603 003603 1939 001939 0000 000000
1517294179.932144:  1757 001757 0275 000269 3279 003276 2460 002460 3603 003610 1939 001946 0000 000000
1517294179.932232:  1757 001757 0275 000269 3279 003276 2460 002460 3603 003610 1939 001946 0000 000000
1517294179.993745:  1757 065460 0275 000011 3279 065403 2460 065446 3603 065406 1939 064815 0000 065518
1517294180.054456:  1757 001748 0275 000270 3279 003236 2460 002459 3603 003646 1939 001948 0000 000000
1517294180.054530:  1757 001748 0275 000270 3279 003236 2460 002459 3603 003646 1939 001948 0000 000000
1517294180.116138:  1764 001764 0297 000297 3234 003234 2456 002456 3595 003595 1936 001936 0000 000000
1517294180.176924:  1764 001742 0297 000273 3234 003195 2456 002459 3595 003679 1936 001957 0000 000000
1517294180.176976:  1764 001742 0297 000273 3234 003195 2456 002459 3595 003679 1936 001957 0000 000000
1517294180.238574:  1764 065484 0297 000035 3234 065433 2456 065446 3595 065476 1936 064795 0000 065518
1517294180.299345:  1764 001739 0297 000277 3234 003159 2456 002460 3595 003709 1936 001964 0000 000000
1517294180.299432:  1764 001739 0297 000277 3234 003159 2456 002460 3595 003709 1936 001964 0000 000000
1517294180.350988:  1771 001771 0321 000321 3186 003186 2453 002453 3586 003586 1934 001934 0000 000000
1517294180.411759:  1771 001738 0321 000282 3186 003124 2453 002459 3586 003733 1934 001985 0000 000000
1517294180.411836:  1771 001738 0321 000282 3186 003124 2453 002459 3586 003733 1934 001985 0000 000000
1517294180.473643:  1771 065496 0321 000047 3186 065453 2453 065446 3586 000000 1934 064765 0000 065518
1517294180.534387:  1771 001740 0321 000287 3186 003091 2453 002454 3586 003753 1934 001994 0000 000000
1517294180.534461:  1771 001740 0321 000287 3186 003091 2453 002454 3586 003753 1934 001994 0000 000000
1517294180.596182:  1778 001778 0344 000344 3137 003137 2450 002450 3575 003575 1932 001932 0000 000000
1517294180.656971:  1778 001743 0344 000294 3137 003061 2450 002446 3575 003768 1932 002005 0000 000000
1517294180.657043:  1778 001743 0344 000294 3137 003061 2450 002446 3575 003768 1932 002005 0000 000000
1517294180.718607:  1778 065496 0344 000059 3137 065463 2450 065446 3575 000040 1932 064745 0000 065518
1517294180.779353:  1778 001753 0344 000302 3137 003033 2450 002438 3575 003775 1932 002012 0000 000000
1517294180.779430:  1778 001753 0344 000302 3137 003033 2450 002438 3575 003775 1932 002012 0000 000000
1517294180.840913:  1784 001784 0367 000367 3086 003086 2447 002447 3563 003563 1930 001930 0000 000000
1517294180.901656:  1784 001747 0367 000309 3086 003004 2447 002430 3563 003778 1930 002020 0000 000000
1517294180.901723:  1784 001747 0367 000309 3086 003004 2447 002430 3563 003778 1930 002020 0000 000000
1517294180.963365:  1784 065496 0367 000071 3086 065473 2447 065456 3563 000060 1930 064736 0000 065518
1517294181.024094:  1784 001749 0367 000318 3086 002977 2447 002424 3563 003779 1930 002027 0000 000000
1517294181.024170:  1784 001749 0367 000318 3086 002977 2447 002424 3563 003779 1930 002027 0000 000000
1517294181.087295:  1790 001790 0391 000391 3034 003034 2444 002444 3550 003550 1927 001927 0000 000000
1517294181.148121:  1790 001751 0391 000328 3034 002951 2444 002416 3550 003779 1927 002032 0000 000000
1517294181.148177:  1790 001751 0391 000328 3034 002951 2444 002416 3550 003779 1927 002032 0000 000000
1517294181.209725:  1790 065496 0391 000083 3034 065473 2444 065476 3550 000070 1927 064736 0000 065518
1517294181.270501:  1790 001755 0391 000338 3034 002926 2444 002409 3550 003774 1927 002029 0000 000000
1517294181.270569:  1790 001755 0391 000338 3034 002926 2444 002409 3550 003774 1927 002029 0000 000000
1517294181.330796:  1795 001795 0415 000415 2980 002980 2441 002441 3536 003536 1925 001925 0000 000000
1517294181.391619:  1795 001760 0415 000351 2980 002898 2441 002406 3536 003769 1925 002024 0000 000000
1517294181.391715:  1795 001760 0415 000351 2980 002898 2441 002406 3536 003769 1925 002024 0000 000000
1517294181.453480:  1795 065496 0415 000083 2980 065463 2441 065476 3536 000070 1925 064736 0000 065518
1517294181.514335:  1795 001764 0415 000361 2980 002871 2441 002402 3536 003764 1925 002020 0000 000000
1517294181.514412:  1795 001764 0415 000361 2980 002871 2441 002402 3536 003764 1925 002020 0000 000000
1517294181.575880:  1800 001800 0438 000438 2926 002926 2438 002438 3521 003521 1922 001922 0000 000000
1517294181.636682:  1800 001768 0438 000373 2926 002844 2438 002397 3521 003757 1922 002019 0000 000000
1517294181.636748:  1800 001768 0438 000373 2926 002844 2438 002397 3521 003757 1922 002019 0000 000000
1517294181.698385:  1800 065496 0438 000083 2926 065463 2438 065486 3521 000080 1922 064736 0000 065518
1517294181.759166:  1800 001773 0438 000384 2926 002817 2438 002393 3521 003749 1922 002016 0000 000000
1517294181.759231:  1800 001773 0438 000384 2926 002817 2438 002393 3521 003749 1922 002016 0000 000000
1517294181.820686:  1805 001805 0463 000463 2869 002869 2435 002435 3504 003504 1919 001919 0000 000000
1517294181.881426:  1805 001777 0463 000396 2869 002789 2435 002390 3504 003740 1919 002014 0000 000000
1517294181.881479:  1805 001777 0463 000396 2869 002789 2435 002390 3504 003740 1919 002014 0000 000000
1517294181.943092:  1805 065484 0463 000083 2869 065463 2435 065486 3504 000080 1919 064736 0000 065518
1517294182.003832:  1805 001780 0463 000408 2869 002761 2435 002385 3504 003732 1919 002015 0000 000000
1517294182.003933:  1805 001780 0463 000408 2869 002761 2435 002385 3504 003732 1919 002015 0000 000000
1517294182.065450:  1809 001809 0487 000487 2812 002812 2432 002432 3486 003486 1916 001916 0000 000000
1517294182.126167:  1809 001783 0487 000420 2812 002732 2432 002381 3486 003723 1916 002013 0000 000000
1517294182.126257:  1809 001783 0487 000420 2812 002732 2432 002381 3486 003723 1916 002013 0000 000000
1517294182.187998:  1809 065484 0487 000083 2812 065463 2432 065496 3486 000080 1916 064736 0000 065518
1517294182.248820:  1809 001786 0487 000432 2812 002703 2432 002378 3486 003714 1916 002005 0000 000000
1517294182.248876:  1809 001786 0487 000432 2812 002703 2432 002378 3486 003714 1916 002005 0000 000000
1517294182.310318:  1814 001814 0512 000512 2753 002753 2429 002429 3468 003468 1913 001913 0000 000000
1517294182.361146:  1814 001789 0512 000443 2753 002677 2429 002376 3468 003706 1913 001997 0000 000000
1517294182.361228:  1814 001789 0512 000443 2753 002677 2429 002376 3468 003706 1913 001997 0000 000000
1517294182.422813:  1814 065484 0512 000083 2753 065463 2429 065496 3468 000080 1913 064736 0000 065518
1517294182.483679:  1814 001791 0512 000455 2753 002649 2429 002373 3468 003697 1913 001998 0000 000000
1517294182.483752:  1814 001791 0512 000455 2753 002649 2429 002373 3468 003697 1913 001998 0000 000000
1517294182.545436:  1817 001817 0536 000536 2693 002693 2427 002427 3448 003448 1910 001910 0000 000000
1517294182.606221:  1817 001793 0536 000467 2693 002619 2427 002370 3448 003687 1910 001996 0000 000000
1517294182.606295:  1817 001793 0536 000467 2693 002619 2427 002370 3448 003687 1910 001996 0000 000000
1517294182.667793:  1817 065484 0536 000083 2693 065453 2427 065496 3448 000080 1910 064736 0000 065518
1517294182.728542:  1817 001795 0536 000479 2693 002589 2427 002367 3448 003678 1910 001989 0000 000000
1517294182.728617:  1817 001795 0536 000479 2693 002589 2427 002367 3448 003678 1910 001989 0000 000000
1517294182.790149:  1821 001821 0562 000562 2631 002631 2424 002424 3428 003428 1906 001906 0000 000000
1517294182.840878:  1821 001796 0562 000491 2631 002558 2424 002365 3428 003669 1906 001980 0000 000000
1517294182.840955:  1821 001796 0562 000491 2631 002558 2424 002365 3428 003669 1906 001980 0000 000000
1517294182.902545:  1821 065484 0562 000083 2631 065453 2424 065496 3428 000080 1906 064745 0000 065518
1517294182.963281:  1821 001800 0562 000503 2631 002531 2424 002363 3428 003661 1906 001983 0000 000000
1517294182.963360:  1821 001800 0562 000503 2631 002531 2424 002363 3428 003661 1906 001983 0000 000000
1517294183.024902:  1825 001825 0587 000587 2569 002569 2421 002421 3406 003406 1903 001903 0000 000000
1517294183.085589:  1825 001804 0587 000515 2569 002501 2421 002361 3406 003651 1903 001978 0000 000000
1517294183.085679:  1825 001804 0587 000515 2569 002501 2421 002361 3406 003651 1903 001978 0000 000000
1517294183.147258:  1825 065484 0587 000083 2569 065453 2421 065496 3406 000080 1903 064745 0000 065518
1517294183.207915:  1825 001806 0587 000527 2569 002472 2421 002360 3406 003639 1903 001972 0000 000000
1517294183.207967:  1825 001806 0587 000527 2569 002472 2421 002360 3406 003639 1903 001972 0000 000000
1517294183.269694:  1828 001828 0613 000613 2505 002505 2418 002418 3383 003383 1899 001899 0000 000000
1517294183.320773:  1828 001807 0613 000540 2505 002441 2418 002358 3383 003626 1899 001961 0000 000000
1517294183.320846:  1828 001807 0613 000540 2505 002441 2418 002358 3383 003626 1899 001961 0000 000000
1517294183.382587:  1828 065484 0613 000095 2505 065443 2418 065496 3383 000080 1899 064755 0000 065518
1517294183.443357:  1828 001809 0613 000553 2505 002411 2418 002358 3383 003615 1899 001962 0000 000000
1517294183.443409:  1828 001809 0613 000553 2505 002411 2418 002358 3383 003615 1899 001962 0000 000000
1517294183.504894:  1831 001831 0639 000639 2441 002441 2415 002415 3360 003360 1895 001895 0000 000000
1517294183.565629:  1831 001807 0639 000567 2441 002378 2415 002356 3360 003602 1895 001955 0000 000000
1517294183.565695:  1831 001807 0639 000567 2441 002378 2415 002356 3360 003602 1895 001955 0000 000000
1517294183.627426:  1831 065484 0639 000083 2441 065443 2415 065506 3360 000080 1895 064765 0000 065518
1517294183.688301:  1831 001805 0639 000582 2441 002345 2415 002354 3360 003590 1895 001945 0000 000000
1517294183.688419:  1831 001805 0639 000582 2441 002345 2415 002354 3360 003590 1895 001945 0000 000000
1517294183.750149:  1835 001835 0665 000665 2375 002375 2412 002412 3336 003336 1891 001891 0000 000000
1517294183.810668:  1835 001805 0665 000597 2375 002313 2412 002348 3336 003577 1891 001936 0000 000000
1517294183.810772:  1835 001805 0665 000597 2375 002313 2412 002348 3336 003577 1891 001936 0000 000000
1517294183.872411:  1835 065496 0665 000083 2375 065443 2412 065506 3336 000080 1891 064775 0000 065518
1517294183.933263:  1835 001805 0665 000609 2375 002283 2412 002347 3336 003565 1891 001931 0000 000000
1517294183.933340:  1835 001805 0665 000609 2375 002283 2412 002347 3336 003565 1891 001931 0000 000000
1517294183.995003:  1837 001837 0692 000692 2308 002308 2409 002409 3310 003310 1887 001887 0000 000000
1517294184.055751:  1837 001807 0692 000624 2308 002253 2409 002350 3310 003554 1887 001924 0000 000000
1517294184.055853:  1837 001807 0692 000624 2308 002253 2409 002350 3310 003554 1887 001924 0000 000000
1517294184.117388:  1837 065496 0692 000083 2308 065443 2409 065496 3310 000080 1887 064785 0000 065518
1517294184.178125:  1837 001807 0692 000637 2308 002216 2409 002348 3310 003541 1887 001922 0000 000000
1517294184.178179:  1837 001807 0692 000637 2308 002216 2409 002348 3310 003541 1887 001922 0000 000000
1517294184.239744:  1840 001840 0719 000719 2240 002240 2406 002406 3284 003284 1883 001883 0000 000000
1517294184.300508:  1840 001808 0719 000650 2240 002187 2406 002347 3284 003528 1883 001918 0000 000000
1517294184.300619:  1840 001808 0719 000650 2240 002187 2406 002347 3284 003528 1883 001918 0000 000000
1517294184.361157:  1840 065496 0719 000083 2240 065433 2406 065496 3284 000090 1883 064785 0000 065518
1517294184.421939:  1840 001808 0719 000663 2240 002152 2406 002345 3284 003514 1883 001914 0000 000000
1517294184.421991:  1840 001808 0719 000663 2240 002152 2406 002345 3284 003514 1883 001914 0000 000000
1517294184.483796:  1843 001843 0747 000747 2172 002172 2402 002402 3257 003257 1878 001878 0000 000000
1517294184.544495:  1843 001809 0747 000676 2172 002119 2402 002344 3257 003501 1878 001905 0000 000000
1517294184.544548:  1843 001809 0747 000676 2172 002119 2402 002344 3257 003501 1878 001905 0000 000000
1517294184.606267:  1843 065496 0747 000095 2172 065433 2402 065496 3257 000090 1878 064795 0000 065518
1517294184.667091:  1843 001809 0747 000689 2172 002082 2402 002340 3257 003486 1878 001900 0000 000000
1517294184.667168:  1843 001809 0747 000689 2172 002082 2402 002340 3257 003486 1878 001900 0000 000000
1517294184.728760:  1845 001845 0775 000775 2102 002102 2399 002399 3228 003228 1874 001874 0000 000000
1517294184.789576:  1845 001811 0775 000704 2102 002051 2399 002341 3228 003476 1874 001890 0000 000000
1517294184.789663:  1845 001811 0775 000704 2102 002051 2399 002341 3228 003476 1874 001890 0000 000000
1517294184.850959:  1845 065496 0775 000083 2102 065433 2399 065496 3228 000090 1874 064805 0000 065518
1517294184.911783:  1845 001812 0775 000719 2102 002014 2399 002339 3228 003463 1874 001881 0000 000000
1517294184.911873:  1845 001812 0775 000719 2102 002014 2399 002339 3228 003463 1874 001881 0000 000000
1517294184.973680:  1848 001848 0803 000803 2032 002032 2395 002395 3199 003199 1869 001869 0000 000000
1517294185.034337:  1848 001814 0803 000734 2032 001980 2395 002338 3199 003449 1869 001873 0000 000000
1517294185.034411:  1848 001814 0803 000734 2032 001980 2395 002338 3199 003449 1869 001873 0000 000000
1517294185.095959:  1848 065496 0803 000083 2032 065433 2395 065496 3199 000090 1869 064815 0000 065518
1517294185.156758:  1848 001816 0803 000748 2032 001945 2395 002337 3199 003437 1869 001871 0000 000000
1517294185.156826:  1848 001816 0803 000748 2032 001945 2395 002337 3199 003437 1869 001871 0000 000000
1517294185.218490:  1850 001850 0832 000832 1960 001960 2391 002391 3169 003169 1864 001864 0000 000000
1517294185.279273:  1850 001819 0832 000762 1960 001911 2391 002336 3169 003422 1864 001869 0000 000000
1517294185.279382:  1850 001819 0832 000762 1960 001911 2391 002336 3169 003422 1864 001869 0000 000000
1517294185.340900:  1850 065496 0832 000083 1960 065423 2391 065496 3169 000110 1864 064815 0000 065518
1517294185.401703:  1850 001821 0832 000775 1960 001876 2391 002334 3169 003404 1864 001862 0000 000000
1517294185.401775:  1850 001821 0832 000775 1960 001876 2391 002334 3169 003404 1864 001862 0000 000000
1517294185.463404:  1852 001852 0862 000862 1888 001888 2387 002387 3138 003138 1858 001858 0000 000000
1517294185.524090:  1852 001823 0862 000790 1888 001841 2387 002332 3138 003387 1858 001850 0000 000000
1517294185.524152:  1852 001823 0862 000790 1888 001841 2387 002332 3138 003387 1858 001850 0000 000000
1517294185.585670:  1852 065484 0862 000095 1888 065423 2387 065496 3138 000090 1858 064815 0000 065518
1517294185.646464:  1852 001817 0862 000804 1888 001807 2387 002331 3138 003373 1858 001845 0000 000000
1517294185.646540:  1852 001817 0862 000804 1888 001807 2387 002331 3138 003373 1858 001845 0000 000000
1517294185.708202:  1855 001855 0892 000892 1815 001815 2383 002383 3106 003106 1853 001853 0000 000000
1517294185.768999:  1855 001828 0892 000818 1815 001770 2383 002329 3106 003358 1853 001833 0000 000000
1517294185.769067:  1855 001828 0892 000818 1815 001770 2383 002329 3106 003358 1853 001833 0000 000000
1517294185.820749:  1855 065484 0892 000095 1815 065423 2383 065496 3106 000100 1853 064835 0000 065518
1517294185.881495:  1855 001830 0892 000832 1815 001733 2383 002326 3106 003342 1853 001832 0000 000000
1517294185.881570:  1855 001830 0892 000832 1815 001733 2383 002326 3106 003342 1853 001832 0000 000000
