1517295213.055351:  0000 003341 0000 002688 0000 002531 0000 003162 0000 003053 0000 001670 0000 000000
1517295213.656024:  3341 003341 2687 002687 2530 002530 3162 003162 3053 003053 1669 001669 0000 000000
1517295213.756750:  3341 002029 2687 001634 2530 003519 3162 002789 3053 003191 1669 001748 0000 000000
1517295213.756827:  3341 002029 2687 001634 2530 003519 3162 002789 3053 003191 1669 001748 0000 000000
1517295213.858400:  3341 000500 2687 000500 2530 065036 3162 000500 3053 000280 1669 000800 0000 000500
1517295213.959272:  3341 002147 2687 001767 2530 003340 3162 002830 3053 003087 1669 001722 0000 000000
1517295213.959339:  3341 002147 2687 001767 2530 003340 3162 002830 3053 003087 1669 001722 0000 000000
1517295214.055343:  3341 003341 2640 002640 2561 002561 3164 003164 3039 003039 1674 001674 0000 000000
1517295214.156147:  3341 002289 2640 001894 2561 003172 3164 002881 3039 003003 1674 001683 0000 000000
1517295214.156228:  3341 002289 2640 001894 2561 003172 3164 002881 3039 003003 1674 001683 0000 000000
1517295214.257896:  3341 000500 2640 000500 2561 065226 3164 000450 3039 000140 1674 000800 0000 000500
1517295214.358810:  3341 002439 2640 002025 2561 003020 3164 002928 3039 002971 1674 001645 0000 000000
1517295214.358906:  3341 002439 2640 002025 2561 003020 3164 002928 3039 002971 1674 001645 0000 000000
1517295214.460405:  3341 003341 2592 002592 2590 002590 3167 003167 3023 003023 1678 001678 0000 000000
1517295214.555341:  3341 002581 2592 002162 2590 002907 3167 002976 3023 002894 1678 001623 0000 000000
1517295214.555435:  3341 002581 2592 002162 2590 002907 3167 002976 3023 002894 1678 001623 0000 000000
1517295214.657068:  3341 000500 2592 000500 2590 065476 3167 000370 3023 000070 1678 000800 0000 000500
1517295214.757896:  3341 002723 2592 002293 2590 002841 3167 003018 3023 002874 1678 001597 0000 000000
1517295214.757951:  3341 002723 2592 002293 2590 002841 3167 003018 3023 002874 1678 001597 0000 000000
1517295214.859746:  3341 003341 2543 002543 2617 002617 3171 003171 3006 003006 1684 001684 0000 000000
1517295214.960444:  3341 002872 2543 002423 2617 002806 3171 003063 3006 002858 1684 001587 0000 000000
1517295214.960499:  3341 002872 2543 002423 2617 002806 3171 003063 3006 002858 1684 001587 0000 000000
1517295215.055418:  3341 000500 2543 000248 2617 000040 3171 000280 3006 000060 1684 000800 0000 000500
1517295215.156391:  3341 003020 2543 002517 2617 002787 3171 003105 3006 002844 1684 001576 0000 000000
1517295215.156466:  3341 003020 2543 002517 2617 002787 3171 003105 3006 002844 1684 001576 0000 000000
1517295215.257975:  3341 003341 2494 002494 2642 002642 3175 003175 2987 002987 1689 001689 0000 000000
1517295215.358581:  3341 003175 2494 002580 2642 002778 3175 003141 2987 002834 1689 001574 0000 000000
1517295215.358675:  3341 003175 2494 002580 2642 002778 3175 003141 2987 002834 1689 001574 0000 000000
1517295215.460159:  3341 000308 2494 000044 2642 000080 3175 000210 2987 000060 1689 000800 0000 000500
1517295215.555350:  3341 003314 2494 002613 2642 002774 3175 003177 2987 002823 1689 001571 0000 000000
1517295215.555405:  3341 003314 2494 002613 2642 002774 3175 003177 2987 002823 1689 001571 0000 000000
1517295215.656923:  3341 003341 2443 002443 2666 002666 3180 003180 2966 002966 1696 001696 0000 000000
1517295215.757680:  3341 003415 2443 002625 2666 002772 3180 003209 2966 002814 1696 001559 0000 000000
1517295215.757752:  3341 003415 2443 002625 2666 002772 3180 003209 2966 002814 1696 001559 0000 000000
1517295215.859503:  3341 000068 2443 065496 2666 000110 3180 000160 2966 000060 1696 000800 0000 000500
1517295215.960310:  3341 003484 2443 002628 2666 002770 3180 003238 2966 002804 1696 001560 0000 000000
1517295215.960384:  3341 003484 2443 002628 2666 002770 3180 003238 2966 002804 1696 001560 0000 000000
1517295216.055339:  3340 003340 2393 002393 2687 002687 3185 003185 2944 002944 1703 001703 0000 000000
1517295216.156113:  3340 003524 2393 002630 2687 002769 3185 003264 2944 002794 1703 001548 0000 000000
1517295216.156208:  3340 003524 2393 002630 2687 002769 3185 003264 2944 002794 1703 001548 0000 000000
1517295216.257692:  3340 065508 2393 065424 2687 000130 3185 000120 2944 000060 1703 000800 0000 000500
1517295216.358476:  3340 003551 2393 002629 2687 002768 3185 003288 2944 002785 1703 001547 0000 000000
1517295216.358546:  3340 003551 2393 002629 2687 002768 3185 003288 2944 002785 1703 001547 0000 000000
1517295216.460103:  3341 003341 2341 002341 2707 002707 3191 003191 2920 002920 1711 001711 0000 000000
1517295216.555372:  3341 003561 2341 002625 2707 002771 3191 003310 2920 002771 1711 001546 0000 000000
1517295216.555439:  3341 003561 2341 002625 2707 002771 3191 003310 2920 002771 1711 001546 0000 000000
1517295216.657087:  3341 065472 2341 065376 2707 000150 3191 000080 2920 000060 1711 000800 0000 000500
