1517293501.998977:  0000 001750 0000 002294 0000 001231 0000 002136 0000 001743 0000 001032 0000 000000
1517293502.599695:  1750 001750 2293 002293 1230 001230 2136 002136 1743 001743 1032 001032 0000 000000
1517293502.700604:  1750 001748 2293 002297 1230 001207 2136 002137 1743 001760 1032 001025 0000 000000
1517293502.700660:  1750 001748 2293 002297 1230 001207 2136 002137 1743 001760 1032 001025 0000 000000
1517293502.802409:  1750 065484 2293 065535 1230 065463 2136 065436 1743 065416 1032 064815 0000 065518
1517293502.903077:  1750 001738 2293 002305 1230 001151 2136 002135 1743 001820 1032 001045 0000 000000
1517293502.903132:  1750 001738 2293 002305 1230 001151 2136 002135 1743 001820 1032 001045 0000 000000
1517293502.998958:  1783 001783 2291 002291 1238 001238 2119 002119 1753 001753 1028 001028 0000 000000
1517293503.099728:  1783 001737 2291 002311 1238 001118 2119 002137 1753 001878 1028 001067 0000 000000
1517293503.099780:  1783 001737 2291 002311 1238 001118 2119 002137 1753 001878 1028 001067 0000 000000
1517293503.201397:  1783 065532 2291 065511 1238 065533 2119 065436 1753 065516 1028 064765 0000 065518
1517293503.302167:  1783 001745 2291 002248 1238 001097 2119 002121 1753 001918 1028 001093 0000 000000
1517293503.302221:  1783 001745 2291 002248 1238 001097 2119 002121 1753 001918 1028 001093 0000 000000
1517293503.403946:  1816 001816 2290 002290 1245 001245 2102 002102 1763 001763 1023 001023 0000 000000
1517293503.498949:  1816 001758 2290 002321 1245 001083 2102 002107 1763 001950 1023 001116 0000 000000
1517293503.499026:  1816 001758 2290 002321 1245 001083 2102 002107 1763 001950 1023 001116 0000 000000
1517293503.600924:  1816 065532 2290 065499 1245 000027 2102 065446 1763 000030 1023 064736 0000 065518
1517293503.701849:  1816 001774 2290 002322 1245 001072 2102 002090 1763 001964 1023 001130 0000 000000
1517293503.701900:  1816 001774 2290 002322 1245 001072 2102 002090 1763 001964 1023 001130 0000 000000
1517293503.803551:  1850 001850 2288 002288 1250 001250 2084 002084 1772 001772 1018 001018 0000 000000
1517293503.904478:  1850 001792 2288 002324 1250 001066 2084 002074 1772 001976 1018 001139 0000 000000
1517293503.904554:  1850 001792 2288 002324 1250 001066 2084 002074 1772 001976 1018 001139 0000 000000
1517293503.998923:  1850 065532 2288 065499 1250 000047 2084 065446 1772 000040 1018 064736 0000 065518
1517293504.099742:  1850 001809 2288 002326 1250 001062 2084 002063 1772 001983 1018 001139 0000 000000
1517293504.099832:  1850 001809 2288 002326 1250 001062 2084 002063 1772 001983 1018 001139 0000 000000
1517293504.201606:  1884 001884 2287 002287 1254 001254 2066 002066 1781 001781 1013 001013 0000 000000
1517293504.302440:  1884 001826 2287 002328 1254 001059 2066 002048 1781 001989 1013 001149 0000 000000
1517293504.302496:  1884 001826 2287 002328 1254 001059 2066 002048 1781 001989 1013 001149 0000 000000
1517293504.404222:  1884 065532 2287 065487 1254 000057 2066 065456 1781 000040 1013 064736 0000 065518
1517293504.498946:  1884 001840 2287 002329 1254 001057 2066 002035 1781 001995 1013 001153 0000 000000
1517293504.499024:  1884 001840 2287 002329 1254 001057 2066 002035 1781 001995 1013 001153 0000 000000
1517293504.600564:  1918 001918 2287 002287 1256 001256 2047 002047 1789 001789 1007 001007 0000 000000
1517293504.701427:  1918 001855 2287 002331 1256 001052 2047 002022 1789 001997 1007 001151 0000 000000
1517293504.701481:  1918 001855 2287 002331 1256 001052 2047 002022 1789 001997 1007 001151 0000 000000
1517293504.803140:  1918 065532 2287 065487 1256 000067 2047 065456 1789 000040 1007 064736 0000 065518
1517293504.903938:  1918 001877 2287 002332 1256 001053 2047 002014 1789 001998 1007 001157 0000 000000
1517293504.904009:  1918 001877 2287 002332 1256 001053 2047 002014 1789 001998 1007 001157 0000 000000
1517293504.998916:  1952 001952 2286 002286 1257 001257 2028 002028 1796 001796 1001 001001 0000 000000
1517293505.099751:  1952 001895 2286 002334 1257 001051 2028 002004 1796 002000 1001 001152 0000 000000
1517293505.099809:  1952 001895 2286 002334 1257 001051 2028 002004 1796 002000 1001 001152 0000 000000
1517293505.201504:  1952 065532 2286 065487 1257 000067 2028 065466 1796 000040 1001 064736 0000 065518
1517293505.302282:  1952 001915 2286 002335 1257 001048 2028 001991 1796 002002 1001 001159 0000 000000
1517293505.302366:  1952 001915 2286 002335 1257 001048 2028 001991 1796 002002 1001 001159 0000 000000
1517293505.403972:  1986 001986 2286 002286 1256 001256 2008 002008 1802 001802 0994 000994 0000 000000
1517293505.498958:  1986 001933 2286 002336 1256 001047 2008 001978 1802 002005 0994 001161 0000 000000
1517293505.499013:  1986 001933 2286 002336 1256 001047 2008 001978 1802 002005 0994 001161 0000 000000
1517293505.600552:  1986 065532 2286 065475 1256 000067 2008 065466 1802 000040 0994 064736 0000 065518
1517293505.701344:  1986 001952 2286 002337 1256 001046 2008 001968 1802 002009 0994 001157 0000 000000
1517293505.701411:  1986 001952 2286 002337 1256 001046 2008 001968 1802 002009 0994 001157 0000 000000
1517293505.803052:  2021 002021 2287 002287 1255 001255 1988 001988 1808 001808 0986 000986 0000 000000
1517293505.903949:  2021 001969 2287 002337 1255 001045 1988 001959 1808 002014 0986 001164 0000 000000
1517293505.904001:  2021 001969 2287 002337 1255 001045 1988 001959 1808 002014 0986 001164 0000 000000
1517293505.998947:  2021 065532 2287 065475 1255 000067 1988 065466 1808 000040 0986 064736 0000 065518
1517293506.099724:  2021 001987 2287 002338 1255 001044 1988 001949 1808 002019 0986 001163 0000 000000
1517293506.099798:  2021 001987 2287 002338 1255 001044 1988 001949 1808 002019 0986 001163 0000 000000
1517293506.201595:  2055 002055 2288 002288 1251 001251 1966 001966 1814 001814 0978 000978 0000 000000
1517293506.302446:  2055 002001 2288 002339 1251 001042 1966 001939 1814 002023 0978 001166 0000 000000
1517293506.302505:  2055 002001 2288 002339 1251 001042 1966 001939 1814 002023 0978 001166 0000 000000
1517293506.404390:  2055 065532 2288 065475 1251 000067 1966 065466 1814 000040 0978 064736 0000 065518
1517293506.498918:  2055 002014 2288 002339 1251 001040 1966 001929 1814 002025 0978 001170 0000 000000
1517293506.498982:  2055 002014 2288 002339 1251 001040 1966 001929 1814 002025 0978 001170 0000 000000
1517293506.600690:  2089 002089 2289 002289 1247 001247 1944 001944 1819 001819 0969 000969 0000 000000
1517293506.701348:  2089 002030 2289 002340 1247 001039 1944 001920 1819 002027 0969 001169 0000 000000
1517293506.701438:  2089 002030 2289 002340 1247 001039 1944 001920 1819 002027 0969 001169 0000 000000
1517293506.802906:  2089 065532 2289 065475 1247 000067 1944 065456 1819 000040 0969 064736 0000 065518
1517293506.903747:  2089 002047 2289 002340 1247 001037 1944 001910 1819 002028 0969 001171 0000 000000
1517293506.903842:  2089 002047 2289 002340 1247 001037 1944 001910 1819 002028 0969 001171 0000 000000
1517293506.998915:  2123 002123 2291 002291 1241 001241 1921 001921 1823 001823 0959 000959 0000 000000
1517293507.099756:  2123 002062 2291 002341 1241 001035 1921 001901 1823 002029 0959 001172 0000 000000
1517293507.099830:  2123 002062 2291 002341 1241 001035 1921 001901 1823 002029 0959 001172 0000 000000
1517293507.201551:  2123 065532 2291 065475 1241 000067 1921 065456 1823 000040 0959 064736 0000 065518
1517293507.302356:  2123 002081 2291 002342 1241 001033 1921 001889 1823 002031 0959 001173 0000 000000
1517293507.302425:  2123 002081 2291 002342 1241 001033 1921 001889 1823 002031 0959 001173 0000 000000
1517293507.403966:  2158 002158 2293 002293 1234 001234 1898 001898 1828 001828 0949 000949 0000 000000
1517293507.498913:  2158 002100 2293 002342 1234 001032 1898 001878 1828 002032 0949 001172 0000 000000
1517293507.498965:  2158 002100 2293 002342 1234 001032 1898 001878 1828 002032 0949 001172 0000 000000
1517293507.600854:  2158 065532 2293 065487 1234 000057 1898 065456 1828 000040 0949 064736 0000 065518
1517293507.701658:  2158 002120 2293 002344 1234 001031 1898 001869 1828 002035 0949 001175 0000 000000
1517293507.701732:  2158 002120 2293 002344 1234 001031 1898 001869 1828 002035 0949 001175 0000 000000
1517293507.803197:  2192 002192 2295 002295 1225 001225 1874 001874 1832 001832 0938 000938 0000 000000
1517293507.904015:  2192 002140 2295 002344 1225 001028 1874 001857 1832 002036 0938 001173 0000 000000
1517293507.904093:  2192 002140 2295 002344 1225 001028 1874 001857 1832 002036 0938 001173 0000 000000
1517293507.998915:  2192 065532 2295 065487 1225 000057 1874 065456 1832 000040 0938 064736 0000 065518
1517293508.099796:  2192 002160 2295 002346 1225 001026 1874 001846 1832 002039 0938 001178 0000 000000
1517293508.099881:  2192 002160 2295 002346 1225 001026 1874 001846 1832 002039 0938 001178 0000 000000
1517293508.201419:  2226 002226 2298 002298 1215 001215 1849 001849 1836 001836 0926 000926 0000 000000
1517293508.302163:  2226 002180 2298 002347 1215 001024 1849 001832 1836 002042 0926 001179 0000 000000
1517293508.302239:  2226 002180 2298 002347 1215 001024 1849 001832 1836 002042 0926 001179 0000 000000
1517293508.404200:  2226 065520 2298 065487 1215 000047 1849 065456 1836 000040 0926 064736 0000 065518
1517293508.498917:  2226 002195 2298 002348 1215 001021 1849 001819 1836 002044 0926 001176 0000 000000
1517293508.498973:  2226 002195 2298 002348 1215 001021 1849 001819 1836 002044 0926 001176 0000 000000
1517293508.600498:  2260 002260 2301 002301 1203 001203 1823 001823 1840 001840 0913 000913 0000 000000
1517293508.701338:  2260 002210 2301 002350 1203 001018 1823 001807 1840 002047 0913 001182 0000 000000
1517293508.701413:  2260 002210 2301 002350 1203 001018 1823 001807 1840 002047 0913 001182 0000 000000
1517293508.802998:  2260 065532 2301 065487 1203 000047 1823 065446 1840 000040 0913 064736 0000 065518
1517293508.903794:  2260 002225 2301 002351 1203 001015 1823 001796 1840 002047 0913 001181 0000 000000
1517293508.903862:  2260 002225 2301 002351 1203 001015 1823 001796 1840 002047 0913 001181 0000 000000
1517293508.998916:  2294 002294 2305 002305 1191 001191 1796 001796 1843 001843 0900 000900 0000 000000
1517293509.099718:  2294 002241 2305 002353 1191 001011 1796 001781 1843 002050 0900 001179 0000 000000
1517293509.099773:  2294 002241 2305 002353 1191 001011 1796 001781 1843 002050 0900 001179 0000 000000
1517293509.201405:  2294 065532 2305 065487 1191 000037 1796 065446 1843 000040 0900 064736 0000 065518
1517293509.302226:  2294 002258 2305 002353 1191 001006 1796 001769 1843 002051 0900 001183 0000 000000
1517293509.302295:  2294 002258 2305 002353 1191 001006 1796 001769 1843 002051 0900 001183 0000 000000
1517293509.403938:  2328 002328 2309 002309 1177 001177 1769 001769 1847 001847 0886 000886 0000 000000
1517293509.498944:  2328 002274 2309 002354 1177 001001 1769 001755 1847 002053 0886 001185 0000 000000
1517293509.499017:  2328 002274 2309 002354 1177 001001 1769 001755 1847 002053 0886 001185 0000 000000
1517293509.600638:  2328 065532 2309 065487 1177 000037 1769 065446 1847 000040 0886 064736 0000 065518
1517293509.701414:  2328 002292 2309 002354 1177 000996 1769 001744 1847 002054 0886 001185 0000 000000
1517293509.701488:  2328 002292 2309 002354 1177 000996 1769 001744 1847 002054 0886 001185 0000 000000
1517293509.803193:  2361 002361 2313 002313 1161 001161 1741 001741 1851 001851 0871 000871 0000 000000
1517293509.904000:  2361 002309 2313 002355 1161 000990 1741 001729 1851 002061 0871 001186 0000 000000
1517293509.904076:  2361 002309 2313 002355 1161 000990 1741 001729 1851 002061 0871 001186 0000 000000
1517293509.998914:  2361 065532 2313 065487 1161 000027 1741 065446 1851 000040 0871 064736 0000 065518
1517293510.099804:  2361 002325 2313 002356 1161 000984 1741 001717 1851 002062 0871 001187 0000 000000
1517293510.099897:  2361 002325 2313 002356 1161 000984 1741 001717 1851 002062 0871 001187 0000 000000
1517293510.201584:  2394 002394 2318 002318 1145 001145 1712 001712 1855 001855 0855 000855 0000 000000
1517293510.302172:  2394 002340 2318 002358 1145 000978 1712 001705 1855 002063 0855 001188 0000 000000
1517293510.302223:  2394 002340 2318 002358 1145 000978 1712 001705 1855 002063 0855 001188 0000 000000
1517293510.403996:  2394 065532 2318 065499 1145 000027 1712 065446 1855 000040 0855 064736 0000 065518
1517293510.498939:  2394 002356 2318 002360 1145 000972 1712 001694 1855 002068 0855 001193 0000 000000
1517293510.499009:  2394 002356 2318 002360 1145 000972 1712 001694 1855 002068 0855 001193 0000 000000
1517293510.600646:  2427 002427 2323 002323 1127 001127 1682 001682 1860 001860 0838 000838 0000 000000
1517293510.701466:  2427 002371 2323 002360 1127 000964 1682 001680 1860 002068 0838 001190 0000 000000
1517293510.701542:  2427 002371 2323 002360 1127 000964 1682 001680 1860 002068 0838 001190 0000 000000
1517293510.803190:  2427 065532 2323 065499 1127 000017 1682 065446 1860 000040 0838 064736 0000 065518
1517293510.903976:  2427 002387 2323 002362 1127 000957 1682 001667 1860 002070 0838 001191 0000 000000
1517293510.904072:  2427 002387 2323 002362 1127 000957 1682 001667 1860 002070 0838 001191 0000 000000
1517293510.998913:  2460 002460 2329 002329 1107 001107 1652 001652 1865 001865 0820 000820 0000 000000
1517293511.099755:  2460 002407 2329 002363 1107 000950 1652 001654 1865 002070 0820 001191 0000 000000
1517293511.099827:  2460 002407 2329 002363 1107 000950 1652 001654 1865 002070 0820 001191 0000 000000
1517293511.201449:  2460 065532 2329 065499 1107 000017 1652 065436 1865 000040 0820 064736 0000 065518
1517293511.302255:  2460 002423 2329 002365 1107 000940 1652 001641 1865 002072 0820 001191 0000 000000
1517293511.302308:  2460 002423 2329 002365 1107 000940 1652 001641 1865 002072 0820 001191 0000 000000
1517293511.403904:  2493 002493 2335 002335 1087 001087 1620 001620 1871 001871 0802 000802 0000 000000
1517293511.498915:  2493 002439 2335 002366 1087 000930 1620 001625 1871 002077 0802 001193 0000 000000
1517293511.498976:  2493 002439 2335 002366 1087 000930 1620 001625 1871 002077 0802 001193 0000 000000
1517293511.600605:  2493 065532 2335 065511 1087 000007 1620 065436 1871 000040 0802 064736 0000 065518
1517293511.701417:  2493 002456 2335 002368 1087 000922 1620 001612 1871 002081 0802 001198 0000 000000
1517293511.701471:  2493 002456 2335 002368 1087 000922 1620 001612 1871 002081 0802 001198 0000 000000
1517293511.803162:  2525 002525 2342 002342 1065 001065 1589 001589 1877 001877 0783 000783 0000 000000
1517293511.903929:  2525 002474 2342 002371 1065 000912 1589 001598 1877 002086 0783 001196 0000 000000
1517293511.904002:  2525 002474 2342 002371 1065 000912 1589 001598 1877 002086 0783 001196 0000 000000
1517293511.998913:  2525 065520 2342 065511 1065 000007 1589 065436 1877 000040 0783 064736 0000 065518
1517293512.099661:  2525 002491 2342 002373 1065 000903 1589 001583 1877 002088 0783 001200 0000 000000
1517293512.099711:  2525 002491 2342 002373 1065 000903 1589 001583 1877 002088 0783 001200 0000 000000
1517293512.201371:  2557 002557 2350 002350 1042 001042 1557 001557 1884 001884 0764 000764 0000 000000
1517293512.302150:  2557 002506 2350 002375 1042 000890 1557 001565 1884 002093 0764 001198 0000 000000
1517293512.302222:  2557 002506 2350 002375 1042 000890 1557 001565 1884 002093 0764 001198 0000 000000
1517293512.403876:  2557 065520 2350 065511 1042 000007 1557 065436 1884 000040 0764 064736 0000 065518
1517293512.498940:  2557 002523 2350 002378 1042 000878 1557 001550 1884 002094 0764 001198 0000 000000
1517293512.499002:  2557 002523 2350 002378 1042 000878 1557 001550 1884 002094 0764 001198 0000 000000
