1517555564.558681:  0000 001339 0000 000462 0000 001640 0000 001631 0000 002915 0000 001606 0000 000000
1517555565.119377:  1338 001338 0461 000461 1640 001640 1631 001631 2915 002915 1606 001606 0000 000000
1517555565.180077:  1338 001314 0461 000462 1640 001622 1631 001632 2915 002893 1606 001605 0000 000000
1517555565.180122:  1338 001314 0461 000462 1640 001622 1631 001632 2915 002893 1606 001605 0000 000000
1517555565.241648:  1338 065108 0461 065535 1640 065106 1631 065046 2915 000440 1606 064756 0000 065518
1517555565.302329:  1338 001232 0461 000461 1640 001564 1631 001626 2915 002826 1606 001591 0000 000000
1517555565.302422:  1338 001232 0461 000461 1640 001564 1631 001626 2915 002826 1606 001591 0000 000000
1517555565.363942:  1338 001338 0470 000470 1702 001702 1653 001653 2936 002936 1636 001636 0000 000000
1517555565.424780:  1338 001134 0470 000462 1702 001505 1653 001597 2936 002760 1636 001568 0000 000000
1517555565.424857:  1338 001134 0470 000462 1702 001505 1653 001597 2936 002760 1636 001568 0000 000000
1517555565.486483:  1338 065324 0470 000011 1702 065286 1653 065116 2936 000290 1636 064826 0000 065518
1517555565.547220:  1338 001062 0470 000462 1702 001450 1653 001567 2936 002702 1636 001542 0000 000000
1517555565.547304:  1338 001062 0470 000462 1702 001450 1653 001567 2936 002702 1636 001542 0000 000000
1517555565.599011:  1338 001338 0479 000479 1763 001763 1675 001675 2959 002959 1667 001667 0000 000000
1517555565.659723:  1338 001015 0479 000463 1763 001407 1675 001539 2959 002654 1667 001518 0000 000000
1517555565.659791:  1338 001015 0479 000463 1763 001407 1675 001539 2959 002654 1667 001518 0000 000000
1517555565.721341:  1338 065444 0479 000023 1763 065436 1675 065196 2959 000160 1667 064906 0000 065518
1517555565.781971:  1338 000975 0479 000463 1763 001371 1675 001508 2959 002608 1667 001493 0000 000000
1517555565.782076:  1338 000975 0479 000463 1763 001371 1675 001508 2959 002608 1667 001493 0000 000000
1517555565.843635:  1338 001338 0490 000490 1823 001823 1696 001696 2984 002984 1696 001696 0000 000000
1517555565.904509:  1338 000943 0490 000464 1823 001347 1696 001478 2984 002570 1696 001470 0000 000000
1517555565.904580:  1338 000943 0490 000464 1823 001347 1696 001478 2984 002570 1696 001470 0000 000000
1517555565.966040:  1338 065516 0490 000035 1823 000010 1696 065276 2984 000060 1696 064986 0000 065518
1517555566.026868:  1338 000923 0490 000465 1823 001338 1696 001452 2984 002544 1696 001447 0000 000000
1517555566.026959:  1338 000923 0490 000465 1823 001338 1696 001452 2984 002544 1696 001447 0000 000000
1517555566.088932:  1338 001338 0502 000502 1883 001883 1717 001717 3010 003010 1726 001726 0000 000000
1517555566.149732:  1338 000913 0502 000467 1883 001327 1717 001421 3010 002533 1726 001436 0000 000000
1517555566.149808:  1338 000913 0502 000467 1883 001327 1717 001421 3010 002533 1726 001436 0000 000000
1517555566.211316:  1338 000016 0502 000047 1883 000080 1717 065346 3010 000010 1726 065036 0000 065518
1517555566.272142:  1338 000903 0502 000469 1883 001324 1717 001396 3010 002531 1726 001427 0000 000000
1517555566.272216:  1338 000903 0502 000469 1883 001324 1717 001396 3010 002531 1726 001427 0000 000000
1517555566.333776:  1338 001338 0515 000515 1941 001941 1736 001736 3039 003039 1754 001754 0000 000000
1517555566.394588:  1338 000898 0515 000473 1941 001323 1736 001393 3039 002536 1754 001423 0000 000000
1517555566.394664:  1338 000898 0515 000473 1941 001323 1736 001393 3039 002536 1754 001423 0000 000000
1517555566.456296:  1338 000028 0515 000047 1941 000140 1736 065386 3039 065526 1754 065076 0000 065518
1517555566.517070:  1338 000898 0515 000475 1941 001323 1736 001393 3039 002544 1754 001422 0000 000000
1517555566.517125:  1338 000898 0515 000475 1941 001323 1736 001393 3039 002544 1754 001422 0000 000000
1517555566.568758:  1338 001338 0529 000529 1998 001998 1755 001755 3068 003068 1783 001783 0000 000000
1517555566.629655:  1338 000896 0529 000480 1998 001324 1755 001394 3068 002557 1783 001426 0000 000000
1517555566.629726:  1338 000896 0529 000480 1998 001324 1755 001394 3068 002557 1783 001426 0000 000000
1517555566.691494:  1338 000028 0529 000059 1998 000200 1755 065406 3068 065516 1783 065106 0000 065518
1517555566.752359:  1338 000895 0529 000482 1998 001330 1755 001391 3068 002565 1783 001426 0000 000000
1517555566.752447:  1338 000895 0529 000482 1998 001330 1755 001391 3068 002565 1783 001426 0000 000000
1517555566.814160:  1338 001338 0544 000544 2054 002054 1774 001774 3100 003100 1810 001810 0000 000000
1517555566.874970:  1338 000893 0544 000487 2054 001343 1774 001393 3100 002581 1810 001434 0000 000000
1517555566.875043:  1338 000893 0544 000487 2054 001343 1774 001393 3100 002581 1810 001434 0000 000000
1517555566.936582:  1338 000028 0544 000071 2054 000230 1774 065426 3100 065516 1810 065116 0000 065518
1517555566.997389:  1338 000892 0544 000491 2054 001359 1774 001392 3100 002594 1810 001439 0000 000000
1517555566.997442:  1338 000892 0544 000491 2054 001359 1774 001392 3100 002594 1810 001439 0000 000000
1517555567.058671:  1338 001338 0561 000561 2109 002109 1791 001791 3133 003133 1838 001838 0000 000000
1517555567.119290:  1338 000891 0561 000497 2109 001379 1791 001393 3133 002610 1838 001445 0000 000000
1517555567.119376:  1338 000891 0561 000497 2109 001379 1791 001393 3133 002610 1838 001445 0000 000000
1517555567.181116:  1338 000028 0561 000083 2109 000240 1791 065436 3133 065506 1838 065136 0000 065518
1517555567.241875:  1338 000890 0561 000501 2109 001401 1791 001393 3133 002622 1838 001448 0000 000000
1517555567.241945:  1338 000890 0561 000501 2109 001401 1791 001393 3133 002622 1838 001448 0000 000000
1517555567.303677:  1338 001338 0579 000579 2163 002163 1808 001808 3167 003167 1864 001864 0000 000000
1517555567.364504:  1338 000889 0579 000508 2163 001421 1808 001393 3167 002641 1864 001458 0000 000000
1517555567.364576:  1338 000889 0579 000508 2163 001421 1808 001393 3167 002641 1864 001458 0000 000000
1517555567.426258:  1338 000028 0579 000083 2163 000250 1808 065456 3167 065506 1864 065146 0000 065518
1517555567.487063:  1338 000889 0579 000516 2163 001444 1808 001394 3167 002661 1864 001469 0000 000000
1517555567.487138:  1338 000889 0579 000516 2163 001444 1808 001394 3167 002661 1864 001469 0000 000000
1517555567.548830:  1338 001338 0599 000599 2215 002215 1824 001824 3202 003202 1891 001891 0000 000000
1517555567.609216:  1338 000890 0599 000522 2215 001468 1824 001393 3202 002674 1891 001473 0000 000000
1517555567.609271:  1338 000890 0599 000522 2215 001468 1824 001393 3202 002674 1891 001473 0000 000000
1517555567.670866:  1338 000028 0599 000095 2215 000260 1824 065466 3202 065506 1891 065156 0000 065518
1517555567.731611:  1338 000889 0599 000531 2215 001491 1824 001393 3202 002691 1891 001482 0000 000000
1517555567.731686:  1338 000889 0599 000531 2215 001491 1824 001393 3202 002691 1891 001482 0000 000000
1517555567.793349:  1338 001338 0620 000620 2266 002266 1839 001839 3238 003238 1916 001916 0000 000000
1517555567.854133:  1338 000890 0620 000539 2266 001516 1839 001393 3238 002708 1916 001491 0000 000000
1517555567.854175:  1338 000890 0620 000539 2266 001516 1839 001393 3238 002708 1916 001491 0000 000000
1517555567.915731:  1338 000028 0620 000095 2266 000260 1839 065486 3238 065496 1916 065166 0000 065518
1517555567.976531:  1338 000890 0620 000548 2266 001540 1839 001393 3238 002725 1916 001499 0000 000000
1517555567.976577:  1338 000890 0620 000548 2266 001540 1839 001393 3238 002725 1916 001499 0000 000000
1517555568.038109:  1338 001338 0642 000642 2316 002316 1853 001853 3275 003275 1942 001942 0000 000000
1517555568.088951:  1338 000890 0642 000557 2316 001563 1853 001392 3275 002746 1942 001511 0000 000000
1517555568.089002:  1338 000890 0642 000557 2316 001563 1853 001392 3275 002746 1942 001511 0000 000000
1517555568.150601:  1338 000028 0642 000107 2316 000260 1853 065496 3275 065496 1942 065176 0000 065518
1517555568.211386:  1338 000891 0642 000567 2316 001588 1853 001394 3275 002763 1942 001518 0000 000000
1517555568.211459:  1338 000891 0642 000567 2316 001588 1853 001394 3275 002763 1942 001518 0000 000000
1517555568.273087:  1338 001338 0666 000666 2364 002364 1867 001867 3313 003313 1966 001966 0000 000000
1517555568.333877:  1338 000891 0666 000578 2364 001613 1867 001393 3313 002779 1966 001523 0000 000000
1517555568.333929:  1338 000891 0666 000578 2364 001613 1867 001393 3313 002779 1966 001523 0000 000000
1517555568.395642:  1338 000028 0666 000107 2364 000260 1867 065516 3313 065496 1966 065176 0000 065518
1517555568.456427:  1338 000891 0666 000589 2364 001635 1867 001392 3313 002798 1966 001534 0000 000000
1517555568.456479:  1338 000891 0666 000589 2364 001635 1867 001392 3313 002798 1966 001534 0000 000000
1517555568.518334:  1338 001338 0691 000691 2411 002411 1880 001880 3352 003352 1991 001991 0000 000000
1517555568.578832:  1338 000892 0691 000605 2411 001661 1880 001393 3352 002819 1991 001544 0000 000000
1517555568.578901:  1338 000892 0691 000605 2411 001661 1880 001393 3352 002819 1991 001544 0000 000000
1517555568.640597:  1338 000028 0691 000107 2411 000260 1880 065526 3352 000000 1991 065186 0000 065518
1517555568.701368:  1338 000892 0691 000612 2411 001686 1880 001393 3352 002837 1991 001553 0000 000000
1517555568.701557:  1338 000892 0691 000612 2411 001686 1880 001393 3352 002837 1991 001553 0000 000000
1517555568.763306:  1338 001338 0718 000718 2457 002457 1892 001892 3392 003392 2015 002015 0000 000000
1517555568.823980:  1338 000892 0718 000624 2457 001710 1892 001393 3392 002855 2015 001562 0000 000000
1517555568.824034:  1338 000892 0718 000624 2457 001710 1892 001393 3392 002855 2015 001562 0000 000000
1517555568.885621:  1338 000028 0718 000119 2457 000250 1892 000000 3392 065496 2015 065196 0000 065518
1517555568.946414:  1338 000892 0718 000638 2457 001734 1892 001394 3392 002874 2015 001571 0000 000000
1517555568.946491:  1338 000892 0718 000638 2457 001734 1892 001394 3392 002874 2015 001571 0000 000000
1517555569.008072:  1338 001338 0746 000746 2501 002501 1903 001903 3432 003432 2038 002038 0000 000000
1517555569.068759:  1338 000892 0746 000652 2501 001755 1903 001394 3432 002895 2038 001583 0000 000000
1517555569.068849:  1338 000892 0746 000652 2501 001755 1903 001394 3432 002895 2038 001583 0000 000000
1517555569.130624:  1338 000028 0746 000119 2501 000250 1903 000010 3432 065496 2038 065196 0000 065518
1517555569.191448:  1338 000892 0746 000664 2501 001776 1903 001392 3432 002910 2038 001590 0000 000000
1517555569.191537:  1338 000892 0746 000664 2501 001776 1903 001392 3432 002910 2038 001590 0000 000000
1517555569.253262:  1338 001338 0777 000777 2543 002543 1914 001914 3472 003472 2061 002061 0000 000000
1517555569.314160:  1338 000892 0777 000678 2543 001801 1914 001393 3472 002929 2061 001596 0000 000000
1517555569.314229:  1338 000892 0777 000678 2543 001801 1914 001393 3472 002929 2061 001596 0000 000000
1517555569.376154:  1338 000028 0777 000119 2543 000250 1914 000020 3472 065486 2061 065206 0000 065518
1517555569.436898:  1338 000893 0777 000694 2543 001823 1914 001394 3472 002953 2061 001610 0000 000000
1517555569.437000:  1338 000893 0777 000694 2543 001823 1914 001394 3472 002953 2061 001610 0000 000000
1517555569.498607:  1338 001338 0808 000808 2584 002584 1924 001924 3512 003512 2084 002084 0000 000000
1517555569.558675:  1338 000893 0808 000708 2584 001846 1924 001394 3512 002972 2084 001622 0000 000000
1517555569.558742:  1338 000893 0808 000708 2584 001846 1924 001394 3512 002972 2084 001622 0000 000000
1517555569.622092:  1338 000028 0808 000119 2584 000240 1924 000030 3512 065486 2084 065206 0000 065518
1517555569.682931:  1338 000893 0808 000722 2584 001865 1924 001394 3512 002995 2084 001630 0000 000000
1517555569.683026:  1338 000893 0808 000722 2584 001865 1924 001394 3512 002995 2084 001630 0000 000000
1517555569.744690:  1338 001338 0842 000842 2624 002624 1933 001933 3553 003553 2106 002106 0000 000000
1517555569.805505:  1338 000893 0842 000739 2624 001886 1933 001394 3553 003012 2106 001637 0000 000000
1517555569.805602:  1338 000893 0842 000739 2624 001886 1933 001394 3553 003012 2106 001637 0000 000000
1517555569.867279:  1338 000028 0842 000131 2624 000240 1933 000040 3553 065486 2106 065206 0000 065518
1517555569.928043:  1338 000893 0842 000755 2624 001906 1933 001393 3553 003032 2106 001648 0000 000000
1517555569.928119:  1338 000893 0842 000755 2624 001906 1933 001393 3553 003032 2106 001648 0000 000000
1517555569.989724:  1338 001338 0877 000877 2662 002662 1942 001942 3593 003593 2128 002128 0000 000000
1517555570.050410:  1338 000893 0877 000772 2662 001925 1942 001393 3593 003054 2128 001658 0000 000000
1517555570.050493:  1338 000893 0877 000772 2662 001925 1942 001393 3593 003054 2128 001658 0000 000000
1517555570.109223:  1338 000028 0877 000131 2662 000240 1942 000050 3593 065486 2128 065206 0000 065518
1517555570.169969:  1338 000893 0877 000788 2662 001945 1942 001394 3593 003073 2128 001667 0000 000000
1517555570.170023:  1338 000893 0877 000788 2662 001945 1942 001394 3593 003073 2128 001667 0000 000000
1517555570.231628:  1338 001338 0913 000913 2698 002698 1950 001950 3634 003634 2150 002150 0000 000000
1517555570.292392:  1338 000893 0913 000804 2698 001964 1950 001393 3634 003092 2150 001677 0000 000000
1517555570.292445:  1338 000893 0913 000804 2698 001964 1950 001393 3634 003092 2150 001677 0000 000000
1517555570.354184:  1338 000028 0913 000143 2698 000240 1950 000050 3634 065486 2150 065206 0000 065518
1517555570.415060:  1338 000893 0913 000821 2698 001984 1950 001394 3634 003112 2150 001687 0000 000000
1517555570.415132:  1338 000893 0913 000821 2698 001984 1950 001394 3634 003112 2150 001687 0000 000000
1517555570.476831:  1338 001338 0952 000952 2732 002732 1957 001957 3674 003674 2171 002171 0000 000000
1517555570.537534:  1338 000893 0952 000840 2732 002003 1957 001393 3674 003132 2171 001697 0000 000000
1517555570.537586:  1338 000893 0952 000840 2732 002003 1957 001393 3674 003132 2171 001697 0000 000000
1517555570.599024:  1338 000028 0952 000143 2732 000230 1957 000060 3674 065486 2171 065216 0000 065518
1517555570.659738:  1338 000884 0952 000858 2732 002021 1957 001394 3674 003152 2171 001706 0000 000000
1517555570.659830:  1338 000884 0952 000858 2732 002021 1957 001394 3674 003152 2171 001706 0000 000000
1517555570.721332:  1339 001339 0992 000992 2765 002765 1963 001963 3713 003713 2192 002192 0000 000000
1517555570.782152:  1339 000894 0992 000877 2765 002040 1963 001394 3713 003172 2192 001716 0000 000000
1517555570.782227:  1339 000894 0992 000877 2765 002040 1963 001394 3713 003172 2192 001716 0000 000000
1517555570.843875:  1339 000028 0992 000143 2765 000230 1963 000070 3713 065486 2192 065216 0000 065518
1517555570.904697:  1339 000894 0992 000896 2765 002059 1963 001394 3713 003191 2192 001725 0000 000000
1517555570.904784:  1339 000894 0992 000896 2765 002059 1963 001394 3713 003191 2192 001725 0000 000000
1517555570.966416:  1339 001339 1034 001034 2796 002796 1969 001969 3752 003752 2213 002213 0000 000000
1517555571.027194:  1339 000895 1034 000914 2796 002075 1969 001393 3752 003211 2213 001736 0000 000000
1517555571.027244:  1339 000895 1034 000914 2796 002075 1969 001393 3752 003211 2213 001736 0000 000000
1517555571.088904:  1339 000028 1034 000143 2796 000220 1969 000070 3752 065486 2213 065216 0000 065518
1517555571.149712:  1339 000896 1034 000936 2796 002093 1969 001394 3752 003230 2213 001745 0000 000000
1517555571.149777:  1339 000896 1034 000936 2796 002093 1969 001394 3752 003230 2213 001745 0000 000000
