1517556767.761974:  0000 001369 0000 000474 0000 001641 0000 002163 0000 002923 0000 001609 0000 000000
1517556768.322703:  0000 065036 0000 065535 0000 065036 0000 065036 0000 000500 0000 064736 0000 065518
1517556768.383476:  0000 001343 0000 000471 0000 001624 0000 002167 0000 002893 0000 001605 0000 000000
1517556768.383570:  0000 001343 0000 000471 0000 001624 0000 002167 0000 002893 0000 001605 0000 000000
1517556768.445108:  1364 001364 0465 000465 1657 001657 2165 002165 2924 002924 1606 001606 0000 000000
1517556768.505843:  1364 001263 0465 000471 1657 001555 2165 002160 2924 002818 1606 001590 0000 000000
1517556768.505919:  1364 001263 0465 000471 1657 001555 2165 002160 2924 002818 1606 001590 0000 000000
1517556768.567617:  1364 065216 0465 065523 1657 065186 2165 065066 2924 000360 1606 064756 0000 065518
1517556768.628382:  1364 001163 0465 000473 1657 001486 2165 002124 2924 002747 1606 001565 0000 000000
1517556768.628483:  1364 001163 0465 000473 1657 001486 2165 002124 2924 002747 1606 001565 0000 000000
1517556768.690304:  1356 001356 0449 000449 1691 001691 2171 002171 2928 002928 1601 001601 0000 000000
1517556768.751137:  1356 001088 0449 000473 1691 001423 2171 002086 2928 002682 1601 001537 0000 000000
1517556768.751236:  1356 001088 0449 000473 1691 001423 2171 002086 2928 002682 1601 001537 0000 000000
1517556768.812599:  1356 065384 0449 065499 1691 065346 2171 065136 2928 000230 1601 064806 0000 065518
1517556768.873312:  1356 001040 0449 000473 1691 001368 2171 002050 2928 002624 1601 001508 0000 000000
1517556768.873416:  1356 001040 0449 000473 1691 001368 2171 002050 2928 002624 1601 001508 0000 000000
1517556768.934935:  1348 001348 0432 000432 1724 001724 2176 002176 2931 002931 1596 001596 0000 000000
1517556768.995635:  1348 001001 0432 000474 1724 001327 2176 002014 2931 002571 1596 001480 0000 000000
1517556768.995691:  1348 001001 0432 000474 1724 001327 2176 002014 2931 002571 1596 001480 0000 000000
1517556769.057315:  1348 065456 0432 065487 1724 065466 2176 065216 2931 000130 1596 064856 0000 065518
1517556769.117998:  1348 000969 0432 000473 1724 001294 2176 001977 2931 002533 1596 001455 0000 000000
1517556769.118072:  1348 000969 0432 000473 1724 001294 2176 001977 2931 002533 1596 001455 0000 000000
1517556769.179647:  1339 001339 0416 000416 1757 001757 2181 002181 2933 002933 1591 001591 0000 000000
1517556769.240498:  1339 000948 0416 000473 1757 001274 2181 001944 2933 002503 1591 001433 0000 000000
1517556769.240560:  1339 000948 0416 000473 1757 001274 2181 001944 2933 002503 1591 001433 0000 000000
1517556769.302302:  1339 065504 0416 065463 1757 000000 2181 065286 2933 000060 1591 064896 0000 065518
1517556769.363011:  1339 000934 0416 000472 1757 001260 2181 001913 2933 002482 1591 001415 0000 000000
1517556769.363098:  1339 000934 0416 000472 1757 001260 2181 001913 2933 002482 1591 001415 0000 000000
1517556769.424859:  1330 001330 0401 000401 1789 001789 2187 002187 2936 002936 1586 001586 0000 000000
1517556769.485684:  1330 000923 0401 000471 1789 001253 2187 001884 2936 002470 1586 001404 0000 000000
1517556769.485761:  1330 000923 0401 000471 1789 001253 2187 001884 2936 002470 1586 001404 0000 000000
1517556769.547267:  1330 065516 0401 065451 1789 000050 2187 065356 2936 000040 1586 064916 0000 065518
1517556769.608054:  1330 000913 0401 000469 1789 001244 2187 001856 2936 002463 1586 001395 0000 000000
1517556769.608115:  1330 000913 0401 000469 1789 001244 2187 001856 2936 002463 1586 001395 0000 000000
1517556769.669730:  1321 001321 0385 000385 1821 001821 2192 002192 2937 002937 1581 001581 0000 000000
1517556769.730530:  1321 000910 0385 000467 1821 001242 2192 001831 2937 002459 1581 001389 0000 000000
1517556769.730604:  1321 000910 0385 000467 1821 001242 2192 001831 2937 002459 1581 001389 0000 000000
1517556769.792237:  1321 065516 0385 065439 1821 000090 2192 065406 2937 000020 1581 064926 0000 065518
1517556769.853047:  1321 000905 0385 000464 1821 001240 2192 001810 2937 002458 1581 001385 0000 000000
1517556769.853148:  1321 000905 0385 000464 1821 001240 2192 001810 2937 002458 1581 001385 0000 000000
1517556769.914693:  1312 001312 0370 000370 1853 001853 2198 002198 2938 002938 1576 001576 0000 000000
1517556769.975567:  1312 000898 0370 000462 1853 001240 2198 001788 2938 002458 1576 001383 0000 000000
1517556769.975649:  1312 000898 0370 000462 1853 001240 2198 001788 2938 002458 1576 001383 0000 000000
1517556770.037241:  1312 065528 0370 065427 1853 000130 2198 065456 2938 000020 1576 064926 0000 065518
1517556770.098024:  1312 000893 0370 000459 1853 001240 2198 001771 2938 002458 1576 001382 0000 000000
1517556770.098207:  1312 000893 0370 000459 1853 001240 2198 001771 2938 002458 1576 001382 0000 000000
1517556770.159883:  1302 001302 0354 000354 1884 001884 2203 002203 2939 002939 1572 001572 0000 000000
1517556770.220725:  1302 000887 0354 000456 1884 001241 2203 001756 2939 002458 1572 001381 0000 000000
1517556770.220820:  1302 000887 0354 000456 1884 001241 2203 001756 2939 002458 1572 001381 0000 000000
1517556770.282196:  1302 065528 0354 065415 1884 000150 2203 065486 2939 000020 1572 064916 0000 065518
1517556770.343012:  1302 000882 0354 000453 1884 001244 2203 001744 2939 002458 1572 001381 0000 000000
1517556770.343079:  1302 000882 0354 000453 1884 001244 2203 001744 2939 002458 1572 001381 0000 000000
1517556770.404693:  1292 001292 0339 000339 1915 001915 2209 002209 2939 002939 1567 001567 0000 000000
1517556770.465441:  1292 000877 0339 000450 1915 001249 2209 001732 2939 002460 1567 001383 0000 000000
1517556770.465529:  1292 000877 0339 000450 1915 001249 2209 001732 2939 002460 1567 001383 0000 000000
1517556770.527366:  1292 065528 0339 065403 1915 000170 2209 065516 2939 000020 1567 064916 0000 065518
1517556770.588147:  1292 000869 0339 000444 1915 001254 2209 001719 2939 002457 1567 001380 0000 000000
1517556770.588247:  1292 000869 0339 000444 1915 001254 2209 001719 2939 002457 1567 001380 0000 000000
1517556770.649742:  1282 001282 0325 000325 1945 001945 2214 002214 2939 002939 1562 001562 0000 000000
1517556770.710596:  1282 000864 0325 000440 1945 001263 2214 001712 2939 002458 1562 001381 0000 000000
1517556770.710652:  1282 000864 0325 000440 1945 001263 2214 001712 2939 002458 1562 001381 0000 000000
1517556770.772080:  1282 065528 0325 065391 1945 000190 2214 000000 2939 000020 1562 064916 0000 065518
1517556770.832940:  1282 000861 0325 000435 1945 001274 2214 001707 2939 002458 1562 001381 0000 000000
1517556770.833020:  1282 000861 0325 000435 1945 001274 2214 001707 2939 002458 1562 001381 0000 000000
1517556770.894760:  1271 001271 0310 000310 1975 001975 2220 002220 2939 002939 1558 001558 0000 000000
1517556770.955573:  1271 000853 0310 000429 1975 001285 2220 001701 2939 002458 1558 001381 0000 000000
1517556770.955685:  1271 000853 0310 000429 1975 001285 2220 001701 2939 002458 1558 001381 0000 000000
1517556771.017126:  1271 065528 0310 065391 1975 000190 2220 000020 2939 000020 1558 064906 0000 065518
1517556771.077874:  1271 000849 0310 000423 1975 001300 2220 001697 2939 002456 1558 001378 0000 000000
1517556771.077951:  1271 000849 0310 000423 1975 001300 2220 001697 2939 002456 1558 001378 0000 000000
1517556771.139525:  1260 001260 0296 000296 2005 002005 2226 002226 2937 002937 1553 001553 0000 000000
1517556771.200183:  1260 000843 0296 000418 2005 001311 2226 001692 2937 002458 1553 001381 0000 000000
1517556771.200267:  1260 000843 0296 000418 2005 001311 2226 001692 2937 002458 1553 001381 0000 000000
1517556771.261900:  1260 065528 0296 065391 2005 000200 2226 000030 2937 000030 1553 064896 0000 065518
1517556771.322607:  1260 000837 0296 000412 2005 001324 2226 001689 2937 002458 1553 001382 0000 000000
1517556771.322667:  1260 000837 0296 000412 2005 001324 2226 001689 2937 002458 1553 001382 0000 000000
1517556771.384219:  1249 001249 0281 000281 2034 002034 2232 002232 2936 002936 1548 001548 0000 000000
1517556771.444976:  1249 000832 0281 000405 2034 001340 2232 001687 2936 002456 1548 001379 0000 000000
1517556771.445046:  1249 000832 0281 000405 2034 001340 2232 001687 2936 002456 1548 001379 0000 000000
1517556771.506569:  1249 065528 0281 065391 2034 000200 2232 000050 2936 000030 1548 064896 0000 065518
1517556771.567291:  1249 000827 0281 000398 2034 001351 2232 001683 2936 002456 1548 001381 0000 000000
1517556771.567362:  1249 000827 0281 000398 2034 001351 2232 001683 2936 002456 1548 001381 0000 000000
1517556771.628801:  1238 001238 0267 000267 2062 002062 2238 002238 2933 002933 1544 001544 0000 000000
1517556771.689493:  1238 000824 0267 000391 2062 001367 2238 001684 2933 002455 1544 001380 0000 000000
1517556771.689551:  1238 000824 0267 000391 2062 001367 2238 001684 2933 002455 1544 001380 0000 000000
1517556771.751220:  1238 065528 0267 065391 2062 000200 2238 000050 2933 000030 1544 064886 0000 065518
1517556771.802355:  1238 000821 0267 000383 2062 001381 2238 001682 2933 002454 1544 001379 0000 000000
1517556771.802458:  1238 000821 0267 000383 2062 001381 2238 001682 2933 002454 1544 001379 0000 000000
1517556771.864119:  1226 001226 0254 000254 2090 002090 2244 002244 2931 002931 1539 001539 0000 000000
1517556771.924924:  1226 000818 0254 000377 2090 001462 2244 001682 2931 002454 1539 001380 0000 000000
1517556771.925000:  1226 000818 0254 000377 2090 001462 2244 001682 2931 002454 1539 001380 0000 000000
1517556771.986555:  1226 065516 0254 065391 2090 000200 2244 000060 2931 000030 1539 064886 0000 065518
1517556772.047380:  1226 000815 0254 000369 2090 001406 2244 001680 2931 002453 1539 001380 0000 000000
1517556772.047437:  1226 000815 0254 000369 2090 001406 2244 001680 2931 002453 1539 001380 0000 000000
1517556772.109077:  1214 001214 0240 000240 2118 002118 2250 002250 2927 002927 1534 001534 0000 000000
1517556772.169850:  1214 000813 0240 000362 2118 001425 2250 001683 2927 002451 1534 001377 0000 000000
1517556772.169923:  1214 000813 0240 000362 2118 001425 2250 001683 2927 002451 1534 001377 0000 000000
1517556772.231533:  1214 065504 0240 065391 2118 000200 2250 000070 2927 000030 1534 064886 0000 065518
1517556772.292280:  1214 000806 0240 000355 2118 001438 2250 001682 2927 002451 1534 001377 0000 000000
1517556772.292334:  1214 000806 0240 000355 2118 001438 2250 001682 2927 002451 1534 001377 0000 000000
1517556772.354139:  1201 001201 0227 000227 2145 002145 2256 002256 2923 002923 1529 001529 0000 000000
1517556772.415021:  1201 000798 0227 000347 2145 001451 2256 001680 2923 002450 1529 001377 0000 000000
1517556772.415125:  1201 000798 0227 000347 2145 001451 2256 001680 2923 002450 1529 001377 0000 000000
1517556772.476792:  1201 065504 0227 065391 2145 000190 2256 000070 2923 000030 1529 064886 0000 065518
1517556772.537539:  1201 000792 0227 000340 2145 001468 2256 001681 2923 002449 1529 001377 0000 000000
1517556772.537598:  1201 000792 0227 000340 2145 001468 2256 001681 2923 002449 1529 001377 0000 000000
1517556772.599206:  1188 001188 0214 000214 2172 002172 2263 002263 2919 002919 1524 001524 0000 000000
1517556772.660049:  1188 000783 0214 000333 2172 001480 2263 001681 2919 002448 1524 001376 0000 000000
1517556772.660111:  1188 000783 0214 000333 2172 001480 2263 001681 2919 002448 1524 001376 0000 000000
1517556772.721717:  1188 065516 0214 065391 2172 000190 2263 000080 2919 000030 1524 064876 0000 065518
1517556772.782137:  1188 000776 0214 000327 2172 001493 2263 001680 2919 002444 1524 001375 0000 000000
1517556772.782227:  1188 000776 0214 000327 2172 001493 2263 001680 2919 002444 1524 001375 0000 000000
1517556772.843876:  1174 001174 0201 000201 2198 002198 2270 002270 2914 002914 1519 001519 0000 000000
1517556772.904592:  1174 000769 0201 000320 2198 001507 2270 001681 2914 002441 1519 001374 0000 000000
1517556772.904690:  1174 000769 0201 000320 2198 001507 2270 001681 2914 002441 1519 001374 0000 000000
1517556772.966599:  1174 065516 0201 065391 2198 000190 2270 000090 2914 000030 1519 064876 0000 065518
1517556773.027373:  1174 000761 0201 000313 2198 001520 2270 001680 2914 002438 1519 001373 0000 000000
1517556773.027433:  1174 000761 0201 000313 2198 001520 2270 001680 2914 002438 1519 001373 0000 000000
1517556773.088958:  1161 001161 0188 000188 2223 002223 2277 002277 2909 002909 1514 001514 0000 000000
1517556773.149795:  1161 000752 0188 000307 2223 001532 2277 001679 2909 002434 1514 001371 0000 000000
1517556773.149865:  1161 000752 0188 000307 2223 001532 2277 001679 2909 002434 1514 001371 0000 000000
1517556773.211372:  1161 065516 0188 065391 2223 000190 2277 000090 2909 000030 1514 064876 0000 065518
1517556773.272094:  1161 000747 0188 000300 2223 001546 2277 001680 2909 002431 1514 001370 0000 000000
1517556773.272184:  1161 000747 0188 000300 2223 001546 2277 001680 2909 002431 1514 001370 0000 000000
1517556773.333771:  1146 001146 0179 000179 2248 002248 2284 002284 2902 002902 1509 001509 0000 000000
1517556773.394477:  1146 000739 0179 000294 2248 001559 2284 001681 2902 002428 1509 001369 0000 000000
1517556773.394548:  1146 000739 0179 000294 2248 001559 2284 001681 2902 002428 1509 001369 0000 000000
1517556773.456139:  1146 065516 0179 065403 2248 000190 2284 000100 2902 000030 1509 064876 0000 065518
1517556773.516912:  1146 000731 0179 000288 2248 001572 2284 001682 2902 002425 1509 001367 0000 000000
1517556773.516988:  1146 000731 0179 000288 2248 001572 2284 001682 2902 002425 1509 001367 0000 000000
1517556773.578603:  1131 001131 0179 000179 2273 002273 2291 002291 2896 002896 1504 001504 0000 000000
1517556773.639479:  1131 000723 0179 000282 2273 001584 2291 001681 2896 002421 1504 001365 0000 000000
1517556773.639562:  1131 000723 0179 000282 2273 001584 2291 001681 2896 002421 1504 001365 0000 000000
1517556773.701274:  1131 065516 0179 065415 2273 000190 2291 000110 2896 000030 1504 064866 0000 065518
1517556773.761990:  1131 000716 0179 000278 2273 001596 2291 001681 2896 002418 1504 001364 0000 000000
1517556773.762066:  1131 000716 0179 000278 2273 001596 2291 001681 2896 002418 1504 001364 0000 000000
1517556773.823630:  1116 001116 0179 000179 2297 002297 2299 002299 2889 002889 1498 001498 0000 000000
1517556773.884364:  1116 000710 0179 000275 2297 001607 2299 001681 2889 002414 1498 001361 0000 000000
1517556773.884420:  1116 000710 0179 000275 2297 001607 2299 001681 2889 002414 1498 001361 0000 000000
1517556773.946032:  1116 065516 0179 065427 2297 000190 2299 000120 2889 000030 1498 064866 0000 065518
1517556774.006882:  1116 000704 0179 000272 2297 001620 2299 001681 2889 002411 1498 001364 0000 000000
1517556774.006960:  1116 000704 0179 000272 2297 001620 2299 001681 2889 002411 1498 001364 0000 000000
1517556774.068555:  1100 001100 0179 000179 2321 002321 2307 002307 2881 002881 1493 001493 0000 000000
1517556774.129364:  1100 000699 0179 000269 2321 001632 2307 001681 2881 002408 1493 001358 0000 000000
1517556774.129427:  1100 000699 0179 000269 2321 001632 2307 001681 2881 002408 1493 001358 0000 000000
1517556774.191193:  1100 065504 0179 065439 2321 000190 2307 000130 2881 000040 1493 064866 0000 065518
1517556774.251949:  1100 000692 0179 000266 2321 001643 2307 001680 2881 002404 1493 001357 0000 000000
1517556774.252026:  1100 000692 0179 000266 2321 001643 2307 001680 2881 002404 1493 001357 0000 000000
1517556774.312599:  1084 001084 0179 000179 2344 002344 2315 002315 2872 002872 1487 001487 0000 000000
1517556774.373323:  1084 000685 0179 000264 2344 001656 2315 001681 2872 002402 1487 001355 0000 000000
1517556774.373431:  1084 000685 0179 000264 2344 001656 2315 001681 2872 002402 1487 001355 0000 000000
