1517558780.725803:  0000 001358 0000 000643 0000 001613 0000 002125 0000 002895 0000 001598 0000 000000
1517558783.286478:  1357 001357 0643 000643 1612 001612 2125 002125 2895 002895 1598 001598 0000 000000
1517558783.347212:  1357 001319 0643 000169 1612 001612 2125 002156 2895 002877 1598 001597 0000 000000
1517558783.347309:  1357 001319 0643 000169 1612 001612 2125 002156 2895 002877 1598 001597 0000 000000
1517558783.408932:  1357 065144 0643 000215 1612 065116 2125 065036 2895 000370 1598 064736 0000 065518
1517558783.469736:  1357 001226 0643 000197 1612 001546 2125 002146 2895 002806 1598 001583 0000 000000
1517558783.469821:  1357 001226 0643 000197 1612 001546 2125 002146 2895 002806 1598 001583 0000 000000
1517558783.531371:  1370 001370 0714 000714 1709 001709 2154 002154 3046 003046 1552 001552 0000 000000
1517558783.592175:  1370 001138 0714 000236 1709 001482 2154 002107 3046 002737 1552 001560 0000 000000
1517558783.592271:  1370 001138 0714 000236 1709 001482 2154 002107 3046 002737 1552 001560 0000 000000
1517558783.653897:  1370 065360 0714 000227 1709 065326 2154 065106 3046 000110 1552 064736 0000 065518
1517558783.714725:  1370 001076 0714 000268 1709 001429 2154 002076 3046 002702 1552 001537 0000 000000
1517558783.714787:  1370 001076 0714 000268 1709 001429 2154 002076 3046 002702 1552 001537 0000 000000
1517558783.776297:  1381 001381 0794 000794 1791 001791 2176 002176 3192 003192 1512 001512 0000 000000
1517558783.837131:  1381 001034 0794 000302 1791 001386 2176 002041 3192 002691 1512 001518 0000 000000
1517558783.837197:  1381 001034 0794 000302 1791 001386 2176 002041 3192 002691 1512 001518 0000 000000
1517558783.898689:  1381 065480 0794 000239 1791 065486 2176 065196 3192 065476 1512 064736 0000 065518
1517558783.959419:  1381 001001 0794 000343 1791 001359 2176 002009 3192 002704 1512 001509 0000 000000
1517558783.959482:  1381 001001 0794 000343 1791 001359 2176 002009 3192 002704 1512 001509 0000 000000
1517558784.020929:  1392 001392 0885 000885 1858 001858 2193 002193 3330 003330 1477 001477 0000 000000
1517558784.081719:  1392 000982 0885 000381 1858 001343 2193 001974 3330 002735 1477 001511 0000 000000
1517558784.081815:  1392 000982 0885 000381 1858 001343 2193 001974 3330 002735 1477 001511 0000 000000
1517558784.143539:  1392 000004 0885 000263 1858 000040 2193 065276 3330 065396 1477 064736 0000 065518
1517558784.204235:  1392 000971 0885 000422 1858 001333 2193 001937 3330 002771 1477 001523 0000 000000
1517558784.204327:  1392 000971 0885 000422 1858 001333 2193 001937 3330 002771 1477 001523 0000 000000
1517558784.255984:  1403 001403 0985 000985 1908 001908 2205 002205 3457 003457 1445 001445 0000 000000
1517558784.316858:  1403 000968 0985 000459 1908 001327 2205 001915 3457 002811 1445 001528 0000 000000
1517558784.316936:  1403 000968 0985 000459 1908 001327 2205 001915 3457 002811 1445 001528 0000 000000
1517558784.378635:  1403 000028 0985 000287 1908 000090 2205 065346 3457 065356 1445 064736 0000 065518
1517558784.439419:  1403 000965 0985 000504 1908 001329 2205 001889 3457 002844 1445 001543 0000 000000
1517558784.439525:  1403 000965 0985 000504 1908 001329 2205 001889 3457 002844 1445 001543 0000 000000
1517558784.501108:  1414 001414 1094 001094 1942 001942 2214 002214 3572 003572 1416 001416 0000 000000
1517558784.561884:  1414 000967 1094 000550 1942 001328 2214 001862 3572 002889 1416 001564 0000 000000
1517558784.561975:  1414 000967 1094 000550 1942 001328 2214 001862 3572 002889 1416 001564 0000 000000
1517558784.623905:  1414 000040 1094 000311 1942 000120 2214 065396 3572 065326 1416 064736 0000 065518
1517558784.684811:  1414 000970 1094 000598 1942 001326 2214 001839 3572 002933 1416 001582 0000 000000
1517558784.684903:  1414 000970 1094 000598 1942 001326 2214 001839 3572 002933 1416 001582 0000 000000
1517558784.745931:  1424 001424 1211 001211 1960 001960 2219 002219 3675 003675 1391 001391 0000 000000
1517558784.806728:  1424 000976 1211 000648 1960 001329 2219 001817 3675 002976 1391 001604 0000 000000
1517558784.806796:  1424 000976 1211 000648 1960 001329 2219 001817 3675 002976 1391 001604 0000 000000
1517558784.868482:  1424 000040 1211 000335 1960 000130 2219 065446 3675 065316 1391 064736 0000 065518
1517558784.929201:  1424 000981 1211 000697 1960 001328 2219 001798 3675 003057 1391 001625 0000 000000
1517558784.929270:  1424 000981 1211 000697 1960 001328 2219 001798 3675 003057 1391 001625 0000 000000
1517558784.990962:  1433 001433 1334 001334 1960 001960 2222 002222 3764 003764 1368 001368 0000 000000
1517558785.051835:  1433 000987 1334 000750 1960 001329 2222 001779 3764 003067 1368 001647 0000 000000
1517558785.051879:  1433 000987 1334 000750 1960 001329 2222 001779 3764 003067 1368 001647 0000 000000
1517558785.113553:  1433 000028 1334 000371 1960 000120 2222 065476 3764 065326 1368 064736 0000 065518
1517558785.174256:  1433 000991 1334 000805 1960 001330 2222 001765 3764 003112 1368 001668 0000 000000
1517558785.174318:  1433 000991 1334 000805 1960 001330 2222 001765 3764 003112 1368 001668 0000 000000
1517558785.235884:  1443 001443 1463 001463 1944 001944 2224 002224 3840 003840 1348 001348 0000 000000
1517558785.296605:  1443 000995 1463 000859 1944 001331 2224 001754 3840 003153 1348 001688 0000 000000
1517558785.296707:  1443 000995 1463 000859 1944 001331 2224 001754 3840 003153 1348 001688 0000 000000
1517558785.358392:  1443 000028 1463 000395 1944 000090 2224 065506 3840 065346 1348 064736 0000 065518
1517558785.419206:  1443 000999 1463 000916 1944 001332 2224 001743 3840 003196 1348 001710 0000 000000
1517558785.419285:  1443 000999 1463 000916 1944 001332 2224 001743 3840 003196 1348 001710 0000 000000
1517558785.481008:  1452 001452 1597 001597 1911 001911 2223 002223 3904 003904 1331 001331 0000 000000
1517558785.541811:  1452 001003 1597 001010 1911 001332 2223 001731 3904 003238 1331 001731 0000 000000
1517558785.541884:  1452 001003 1597 001010 1911 001332 2223 001731 3904 003238 1331 001731 0000 000000
1517558785.605126:  1452 000040 1597 000407 1911 000050 2223 065526 3904 065366 1331 064736 0000 065518
1517558785.665946:  1452 001008 1597 001035 1911 001331 2223 001722 3904 003280 1331 001751 0000 000000
1517558785.666021:  1452 001008 1597 001035 1911 001331 2223 001722 3904 003280 1331 001751 0000 000000
1517558785.725796:  1460 001460 1734 001734 1861 001861 2222 002222 3955 003955 1316 001316 0000 000000
1517558785.786588:  1460 001014 1734 001097 1861 001329 2222 001714 3955 003317 1316 001772 0000 000000
1517558785.786663:  1460 001014 1734 001097 1861 001329 2222 001714 3955 003317 1316 001772 0000 000000
1517558785.848275:  1460 000028 1734 000431 1861 000000 2222 000010 3955 065396 1316 064736 0000 065518
1517558785.909117:  1460 001019 1734 001157 1861 001321 2222 001708 3955 003355 1316 001791 0000 000000
1517558785.909192:  1460 001019 1734 001157 1861 001321 2222 001708 3955 003355 1316 001791 0000 000000
1517558785.970945:  1469 001469 1873 001873 1796 001796 2220 002220 3996 003996 1304 001304 0000 000000
1517558786.031685:  1469 001024 1873 001221 1796 001310 2220 001698 3996 003383 1304 001810 0000 000000
1517558786.031762:  1469 001024 1873 001221 1796 001310 2220 001698 3996 003383 1304 001810 0000 000000
1517558786.093229:  1469 000028 1873 000455 1796 065486 2220 000010 3996 065436 1304 064736 0000 065518
1517558786.154075:  1469 001030 1873 001285 1796 001294 2220 001696 3996 003424 1304 001828 0000 000000
1517558786.154127:  1469 001030 1873 001285 1796 001294 2220 001696 3996 003424 1304 001828 0000 000000
1517558786.215822:  1477 001477 2014 002014 1715 001715 2217 002217 4026 004026 1294 001294 0000 000000
1517558786.276410:  1477 001036 2014 001345 1715 001272 2217 001688 4026 003454 1294 001845 0000 000000
1517558786.276481:  1477 001036 2014 001345 1715 001272 2217 001688 4026 003454 1294 001845 0000 000000
1517558786.338097:  1477 000028 2014 000467 1715 065436 2217 000020 4026 065466 1294 064736 0000 065518
1517558786.398740:  1477 001041 2014 001411 1715 001246 2217 001685 4026 003480 1294 001859 0000 000000
1517558786.398813:  1477 001041 2014 001411 1715 001246 2217 001685 4026 003480 1294 001859 0000 000000
1517558786.460459:  1485 001485 2155 002155 1619 001619 2214 002214 4047 004047 1287 001287 0000 000000
1517558786.521244:  1485 001045 2155 001477 1619 001213 2214 001681 4047 003506 1287 001873 0000 000000
1517558786.521320:  1485 001045 2155 001477 1619 001213 2214 001681 4047 003506 1287 001873 0000 000000
1517558786.583077:  1485 000028 2155 000479 1619 065406 2214 000030 4047 065506 1287 064736 0000 065518
1517558786.643944:  1485 001050 2155 001544 1619 001179 2214 001676 4047 003526 1287 001888 0000 000000
1517558786.644012:  1485 001050 2155 001544 1619 001179 2214 001676 4047 003526 1287 001888 0000 000000
1517558786.705630:  1492 001492 2297 002297 1509 001509 2211 002211 4059 004059 1284 001284 0000 000000
1517558786.766120:  1492 001052 2297 001611 1509 001140 2211 001673 4059 003544 1284 001897 0000 000000
1517558786.766191:  1492 001052 2297 001611 1509 001140 2211 001673 4059 003544 1284 001897 0000 000000
1517558786.827977:  1492 000028 2297 000491 1509 065356 2211 000030 4059 065526 1284 064736 0000 065518
1517558786.888757:  1492 001057 2297 001678 1509 001100 2211 001669 4059 003558 1284 001907 0000 000000
1517558786.888812:  1492 001057 2297 001678 1509 001100 2211 001669 4059 003558 1284 001907 0000 000000
1517558786.950399:  1500 001500 2438 002438 1386 001386 2208 002208 4064 004064 1282 001282 0000 000000
1517558787.011216:  1500 001065 2438 001746 1386 001056 2208 001666 4064 003568 1282 001915 0000 000000
1517558787.011287:  1500 001065 2438 001746 1386 001056 2208 001666 4064 003568 1282 001915 0000 000000
1517558787.072876:  1500 000016 2438 000500 1386 065316 2208 000040 4064 000010 1282 064736 0000 065518
1517558787.133654:  1500 001068 2438 001814 1386 001005 2208 001664 4064 003575 1282 001921 0000 000000
1517558787.133707:  1500 001068 2438 001814 1386 001005 2208 001664 4064 003575 1282 001921 0000 000000
1517558787.195200:  1507 001507 2579 002579 1251 001251 2206 002206 4060 004060 1284 001284 0000 000000
1517558787.245931:  1507 001069 2579 001880 1251 000954 2206 001660 4060 003579 1284 001925 0000 000000
1517558787.246026:  1507 001069 2579 001880 1251 000954 2206 001660 4060 003579 1284 001925 0000 000000
1517558787.307562:  1507 000028 2579 000500 1251 065286 2206 000040 4060 065526 1284 064736 0000 065518
1517558787.368260:  1507 001071 2579 001945 1251 000902 2206 001659 4060 003580 1284 001928 0000 000000
1517558787.368329:  1507 001071 2579 001945 1251 000902 2206 001659 4060 003580 1284 001928 0000 000000
1517558787.429978:  1514 001514 2720 002720 1104 001104 2203 002203 4048 004048 1289 001289 0000 000000
1517558787.490737:  1514 001074 2720 002013 1104 000844 2203 001657 4048 003580 1289 001930 0000 000000
1517558787.490808:  1514 001074 2720 002013 1104 000844 2203 001657 4048 003580 1289 001930 0000 000000
1517558787.552693:  1514 000028 2720 000500 1104 065246 2203 000040 4048 000040 1289 064736 0000 065518
1517558787.613386:  1514 001077 2720 002083 1104 000783 2203 001655 4048 003575 1289 001930 0000 000000
1517558787.613463:  1514 001077 2720 002083 1104 000783 2203 001655 4048 003575 1289 001930 0000 000000
1517558787.675228:  1521 001521 2860 002860 0948 000948 2200 002200 4026 004026 1298 001298 0000 000000
1517558787.735894:  1521 001079 2860 002152 0948 000721 2200 001653 4026 003568 1298 001929 0000 000000
1517558787.736001:  1521 001079 2860 002152 0948 000721 2200 001653 4026 003568 1298 001929 0000 000000
1517558787.797664:  1521 000028 2860 000500 0948 065206 2200 000040 4026 000060 1298 064736 0000 065518
1517558787.858487:  1521 001080 2860 002223 0948 000656 2200 001652 4026 003558 1298 001926 0000 000000
1517558787.858541:  1521 001080 2860 002223 0948 000656 2200 001652 4026 003558 1298 001926 0000 000000
1517558787.920019:  1527 001527 3002 003002 0783 000783 2196 002196 3994 003994 1310 001310 0000 000000
1517558787.980740:  1527 001081 3002 002294 0783 000590 2196 001650 3994 003546 1310 001922 0000 000000
1517558787.980794:  1527 001081 3002 002294 0783 000590 2196 001650 3994 003546 1310 001922 0000 000000
1517558788.042453:  1527 000040 3002 000500 0783 065176 2196 000040 3994 000070 1310 064736 0000 065518
1517558788.103131:  1527 001082 3002 002362 0783 000526 2196 001649 3994 003532 1310 001917 0000 000000
1517558788.103216:  1527 001082 3002 002362 0783 000526 2196 001649 3994 003532 1310 001917 0000 000000
1517558788.164793:  1534 001534 3144 003144 0611 000611 2192 002192 3948 003948 1326 001326 0000 000000
1517558788.225589:  1534 001085 3144 002433 0611 000458 2192 001646 3948 003533 1326 001907 0000 000000
1517558788.225638:  1534 001085 3144 002433 0611 000458 2192 001646 3948 003533 1326 001907 0000 000000
1517558788.287140:  1534 000028 3144 000500 0611 065136 2192 000040 3948 000090 1326 064736 0000 065518
1517558788.347900:  1534 001089 3144 002503 0611 000391 2192 001646 3948 003491 1326 001903 0000 000000
1517558788.347955:  1534 001089 3144 002503 0611 000391 2192 001646 3948 003491 1326 001903 0000 000000
1517558788.409767:  1540 001540 3290 003290 0436 000436 2187 002187 3885 003885 1348 001348 0000 000000
1517558788.470590:  1540 001094 3290 002573 0436 000322 2187 001643 3885 003466 1348 001893 0000 000000
1517558788.470644:  1540 001094 3290 002573 0436 000322 2187 001643 3885 003466 1348 001893 0000 000000
1517558788.532232:  1540 000028 3290 000500 0436 065096 2187 000040 3885 000130 1348 064736 0000 065518
1517558788.593011:  1540 001099 3290 002643 0436 000252 2187 001640 3885 003437 1348 001882 0000 000000
1517558788.593079:  1540 001099 3290 002643 0436 000252 2187 001640 3885 003437 1348 001882 0000 000000
1517558788.654678:  1546 001546 3442 003442 0339 000339 2179 002179 3794 003794 1378 001378 0000 000000
1517558788.715390:  1546 001103 3442 002713 0339 000186 2179 001637 3794 003403 1378 001867 0000 000000
1517558788.715460:  1546 001103 3442 002713 0339 000186 2179 001637 3794 003403 1378 001867 0000 000000
1517558788.776364:  1546 000028 3442 000500 0339 065216 2179 000030 3794 000160 1378 064736 0000 065518
1517558788.837244:  1546 001108 3442 002784 0339 000127 2179 001636 3794 003365 1378 001853 0000 000000
1517558788.837311:  1546 001108 3442 002784 0339 000127 2179 001636 3794 003365 1378 001853 0000 000000
1517558788.898980:  1552 001552 3610 003610 0339 000339 2163 002163 3651 003651 1424 001424 0000 000000
1517558788.959745:  1552 001114 3610 002853 0339 000104 2163 001634 3651 003322 1424 001835 0000 000000
1517558788.959800:  1552 001114 3610 002853 0339 000104 2163 001634 3651 003322 1424 001835 0000 000000
1517558789.021442:  1552 000016 3610 000500 0339 065266 2163 000010 3651 000260 1424 064736 0000 065518
