1517295140.535627:  0000 002035 0000 001907 0000 002464 0000 002617 0000 003914 0000 002094 0000 000000
1517295141.136305:  2034 002034 1907 001907 2464 002464 2617 002617 3914 003914 2094 002094 0000 000000
1517295141.237111:  2034 002059 1907 001931 2464 002473 2617 002618 3914 003888 2094 002097 0000 000000
1517295141.237191:  2034 002059 1907 001931 2464 002473 2617 002618 3914 003888 2094 002097 0000 000000
1517295141.338914:  2034 000128 1907 000164 2464 000180 2617 000190 3914 000120 2094 000800 0000 000500
1517295141.439822:  2034 002135 1907 001993 2464 002502 2617 002652 3914 003820 2094 002070 0000 000000
1517295141.439919:  2034 002135 1907 001993 2464 002502 2617 002652 3914 003820 2094 002070 0000 000000
1517295141.535601:  2034 002034 1955 001955 2460 002460 2617 002617 3944 003944 2095 002095 0000 000000
1517295141.636431:  2034 002195 1955 002040 2460 002517 2617 002683 3944 003791 2095 002054 0000 000000
1517295141.636486:  2034 002195 1955 002040 2460 002517 2617 002683 3944 003791 2095 002054 0000 000000
1517295141.738218:  2034 065532 1955 000104 2460 000140 2617 000120 3944 000030 2095 000800 0000 000500
1517295141.839038:  2034 002225 1955 002079 2460 002530 2617 002711 3944 003788 2095 002041 0000 000000
1517295141.839148:  2034 002225 1955 002079 2460 002530 2617 002711 3944 003788 2095 002041 0000 000000
1517295141.940744:  2034 002034 2004 002004 2455 002455 2617 002617 3972 003972 2095 002095 0000 000000
1517295142.035602:  2034 002242 2004 002115 2455 002537 2617 002734 3972 003791 2095 002033 0000 000000
1517295142.035671:  2034 002242 2004 002115 2455 002537 2617 002734 3972 003791 2095 002033 0000 000000
1517295142.137252:  2034 065484 2004 000080 2455 000120 2617 000080 3972 000010 2095 000800 0000 000500
1517295142.238031:  2034 002255 2004 002145 2455 002542 2617 002756 3972 003800 2095 002042 0000 000000
1517295142.238120:  2034 002255 2004 002145 2455 002542 2617 002756 3972 003800 2095 002042 0000 000000
1517295142.339959:  2034 002034 2054 002054 2448 002448 2617 002617 3998 003998 2096 002096 0000 000000
1517295142.440747:  2034 002255 2054 002175 2448 002547 2617 002767 3998 003814 2096 002041 0000 000000
1517295142.440797:  2034 002255 2054 002175 2448 002547 2617 002767 3998 003814 2096 002041 0000 000000
1517295142.535605:  2034 065472 2054 000068 2448 000100 2617 000040 3998 000010 2096 000800 0000 000500
1517295142.636428:  2034 002257 2054 002201 2448 002549 2617 002781 3998 003828 2096 002050 0000 000000
1517295142.636522:  2034 002257 2054 002201 2448 002549 2617 002781 3998 003828 2096 002050 0000 000000
1517295142.738210:  2034 002034 2103 002103 2439 002439 2617 002617 4023 004023 2097 002097 0000 000000
1517295142.838871:  2034 002258 2103 002227 2439 002549 2617 002793 4023 003839 2097 002053 0000 000000
1517295142.838925:  2034 002258 2103 002227 2439 002549 2617 002793 4023 003839 2097 002053 0000 000000
1517295142.940506:  2034 065472 2103 000068 2439 000090 2617 000020 4023 000020 2097 000800 0000 000500
1517295143.035570:  2034 002257 2103 002252 2439 002551 2617 002801 4023 003853 2097 002056 0000 000000
1517295143.035633:  2034 002257 2103 002252 2439 002551 2617 002801 4023 003853 2097 002056 0000 000000
1517295143.137153:  2034 002034 2152 002152 2428 002428 2617 002617 4046 004046 2098 002098 0000 000000
1517295143.237983:  2034 002258 2152 002278 2428 002550 2617 002808 4046 003866 2098 002062 0000 000000
1517295143.238079:  2034 002258 2152 002278 2428 002550 2617 002808 4046 003866 2098 002062 0000 000000
1517295143.339575:  2034 065472 2152 000068 2428 000080 2617 000010 4046 000020 2098 000800 0000 000500
1517295143.440435:  2034 002257 2152 002303 2428 002549 2617 002817 4046 003878 2098 002070 0000 000000
1517295143.440503:  2034 002257 2152 002303 2428 002549 2617 002817 4046 003878 2098 002070 0000 000000
1517295143.535572:  2034 002034 2201 002201 2416 002416 2617 002617 4067 004067 2099 002099 0000 000000
1517295143.636318:  2034 002257 2201 002327 2416 002549 2617 002821 4067 003886 2099 002077 0000 000000
1517295143.636399:  2034 002257 2201 002327 2416 002549 2617 002821 4067 003886 2099 002077 0000 000000
1517295143.738093:  2034 065472 2201 000068 2416 000070 2617 000000 4067 000020 2099 000800 0000 000500
1517295143.838901:  2034 002257 2201 002350 2416 002547 2617 002825 4067 003895 2099 002077 0000 000000
1517295143.838965:  2034 002257 2201 002350 2416 002547 2617 002825 4067 003895 2099 002077 0000 000000
1517295143.940411:  2034 002034 2250 002250 2401 002401 2617 002617 4079 004079 2100 002100 0000 000000
1517295144.035596:  2034 002254 2250 002372 2401 002545 2617 002827 4079 003903 2100 002082 0000 000000
1517295144.035661:  2034 002254 2250 002372 2401 002545 2617 002827 4079 003903 2100 002082 0000 000000
1517295144.137454:  2034 065472 2250 000068 2401 000050 2617 065526 4079 000030 2100 000800 0000 000500
1517295144.238220:  2034 002255 2250 002395 2401 002542 2617 002761 4079 003909 2100 002086 0000 000000
1517295144.238287:  2034 002255 2250 002395 2401 002542 2617 002761 4079 003909 2100 002086 0000 000000
1517295144.339841:  2034 002034 2299 002299 2385 002385 2617 002617 4079 004079 2100 002100 0000 000000
1517295144.440596:  2034 002255 2299 002421 2385 002538 2617 002831 4079 003911 2100 002087 0000 000000
1517295144.440656:  2034 002255 2299 002421 2385 002538 2617 002831 4079 003911 2100 002087 0000 000000
1517295144.535601:  2034 065472 2299 000068 2385 000050 2617 065526 4079 000040 2100 000800 0000 000500
1517295144.636378:  2034 002256 2299 002445 2385 002533 2617 002833 4079 003911 2100 002092 0000 000000
1517295144.636446:  2034 002256 2299 002445 2385 002533 2617 002833 4079 003911 2100 002092 0000 000000
1517295144.737997:  2034 002034 2347 002347 2368 002368 2617 002617 4079 004079 2101 002101 0000 000000
1517295144.838788:  2034 002256 2347 002468 2368 002529 2617 002834 4079 003911 2101 002089 0000 000000
1517295144.838879:  2034 002256 2347 002468 2368 002529 2617 002834 4079 003911 2101 002089 0000 000000
1517295144.940638:  2034 065472 2347 000080 2368 000040 2617 065526 4079 000040 2101 000800 0000 000500
1517295145.035620:  2034 002256 2347 002493 2368 002523 2617 002837 4079 003911 2101 002089 0000 000000
1517295145.035679:  2034 002256 2347 002493 2368 002523 2617 002837 4079 003911 2101 002089 0000 000000
1517295145.137255:  2035 002035 2396 002396 2348 002348 2617 002617 4079 004079 2102 002102 0000 000000
1517295145.238106:  2035 002255 2396 002518 2348 002516 2617 002836 4079 003912 2102 002091 0000 000000
1517295145.238167:  2035 002255 2396 002518 2348 002516 2617 002836 4079 003912 2102 002091 0000 000000
1517295145.339899:  2035 065472 2396 000080 2348 000030 2617 065516 4079 000040 2102 000800 0000 000500
1517295145.440667:  2035 002255 2396 002542 2348 002508 2617 002838 4079 003911 2102 002090 0000 000000
1517295145.440752:  2035 002255 2396 002542 2348 002508 2617 002838 4079 003911 2102 002090 0000 000000
1517295145.535603:  2035 002035 2444 002444 2327 002327 2617 002617 4079 004079 2102 002102 0000 000000
1517295145.636448:  2035 002255 2444 002565 2327 002500 2617 002839 4079 003911 2102 002095 0000 000000
1517295145.636514:  2035 002255 2444 002565 2327 002500 2617 002839 4079 003911 2102 002095 0000 000000
1517295145.738085:  2035 065484 2444 000068 2327 000020 2617 065516 4079 000040 2102 000800 0000 000500
1517295145.838858:  2035 002254 2444 002589 2327 002493 2617 002838 4079 003913 2102 002090 0000 000000
1517295145.838934:  2035 002254 2444 002589 2327 002493 2617 002838 4079 003913 2102 002090 0000 000000
1517295145.940355:  2035 002035 2491 002491 2303 002303 2617 002617 4079 004079 2103 002103 0000 000000
1517295146.035605:  2035 002254 2491 002613 2303 002483 2617 002839 4079 003913 2103 002088 0000 000000
1517295146.035668:  2035 002254 2491 002613 2303 002483 2617 002839 4079 003913 2103 002088 0000 000000
1517295146.137596:  2035 065484 2491 000080 2303 000020 2617 065516 4079 000040 2103 000800 0000 000500
1517295146.238377:  2035 002255 2491 002636 2303 002473 2617 002841 4079 003913 2103 002090 0000 000000
1517295146.238472:  2035 002255 2491 002636 2303 002473 2617 002841 4079 003913 2103 002090 0000 000000
1517295146.340087:  2035 002035 2538 002538 2279 002279 2617 002617 4079 004079 2103 002103 0000 000000
1517295146.440809:  2035 002256 2538 002661 2279 002462 2617 002841 4079 003914 2103 002091 0000 000000
1517295146.440850:  2035 002256 2538 002661 2279 002462 2617 002841 4079 003914 2103 002091 0000 000000
1517295146.535572:  2035 065472 2538 000068 2279 000010 2617 065516 4079 000040 2103 000800 0000 000500
1517295146.636290:  2035 002255 2538 002683 2279 002450 2617 002841 4079 003914 2103 002091 0000 000000
1517295146.636358:  2035 002255 2538 002683 2279 002450 2617 002841 4079 003914 2103 002091 0000 000000
1517295146.738013:  2035 002035 2585 002585 2252 002252 2617 002617 4079 004079 2104 002104 0000 000000
1517295146.838832:  2035 002256 2585 002707 2252 002438 2617 002842 4079 003914 2104 002090 0000 000000
1517295146.838918:  2035 002256 2585 002707 2252 002438 2617 002842 4079 003914 2104 002090 0000 000000
1517295146.940542:  2035 065472 2585 000068 2252 000010 2617 065516 4079 000040 2104 000800 0000 000500
1517295147.035596:  2035 002255 2585 002731 2252 002428 2617 002841 4079 003915 2104 002091 0000 000000
1517295147.035657:  2035 002255 2585 002731 2252 002428 2617 002841 4079 003915 2104 002091 0000 000000
1517295147.137028:  2035 002035 2632 002632 2224 002224 2617 002617 4079 004079 2104 002104 0000 000000
1517295147.237844:  2035 002255 2632 002754 2224 002414 2617 002843 4079 003914 2104 002091 0000 000000
1517295147.237920:  2035 002255 2632 002754 2224 002414 2617 002843 4079 003914 2104 002091 0000 000000
1517295147.339765:  2035 065472 2632 000068 2224 000010 2617 065516 4079 000040 2104 000800 0000 000500
1517295147.440538:  2035 002255 2632 002777 2224 002404 2617 002843 4079 003915 2104 002092 0000 000000
1517295147.440611:  2035 002255 2632 002777 2224 002404 2617 002843 4079 003915 2104 002092 0000 000000
1517295147.535572:  2035 002035 2677 002677 2194 002194 2617 002617 4079 004079 2105 002105 0000 000000
1517295147.636386:  2035 002255 2677 002808 2194 002390 2617 002843 4079 003915 2105 002092 0000 000000
1517295147.636441:  2035 002255 2677 002808 2194 002390 2617 002843 4079 003915 2105 002092 0000 000000
1517295147.738008:  2035 065472 2677 000068 2194 000000 2617 065516 4079 000040 2105 000800 0000 000500
1517295147.838823:  2035 002254 2677 002823 2194 002376 2617 002843 4079 003916 2105 002091 0000 000000
1517295147.838875:  2035 002254 2677 002823 2194 002376 2617 002843 4079 003916 2105 002091 0000 000000
1517295147.940545:  2035 002035 2723 002723 2163 002163 2617 002617 4079 004079 2105 002105 0000 000000
1517295148.035599:  2035 002254 2723 002846 2163 002362 2617 002843 4079 003915 2105 002094 0000 000000
1517295148.035674:  2035 002254 2723 002846 2163 002362 2617 002843 4079 003915 2105 002094 0000 000000
1517295148.137404:  2035 065484 2723 000068 2163 000000 2617 065516 4079 000040 2105 000800 0000 000500
1517295148.238208:  2035 002254 2723 002868 2163 002348 2617 002843 4079 003915 2105 002091 0000 000000
1517295148.238297:  2035 002254 2723 002868 2163 002348 2617 002843 4079 003915 2105 002091 0000 000000
1517295148.340021:  2035 002035 2768 002768 2130 002130 2617 002617 4079 004079 2105 002105 0000 000000
1517295148.440792:  2035 002254 2768 002891 2130 002334 2617 002843 4079 003915 2105 002092 0000 000000
1517295148.440844:  2035 002254 2768 002891 2130 002334 2617 002843 4079 003915 2105 002092 0000 000000
1517295148.535628:  2035 065484 2768 000068 2130 065526 2617 065516 4079 000040 2105 000800 0000 000500
1517295148.636437:  2035 002254 2768 002913 2130 002318 2617 002843 4079 003914 2105 002092 0000 000000
1517295148.636513:  2035 002254 2768 002913 2130 002318 2617 002843 4079 003914 2105 002092 0000 000000
1517295148.738023:  2035 002035 2812 002812 2096 002096 2616 002616 4079 004079 2106 002106 0000 000000
1517295148.838805:  2035 002254 2812 002936 2096 002301 2616 002843 4079 003914 2106 002091 0000 000000
1517295148.838892:  2035 002254 2812 002936 2096 002301 2616 002843 4079 003914 2106 002091 0000 000000
1517295148.940522:  2035 065472 2812 000068 2096 065526 2616 065516 4079 000040 2106 000800 0000 000500
1517295149.035603:  2035 002256 2812 002960 2096 002285 2616 002843 4079 003915 2106 002092 0000 000000
1517295149.035675:  2035 002256 2812 002960 2096 002285 2616 002843 4079 003915 2106 002092 0000 000000
1517295149.137385:  2035 002035 2856 002856 2060 002060 2616 002616 4079 004079 2106 002106 0000 000000
1517295149.237988:  2035 002255 2856 002982 2060 002268 2616 002843 4079 003914 2106 002092 0000 000000
1517295149.238041:  2035 002255 2856 002982 2060 002268 2616 002843 4079 003914 2106 002092 0000 000000
1517295149.339721:  2035 065472 2856 000068 2060 065526 2616 065516 4079 000040 2106 000800 0000 000500
1517295149.440397:  2035 002253 2856 003004 2060 002252 2616 002842 4079 003913 2106 002091 0000 000000
1517295149.440459:  2035 002253 2856 003004 2060 002252 2616 002842 4079 003913 2106 002091 0000 000000
1517295149.535611:  2035 002035 2899 002899 2023 002023 2616 002616 4079 004079 2106 002106 0000 000000
1517295149.636345:  2035 002252 2899 003025 2023 002233 2616 002843 4079 003911 2106 002090 0000 000000
1517295149.636421:  2035 002252 2899 003025 2023 002233 2616 002843 4079 003911 2106 002090 0000 000000
1517295149.738273:  2035 065484 2899 000068 2023 065516 2616 065516 4079 000040 2106 000800 0000 000500
1517295149.839086:  2035 002251 2899 003048 2023 002213 2616 002843 4079 003910 2106 002093 0000 000000
1517295149.839154:  2035 002251 2899 003048 2023 002213 2616 002843 4079 003910 2106 002093 0000 000000
1517295149.940774:  2035 002035 2942 002942 1984 001984 2616 002616 4079 004079 2106 002106 0000 000000
1517295150.035603:  2035 002255 2942 003070 1984 002193 2616 002876 4079 003911 2106 002090 0000 000000
1517295150.035678:  2035 002255 2942 003070 1984 002193 2616 002876 4079 003911 2106 002090 0000 000000
1517295150.137207:  2035 065472 2942 000068 1984 065526 2616 065516 4079 000040 2106 000800 0000 000500
1517295150.238026:  2035 002256 2942 003092 1984 002174 2616 002843 4079 003911 2106 002089 0000 000000
1517295150.238121:  2035 002256 2942 003092 1984 002174 2616 002843 4079 003911 2106 002089 0000 000000
1517295150.339906:  2035 002035 2984 002984 1943 001943 2616 002616 4079 004079 2106 002106 0000 000000
1517295150.440832:  2035 002257 2984 003114 1943 002152 2616 002843 4079 003911 2106 002094 0000 000000
1517295150.440891:  2035 002257 2984 003114 1943 002152 2616 002843 4079 003911 2106 002094 0000 000000
1517295150.535662:  2035 065472 2984 000056 1943 065526 2616 065516 4079 000040 2106 000800 0000 000500
1517295150.636479:  2035 002256 2984 003135 1943 002133 2616 002842 4079 003912 2106 002088 0000 000000
1517295150.636530:  2035 002256 2984 003135 1943 002133 2616 002842 4079 003912 2106 002088 0000 000000
1517295150.738121:  2035 002035 3025 003025 1902 001902 2616 002616 4079 004079 2106 002106 0000 000000
1517295150.839046:  2035 002256 3025 003155 1902 002111 2616 002842 4079 003912 2106 002092 0000 000000
1517295150.839100:  2035 002256 3025 003155 1902 002111 2616 002842 4079 003912 2106 002092 0000 000000
1517295150.940732:  2035 065472 3025 000068 1902 065526 2616 065516 4079 000040 2106 000800 0000 000500
1517295151.035606:  2035 002255 3025 003176 1902 002089 2616 002843 4079 003912 2106 002097 0000 000000
1517295151.035674:  2035 002255 3025 003176 1902 002089 2616 002843 4079 003912 2106 002097 0000 000000
