1517297583.243986:  0000 000107 0000 000092 0000 000089 0000 000080 0000 000086 0000 000092 0000 000000
1517297583.804687:  0224 000224 0176 000176 0336 000336 1408 001408 0496 000496 0000 000000 0000 000000
1517297583.865413:  0224 000108 0176 000092 0336 000089 1408 000080 0496 000086 0000 000092 0000 000000
1517297583.865506:  0224 000108 0176 000092 0336 000089 1408 000080 0496 000086 0000 000092 0000 000000
1517297583.926823:  0224 000092 0176 000167 0336 000107 1408 000500 0496 065036 0000 065455 0000 065518
1517297583.987630:  0224 000107 0176 000092 0336 000089 1408 000080 0496 000086 0000 000092 0000 000000
1517297583.987705:  0224 000107 0176 000092 0336 000089 1408 000080 0496 000086 0000 000092 0000 000000
1517297584.049178:  0224 000224 0176 000176 0336 000336 1408 001408 0496 000496 0000 000000 0000 000000
1517297584.109890:  0224 000107 0176 000092 0336 000089 1408 000080 0496 000086 0000 000092 0000 000000
1517297584.109996:  0224 000107 0176 000092 0336 000089 1408 000080 0496 000086 0000 000092 0000 000000
1517297584.171287:  0224 000092 0176 000167 0336 000107 1408 000500 0496 065036 0000 065455 0000 065518
1517297584.232058:  0224 000107 0176 000092 0336 000089 1408 000080 0496 000086 0000 000092 0000 000000
1517297584.232131:  0224 000107 0176 000092 0336 000089 1408 000080 0496 000086 0000 000092 0000 000000
1517297584.284378:  0224 000224 0176 000176 0336 000336 1408 001408 0496 000496 0000 000000 0000 000000
1517297584.345121:  0224 000107 0176 000092 0336 000089 1408 000080 0496 000087 0000 000092 0000 000000
1517297584.345198:  0224 000107 0176 000092 0336 000089 1408 000080 0496 000087 0000 000092 0000 000000
1517297584.406668:  0224 000092 0176 000167 0336 000107 1408 000500 0496 065036 0000 065455 0000 065518
1517297584.467447:  0224 000107 0176 000093 0336 000089 1408 000080 0496 000086 0000 000092 0000 000000
1517297584.467538:  0224 000107 0176 000093 0336 000089 1408 000080 0496 000086 0000 000092 0000 000000
1517297584.529031:  0224 000224 0176 000176 0336 000336 1408 001408 0496 000496 0000 000000 0000 000000
1517297584.589776:  0224 000107 0176 000092 0336 000089 1408 000080 0496 000086 0000 000092 0000 000000
1517297584.589849:  0224 000107 0176 000092 0336 000089 1408 000080 0496 000086 0000 000092 0000 000000
1517297584.651251:  0224 000092 0176 000167 0336 000107 1408 000500 0496 065036 0000 065455 0000 065518
1517297584.712049:  0224 000107 0176 000093 0336 000089 1408 000080 0496 000086 0000 000092 0000 000000
1517297584.712137:  0224 000107 0176 000093 0336 000089 1408 000080 0496 000086 0000 000092 0000 000000
1517297584.764208:  0224 000224 0176 000176 0336 000336 1408 001408 0496 000496 0000 000000 0000 000000
1517297584.825022:  0224 000107 0176 000092 0336 000089 1408 000080 0496 000086 0000 000092 0000 000000
1517297584.825095:  0224 000107 0176 000092 0336 000089 1408 000080 0496 000086 0000 000092 0000 000000
1517297584.886392:  0224 000092 0176 000167 0336 000107 1408 000500 0496 065036 0000 065455 0000 065518
1517297584.947129:  0224 000107 0176 000092 0336 000089 1408 000080 0496 000086 0000 000092 0000 000000
1517297584.947243:  0224 000107 0176 000092 0336 000089 1408 000080 0496 000086 0000 000092 0000 000000
1517297585.008630:  0224 000224 0176 000176 0336 000336 1408 001408 0496 000496 0000 000000 0000 000000
1517297585.069594:  0224 000107 0176 000093 0336 000089 1408 000080 0496 000086 0000 000092 0000 000000
1517297585.069670:  0224 000107 0176 000093 0336 000089 1408 000080 0496 000086 0000 000092 0000 000000
1517297585.130972:  0224 000092 0176 000167 0336 000107 1408 000500 0496 065036 0000 065455 0000 065518
1517297585.191657:  0224 000107 0176 000093 0336 000089 1408 000080 0496 000086 0000 000092 0000 000000
1517297585.191745:  0224 000107 0176 000093 0336 000089 1408 000080 0496 000086 0000 000092 0000 000000
1517297585.243979:  0224 000224 0176 000176 0336 000336 1408 001408 0496 000496 0000 000000 0000 000000
1517297585.304747:  0224 000107 0176 000092 0336 000089 1408 000080 0496 000086 0000 000092 0000 000000
1517297585.304860:  0224 000107 0176 000092 0336 000089 1408 000080 0496 000086 0000 000092 0000 000000
1517297585.366458:  0224 000092 0176 000167 0336 000107 1408 000500 0496 065036 0000 065455 0000 065518
1517297585.427223:  0224 000107 0176 000092 0336 000089 1408 000080 0496 000086 0000 000092 0000 000000
1517297585.427319:  0224 000107 0176 000092 0336 000089 1408 000080 0496 000086 0000 000092 0000 000000
1517297585.488893:  0224 000224 0176 000176 0336 000336 1408 001408 0496 000496 0000 000000 0000 000000
1517297585.549683:  0224 000107 0176 000092 0336 000089 1408 000080 0496 000086 0000 000092 0000 000000
1517297585.549790:  0224 000107 0176 000092 0336 000089 1408 000080 0496 000086 0000 000092 0000 000000
1517297585.611208:  0224 000092 0176 000167 0336 000107 1408 000500 0496 065036 0000 065455 0000 065518
1517297585.672011:  0224 000107 0176 000093 0336 000089 1408 000080 0496 000086 0000 000092 0000 000000
1517297585.672104:  0224 000107 0176 000093 0336 000089 1408 000080 0496 000086 0000 000092 0000 000000
1517297585.733501:  0224 000224 0176 000176 0336 000336 1408 001408 0496 000496 0000 000000 0000 000000
1517297585.784346:  0224 000108 0176 000092 0336 000089 1408 000080 0496 000086 0000 000092 0000 000000
1517297585.784414:  0224 000108 0176 000092 0336 000089 1408 000080 0496 000086 0000 000092 0000 000000
1517297585.845883:  0224 000092 0176 000167 0336 000107 1408 000500 0496 065036 0000 065455 0000 065518
1517297585.906656:  0224 000107 0176 000092 0336 000089 1408 000080 0496 000086 0000 000092 0000 000000
1517297585.906731:  0224 000107 0176 000092 0336 000089 1408 000080 0496 000086 0000 000092 0000 000000
1517297585.968426:  0224 000224 0176 000176 0336 000336 1408 001408 0496 000496 0000 000000 0000 000000
1517297586.029174:  0224 000107 0176 000092 0336 000089 1408 000080 0496 000086 0000 000092 0000 000000
1517297586.029274:  0224 000107 0176 000092 0336 000089 1408 000080 0496 000086 0000 000092 0000 000000
1517297586.090928:  0224 000092 0176 000167 0336 000107 1408 000500 0496 065036 0000 065455 0000 065518
1517297586.151795:  0224 000107 0176 000092 0336 000089 1408 000080 0496 000086 0000 000092 0000 000000
1517297586.151866:  0224 000107 0176 000092 0336 000089 1408 000080 0496 000086 0000 000092 0000 000000
1517297586.213637:  0224 000224 0176 000176 0336 000336 1408 001408 0496 000496 0000 000000 0000 000000
1517297586.274241:  0224 000108 0176 000092 0336 000089 1408 000080 0496 000086 0000 000092 0000 000000
1517297586.274356:  0224 000108 0176 000092 0336 000089 1408 000080 0496 000086 0000 000092 0000 000000
1517297586.335790:  0224 000092 0176 000167 0336 000107 1408 000500 0496 065036 0000 065455 0000 065518
1517297586.396511:  0224 000108 0176 000093 0336 000089 1408 000080 0496 000086 0000 000092 0000 000000
1517297586.396586:  0224 000108 0176 000093 0336 000089 1408 000080 0496 000086 0000 000092 0000 000000
1517297586.458008:  0224 000224 0176 000176 0336 000336 1408 001408 0496 000496 0000 000000 0000 000000
1517297586.518844:  0224 000108 0176 000093 0336 000089 1408 000080 0496 000086 0000 000092 0000 000000
1517297586.518923:  0224 000108 0176 000093 0336 000089 1408 000080 0496 000086 0000 000092 0000 000000
