1517294715.338308:  0000 001750 0000 000267 0000 003282 0000 002473 0000 003589 0000 001932 0000 000000
1517294715.939087:  1750 001750 0267 000267 3281 003281 2473 002473 3589 003589 1932 001932 0000 000000
1517294716.040012:  1750 001744 0267 000267 3281 003268 2473 002473 3589 003609 1932 001941 0000 000000
1517294716.040074:  1750 001744 0267 000267 3281 003268 2473 002473 3589 003609 1932 001941 0000 000000
1517294716.141586:  1750 065520 0267 065535 3281 065423 2473 065436 3589 065426 1932 064805 0000 065518
1517294716.242414:  1750 001744 0267 000269 3281 003201 2473 002472 3589 003668 1932 001952 0000 000000
1517294716.242490:  1750 001744 0267 000269 3281 003201 2473 002472 3589 003668 1932 001952 0000 000000
1517294716.338287:  1839 001839 0288 000288 3239 003239 2437 002437 3590 003590 1918 001918 0000 000000
1517294716.439031:  1839 001768 0288 000272 3239 003152 2437 002472 3590 003715 1918 001979 0000 000000
1517294716.439106:  1839 001768 0288 000272 3239 003152 2437 002472 3590 003715 1918 001979 0000 000000
1517294716.540640:  1839 000032 0288 000023 3239 065483 2437 065396 3590 065516 1918 064745 0000 065518
1517294716.641372:  1839 001807 0288 000277 3239 003110 2437 002462 3590 003753 1918 001995 0000 000000
1517294716.641447:  1839 001807 0288 000277 3239 003110 2437 002462 3590 003753 1918 001995 0000 000000
1517294716.743019:  1922 001922 0310 000310 3194 003194 2403 002403 3590 003590 1905 001905 0000 000000
1517294716.838259:  1922 001839 0310 000283 3194 003076 2403 002440 3590 003775 1905 002010 0000 000000
1517294716.838307:  1922 001839 0310 000283 3194 003076 2403 002440 3590 003775 1905 002010 0000 000000
1517294716.940115:  1922 000044 0310 000035 3194 065503 2403 065406 3590 000030 1905 064736 0000 065518
1517294717.040881:  1922 001880 0310 000290 3194 003046 2403 002422 3590 003789 1905 002025 0000 000000
1517294717.040939:  1922 001880 0310 000290 3194 003046 2403 002422 3590 003789 1905 002025 0000 000000
1517294717.142540:  2000 002000 0333 000333 3145 003145 2372 002372 3589 003589 1893 001893 0000 000000
1517294717.243351:  2000 001921 0333 000298 3145 003019 2372 002403 3589 003795 1893 002028 0000 000000
1517294717.243408:  2000 001921 0333 000298 3145 003019 2372 002403 3589 003795 1893 002028 0000 000000
1517294717.338290:  2000 000032 0333 000047 3145 065513 2372 065416 3589 000040 1893 064736 0000 065518
1517294717.439033:  2000 001958 0333 000306 3145 002992 2372 002382 3589 003798 1893 002035 0000 000000
1517294717.439126:  2000 001958 0333 000306 3145 002992 2372 002382 3589 003798 1893 002035 0000 000000
1517294717.540622:  2073 002073 0358 000358 3093 003093 2343 002343 3587 003587 1881 001881 0000 000000
1517294717.641423:  2073 001995 0358 000314 3093 002968 2343 002365 3587 003798 1881 002035 0000 000000
1517294717.641522:  2073 001995 0358 000314 3093 002968 2343 002365 3587 003798 1881 002035 0000 000000
1517294717.743020:  2073 000032 0358 000059 3093 065513 2343 065426 3587 000050 1881 064736 0000 065518
1517294717.838270:  2073 002031 0358 000325 3093 002944 2343 002349 3587 003797 1881 002033 0000 000000
1517294717.838330:  2073 002031 0358 000325 3093 002944 2343 002349 3587 003797 1881 002033 0000 000000
1517294717.939847:  2141 002141 0383 000383 3038 003038 2315 002315 3584 003584 1869 001869 0000 000000
1517294718.040681:  2141 002065 0383 000335 3038 002919 2315 002333 3584 003797 1869 002036 0000 000000
1517294718.040758:  2141 002065 0383 000335 3038 002919 2315 002333 3584 003797 1869 002036 0000 000000
1517294718.142234:  2141 000032 0383 000059 3038 065503 2315 065426 3584 000050 1869 064736 0000 065518
1517294718.242934:  2141 002100 0383 000347 3038 002892 2315 002315 3584 003796 1869 002034 0000 000000
1517294718.243030:  2141 002100 0383 000347 3038 002892 2315 002315 3584 003796 1869 002034 0000 000000
1517294718.338290:  2204 002204 0409 000409 2979 002979 2290 002290 3579 003579 1858 001858 0000 000000
1517294718.438961:  2204 002136 0409 000358 2979 002864 2290 002300 3579 003796 1858 002035 0000 000000
1517294718.439037:  2204 002136 0409 000358 2979 002864 2290 002300 3579 003796 1858 002035 0000 000000
1517294718.540640:  2204 000020 0409 000059 2979 065493 2290 065436 3579 000050 1858 064736 0000 065518
1517294718.641510:  2204 002168 0409 000371 2979 002835 2290 002286 3579 003796 1858 002034 0000 000000
1517294718.641582:  2204 002168 0409 000371 2979 002835 2290 002286 3579 003796 1858 002034 0000 000000
1517294718.743129:  2264 002264 0436 000436 2918 002918 2266 002266 3574 003574 1846 001846 0000 000000
1517294718.838289:  2264 002198 0436 000385 2918 002805 2266 002272 3574 003791 1846 002033 0000 000000
1517294718.838345:  2264 002198 0436 000385 2918 002805 2266 002272 3574 003791 1846 002033 0000 000000
1517294718.940100:  2264 000020 0436 000059 2918 065493 2266 065436 3574 000050 1846 064736 0000 065518
1517294719.040955:  2264 002227 0436 000398 2918 002775 2266 002259 3574 003787 1846 002031 0000 000000
1517294719.041013:  2264 002227 0436 000398 2918 002775 2266 002259 3574 003787 1846 002031 0000 000000
1517294719.142545:  2319 002319 0464 000464 2853 002853 2243 002243 3567 003567 1834 001834 0000 000000
1517294719.243281:  2319 002258 0464 000412 2853 002742 2243 002246 3567 003784 1834 002030 0000 000000
1517294719.243331:  2319 002258 0464 000412 2853 002742 2243 002246 3567 003784 1834 002030 0000 000000
1517294719.338286:  2319 000008 0464 000059 2853 065493 2243 065446 3567 000050 1834 064736 0000 065518
1517294719.439020:  2319 002287 0464 000425 2853 002711 2243 002234 3567 003780 1834 002027 0000 000000
1517294719.439191:  2319 002287 0464 000425 2853 002711 2243 002234 3567 003780 1834 002027 0000 000000
1517294719.540658:  2370 002370 0492 000492 2786 002786 2222 002222 3559 003559 1822 001822 0000 000000
1517294719.641471:  2370 002312 0492 000439 2786 002678 2222 002220 3559 003776 1822 002025 0000 000000
1517294719.641532:  2370 002312 0492 000439 2786 002678 2222 002220 3559 003776 1822 002025 0000 000000
1517294719.743052:  2370 000008 0492 000071 2786 065483 2222 065446 3559 000050 1822 064736 0000 065518
1517294719.838288:  2370 002337 0492 000454 2786 002644 2222 002204 3559 003771 1822 002025 0000 000000
1517294719.838343:  2370 002337 0492 000454 2786 002644 2222 002204 3559 003771 1822 002025 0000 000000
1517294719.940190:  2418 002418 0521 000521 2715 002715 2201 002201 3549 003549 1810 001810 0000 000000
1517294720.040966:  2418 002359 0521 000467 2715 002610 2201 002192 3549 003767 1810 002022 0000 000000
1517294720.041065:  2418 002359 0521 000467 2715 002610 2201 002192 3549 003767 1810 002022 0000 000000
1517294720.142933:  2418 000008 0521 000071 2715 065483 2201 065446 3549 000060 1810 064736 0000 065518
1517294720.243785:  2418 002382 0521 000482 2715 002575 2201 002188 3549 003762 1810 002019 0000 000000
1517294720.243872:  2418 002382 0521 000482 2715 002575 2201 002188 3549 003762 1810 002019 0000 000000
1517294720.338253:  2463 002463 0551 000551 2642 002642 2182 002182 3539 003539 1798 001798 0000 000000
1517294720.439047:  2463 002407 0551 000496 2642 002541 2182 002169 3539 003756 1798 002018 0000 000000
1517294720.439131:  2463 002407 0551 000496 2642 002541 2182 002169 3539 003756 1798 002018 0000 000000
1517294720.540725:  2463 065532 0551 000071 2642 065483 2182 065446 3539 000060 1798 064736 0000 065518
1517294720.641389:  2463 002433 0551 000511 2642 002504 2182 002158 3539 003752 1798 002014 0000 000000
1517294720.641473:  2463 002433 0551 000511 2642 002504 2182 002158 3539 003752 1798 002014 0000 000000
1517294720.743207:  2505 002505 0582 000582 2567 002567 2163 002163 3528 003528 1786 001786 0000 000000
1517294720.838291:  2505 002456 0582 000526 2567 002469 2163 002147 3528 003747 1786 002012 0000 000000
1517294720.838367:  2505 002456 0582 000526 2567 002469 2163 002147 3528 003747 1786 002012 0000 000000
1517294720.939906:  2505 065520 0582 000071 2567 065473 2163 065456 3528 000060 1786 064736 0000 065518
1517294721.040914:  2505 002478 0582 000541 2567 002431 2163 002137 3528 003741 1786 002009 0000 000000
1517294721.040973:  2505 002478 0582 000541 2567 002431 2163 002137 3528 003741 1786 002009 0000 000000
1517294721.142552:  2544 002544 0614 000614 2489 002489 2145 002145 3515 003515 1773 001773 0000 000000
1517294721.243255:  2544 002495 0614 000556 2489 002393 2145 002126 3515 003735 1773 002008 0000 000000
1517294721.243330:  2544 002495 0614 000556 2489 002393 2145 002126 3515 003735 1773 002008 0000 000000
1517294721.338306:  2544 065532 0614 000071 2489 065473 2145 065456 3515 000060 1773 064736 0000 065518
1517294721.439092:  2544 002512 0614 000571 2489 002353 2145 002116 3515 003729 1773 002004 0000 000000
1517294721.439172:  2544 002512 0614 000571 2489 002353 2145 002116 3515 003729 1773 002004 0000 000000
1517294721.540817:  2581 002581 0646 000646 2408 002408 2128 002128 3502 003502 1760 001760 0000 000000
1517294721.641640:  2581 002530 0646 000588 2408 002315 2128 002108 3502 003723 1760 002001 0000 000000
1517294721.641744:  2581 002530 0646 000588 2408 002315 2128 002108 3502 003723 1760 002001 0000 000000
1517294721.743534:  2581 065532 0646 000071 2408 065473 2128 065456 3502 000060 1760 064736 0000 065518
1517294721.838303:  2581 002548 0646 000603 2408 002275 2128 002098 3502 003716 1760 001998 0000 000000
1517294721.838404:  2581 002548 0646 000603 2408 002275 2128 002098 3502 003716 1760 001998 0000 000000
1517294721.940132:  2616 002616 0680 000680 2325 002325 2111 002111 3488 003488 1746 001746 0000 000000
1517294722.040926:  2616 002567 0680 000619 2325 002236 2111 002091 3488 003710 1746 001996 0000 000000
1517294722.041059:  2616 002567 0680 000619 2325 002236 2111 002091 3488 003710 1746 001996 0000 000000
1517294722.142577:  2616 065520 0680 000071 2325 065463 2111 065456 3488 000060 1746 064736 0000 065518
1517294722.243362:  2616 002584 0680 000635 2325 002194 2111 002082 3488 003703 1746 001993 0000 000000
1517294722.243432:  2616 002584 0680 000635 2325 002194 2111 002082 3488 003703 1746 001993 0000 000000
1517294722.338304:  2648 002648 0714 000714 2240 002240 2095 002095 3472 003472 1733 001733 0000 000000
1517294722.439014:  2648 002602 0714 000653 2240 002153 2095 002072 3472 003696 1733 001987 0000 000000
1517294722.439115:  2648 002602 0714 000653 2240 002153 2095 002072 3472 003696 1733 001987 0000 000000
1517294722.540474:  2648 065520 0714 000071 2240 065463 2095 065456 3472 000060 1733 064736 0000 065518
1517294722.641269:  2648 002620 0714 000672 2240 002110 2095 002064 3472 003690 1733 001987 0000 000000
1517294722.641328:  2648 002620 0714 000672 2240 002110 2095 002064 3472 003690 1733 001987 0000 000000
1517294722.742896:  2679 002679 0749 000749 2153 002153 2079 002079 3456 003456 1718 001718 0000 000000
1517294722.838288:  2679 002635 0749 000689 2153 002068 2079 002056 3456 003681 1718 001984 0000 000000
1517294722.838365:  2679 002635 0749 000689 2153 002068 2079 002056 3456 003681 1718 001984 0000 000000
1517294722.940037:  2679 065508 0749 000071 2153 065463 2079 065466 3456 000060 1718 064736 0000 065518
1517294723.040744:  2679 002650 0749 000708 2153 002026 2079 002047 3456 003670 1718 001975 0000 000000
1517294723.040835:  2679 002650 0749 000708 2153 002026 2079 002047 3456 003670 1718 001975 0000 000000
1517294723.142578:  2707 002707 0785 000785 2064 002064 2064 002064 3439 003439 1703 001703 0000 000000
1517294723.243416:  2707 002661 0785 000725 2064 001982 2064 002037 3439 003659 1703 001975 0000 000000
1517294723.243511:  2707 002661 0785 000725 2064 001982 2064 002037 3439 003659 1703 001975 0000 000000
1517294723.338290:  2707 065520 0785 000083 2064 065463 2064 065466 3439 000060 1703 064736 0000 065518
1517294723.439010:  2707 002673 0785 000742 2064 001938 2064 002027 3439 003650 1703 001966 0000 000000
1517294723.439104:  2707 002673 0785 000742 2064 001938 2064 002027 3439 003650 1703 001966 0000 000000
1517294723.540767:  2734 002734 0822 000822 1973 001973 2048 002048 3421 003421 1688 001688 0000 000000
1517294723.641602:  2734 002686 0822 000761 1973 001892 2048 002021 3421 003644 1688 001967 0000 000000
1517294723.641679:  2734 002686 0822 000761 1973 001892 2048 002021 3421 003644 1688 001967 0000 000000
1517294723.743458:  2734 065520 0822 000083 1973 065453 2048 065466 3421 000060 1688 064736 0000 065518
1517294723.838304:  2734 002698 0822 000780 1973 001847 2048 002014 3421 003636 1688 001964 0000 000000
1517294723.838386:  2734 002698 0822 000780 1973 001847 2048 002014 3421 003636 1688 001964 0000 000000
1517294723.940042:  2760 002760 0860 000860 1880 001880 2033 002033 3402 003402 1672 001672 0000 000000
1517294724.040916:  2760 002720 0860 000798 1880 001801 2033 002007 3402 003628 1672 001955 0000 000000
1517294724.040989:  2760 002720 0860 000798 1880 001801 2033 002007 3402 003628 1672 001955 0000 000000
1517294724.142563:  2760 065520 0860 000083 1880 065453 2033 065466 3402 000060 1672 064736 0000 065518
1517294724.243334:  2760 002725 0860 000817 1880 001754 2033 001999 3402 003616 1672 001957 0000 000000
1517294724.243416:  2760 002725 0860 000817 1880 001754 2033 001999 3402 003616 1672 001957 0000 000000
1517294724.338292:  2784 002784 0900 000900 1785 001785 2018 002018 3383 003383 1656 001656 0000 000000
1517294724.439061:  2784 002737 0900 000836 1785 001707 2018 001991 3383 003606 1656 001946 0000 000000
1517294724.439144:  2784 002737 0900 000836 1785 001707 2018 001991 3383 003606 1656 001946 0000 000000
1517294724.540684:  2784 065520 0900 000083 1785 065453 2018 065466 3383 000060 1656 064736 0000 065518
1517294724.641421:  2784 002754 0900 000856 1785 001660 2018 001984 3383 003596 1656 001941 0000 000000
1517294724.641480:  2784 002754 0900 000856 1785 001660 2018 001984 3383 003596 1656 001941 0000 000000
1517294724.742882:  2807 002807 0940 000940 1688 001688 2003 002003 3362 003362 1638 001638 0000 000000
1517294724.838289:  2807 002766 0940 000876 1688 001612 2003 001970 3362 003585 1638 001944 0000 000000
1517294724.838358:  2807 002766 0940 000876 1688 001612 2003 001970 3362 003585 1638 001944 0000 000000
1517294724.939882:  2807 065508 0940 000083 1688 065453 2003 065466 3362 000060 1638 064736 0000 065518
1517294725.040690:  2807 002778 0940 000895 1688 001567 2003 001964 3362 003575 1638 001932 0000 000000
1517294725.040750:  2807 002778 0940 000895 1688 001567 2003 001964 3362 003575 1638 001932 0000 000000
1517294725.142614:  2829 002829 0982 000982 1590 001590 1987 001987 3341 003341 1621 001621 0000 000000
1517294725.243328:  2829 002789 0982 000915 1590 001517 1987 001960 3341 003566 1621 001934 0000 000000
1517294725.243386:  2829 002789 0982 000915 1590 001517 1987 001960 3341 003566 1621 001934 0000 000000
1517294725.338287:  2829 065508 0982 000083 1590 065443 1987 065466 3341 000070 1621 064736 0000 065518
1517294725.439167:  2829 002800 0982 000936 1590 001469 1987 001956 3341 003555 1621 001924 0000 000000
1517294725.439261:  2829 002800 0982 000936 1590 001469 1987 001956 3341 003555 1621 001924 0000 000000
1517294725.540964:  2849 002849 1025 001025 1491 001491 1972 001972 3319 003319 1602 001602 0000 000000
1517294725.641851:  2849 002813 1025 000956 1491 001420 1972 001948 3319 003544 1602 001919 0000 000000
1517294725.641918:  2849 002813 1025 000956 1491 001420 1972 001948 3319 003544 1602 001919 0000 000000
1517294725.743859:  2849 065508 1025 000083 1491 065443 1972 065466 3319 000070 1602 064736 0000 065518
1517294725.838283:  2849 002822 1025 000979 1491 001370 1972 001940 3319 003532 1602 001918 0000 000000
1517294725.838363:  2849 002822 1025 000979 1491 001370 1972 001940 3319 003532 1602 001918 0000 000000
