1517296426.849283:  0000 001777 0000 002356 0000 001215 0000 002167 0000 001746 0000 001033 0000 000000
1517296427.410014:  1776 001776 2355 002355 1215 001215 2167 002167 1746 001746 1033 001033 0000 000000
1517296427.470991:  1776 001777 2355 002346 1215 001208 2167 002168 1746 001759 1033 001035 0000 000000
1517296427.471065:  1776 001777 2355 002346 1215 001208 2167 002168 1746 001759 1033 001035 0000 000000
1517296427.532738:  1776 065472 2355 000059 1215 065463 2167 065476 1746 065366 1033 064746 0000 065518
1517296427.593558:  1776 001777 2355 002363 1215 001168 2167 002167 1746 001802 1033 001042 0000 000000
1517296427.593613:  1776 001777 2355 002363 1215 001168 2167 002167 1746 001802 1033 001042 0000 000000
1517296427.655280:  1774 001774 2333 002333 1300 001300 2215 002215 1802 001802 1075 001075 0000 000000
1517296427.716108:  1774 001777 2333 002374 1300 001149 2215 002167 1802 001847 1075 001051 0000 000000
1517296427.716180:  1774 001777 2333 002374 1300 001149 2215 002167 1802 001847 1075 001051 0000 000000
1517296427.778069:  1774 065472 2333 000011 1300 000057 2215 065516 1802 065396 1075 064766 0000 065518
1517296427.838797:  1774 001777 2333 002381 1300 001141 2215 002167 1802 001888 1075 001070 0000 000000
1517296427.838868:  1774 001777 2333 002381 1300 001141 2215 002167 1802 001888 1075 001070 0000 000000
1517296427.899875:  1771 001771 2313 002313 1386 001386 2255 002255 1861 001861 1111 001111 0000 000000
1517296427.960628:  1771 001777 2313 002385 1386 001140 2255 002168 1861 001929 1111 001086 0000 000000
1517296427.960734:  1771 001777 2313 002385 1386 001140 2255 002168 1861 001929 1111 001086 0000 000000
1517296428.022419:  1771 065472 2313 065511 1386 000137 2255 000020 1861 065426 1111 064766 0000 065518
1517296428.083284:  1771 001778 2313 002388 1386 001142 2255 002168 1861 001971 1111 001105 0000 000000
1517296428.083337:  1771 001778 2313 002388 1386 001142 2255 002168 1861 001971 1111 001105 0000 000000
1517296428.145167:  1767 001767 2293 002293 1471 001471 2289 002289 1921 001921 1142 001142 0000 000000
1517296428.206017:  1767 001778 2293 002390 1471 001150 2289 002168 1921 002009 1142 001127 0000 000000
1517296428.206070:  1767 001778 2293 002390 1471 001150 2289 002168 1921 002009 1142 001127 0000 000000
1517296428.267860:  1767 065460 2293 065487 1471 000207 2289 000050 1921 065436 1142 064746 0000 065518
1517296428.328619:  1767 001776 2293 002391 1471 001166 2289 002167 1921 002048 1142 001151 0000 000000
1517296428.328694:  1767 001776 2293 002391 1471 001166 2289 002167 1921 002048 1142 001151 0000 000000
1517296428.389615:  1764 001764 2276 002276 1556 001556 2318 002318 1983 001983 1168 001168 0000 000000
1517296428.450440:  1764 001774 2276 002391 1556 001189 2318 002171 1983 002082 1168 001171 0000 000000
1517296428.450508:  1764 001774 2276 002391 1556 001189 2318 002171 1983 002082 1168 001171 0000 000000
1517296428.512044:  1764 065460 2276 065463 1556 000247 2318 000070 1983 065376 1168 064736 0000 065518
1517296428.572797:  1764 001772 2276 002391 1556 001216 2318 002183 1983 002116 1168 001185 0000 000000
1517296428.572849:  1764 001772 2276 002391 1556 001216 2318 002183 1983 002116 1168 001185 0000 000000
1517296428.634627:  1761 001761 2259 002259 1641 001641 2343 002343 2046 002046 1190 001190 0000 000000
1517296428.695413:  1761 001770 2259 002392 1641 001245 2343 002194 2046 002149 1190 001205 0000 000000
1517296428.695482:  1761 001770 2259 002392 1641 001245 2343 002194 2046 002149 1190 001205 0000 000000
1517296428.757325:  1761 065460 2259 065439 1641 000277 2343 000070 2046 065446 1190 064736 0000 065518
1517296428.818243:  1761 001769 2259 002391 1641 001278 2343 002206 2046 002184 1190 001215 0000 000000
1517296428.818311:  1761 001769 2259 002391 1641 001278 2343 002206 2046 002184 1190 001215 0000 000000
1517296428.879560:  1758 001758 2244 002244 1726 001726 2365 002365 2110 002110 1210 001210 0000 000000
1517296428.940455:  1758 001768 2244 002322 1726 001314 2365 002218 2110 002217 1210 001232 0000 000000
1517296428.940529:  1758 001768 2244 002322 1726 001314 2365 002218 2110 002217 1210 001232 0000 000000
1517296429.002463:  1758 065460 2244 065427 1726 000287 2365 000060 2110 065456 1210 064736 0000 065518
1517296429.063324:  1758 001766 2244 002390 1726 001349 2365 002230 2110 002252 1210 001248 0000 000000
1517296429.063372:  1758 001766 2244 002390 1726 001349 2365 002230 2110 002252 1210 001248 0000 000000
1517296429.125095:  1754 001754 2231 002231 1810 001810 2384 002384 2175 002175 1228 001228 0000 000000
1517296429.185914:  1754 001764 2231 002388 1810 001387 2384 002242 2175 002285 1228 001267 0000 000000
1517296429.185984:  1754 001764 2231 002388 1810 001387 2384 002242 2175 002285 1228 001267 0000 000000
1517296429.248072:  1754 065460 2231 065415 1810 000297 2384 000060 2175 065456 1228 064736 0000 065518
1517296429.308854:  1754 001761 2231 002386 1810 001424 2384 002253 2175 002318 1228 001289 0000 000000
1517296429.308933:  1754 001761 2231 002386 1810 001424 2384 002253 2175 002318 1228 001289 0000 000000
1517296429.369460:  1750 001750 2218 002218 1894 001894 2401 002401 2242 002242 1243 001243 0000 000000
1517296429.430385:  1750 001759 2218 002383 1894 001463 2401 002263 2242 002351 1243 001305 0000 000000
1517296429.430462:  1750 001759 2218 002383 1894 001463 2401 002263 2242 002351 1243 001305 0000 000000
1517296429.492213:  1750 065460 2218 065415 1894 000307 2401 000060 2242 065456 1243 064736 0000 065518
1517296429.552917:  1750 001757 2218 002381 1894 001502 2401 002273 2242 002383 1243 001316 0000 000000
1517296429.552987:  1750 001757 2218 002381 1894 001502 2401 002273 2242 002383 1243 001316 0000 000000
1517296429.614829:  1746 001746 2208 002208 1977 001977 2416 002416 2309 002309 1257 001257 0000 000000
1517296429.675578:  1746 001755 2208 002377 1977 001542 2416 002282 2309 002415 1257 001334 0000 000000
1517296429.675632:  1746 001755 2208 002377 1977 001542 2416 002282 2309 002415 1257 001334 0000 000000
1517296429.737093:  1746 065460 2208 065403 1977 000307 2416 000050 2309 065456 1257 064736 0000 065518
1517296429.797877:  1746 001753 2208 002374 1977 001582 2416 002292 2309 002449 1257 001346 0000 000000
1517296429.797949:  1746 001753 2208 002374 1977 001582 2416 002292 2309 002449 1257 001346 0000 000000
1517296429.859372:  1742 001742 2198 002198 2060 002060 2430 002430 2378 002378 1270 001270 0000 000000
1517296429.920228:  1742 001750 2198 002372 2060 001621 2430 002302 2378 002484 1270 001362 0000 000000
1517296429.920314:  1742 001750 2198 002372 2060 001621 2430 002302 2378 002484 1270 001362 0000 000000
1517296429.981828:  1742 065460 2198 065403 2060 000307 2430 000050 2378 065446 1270 064736 0000 065518
1517296430.042636:  1742 001748 2198 002369 2060 001662 2430 002310 2378 002516 1270 001380 0000 000000
1517296430.042705:  1742 001748 2198 002369 2060 001662 2430 002310 2378 002516 1270 001380 0000 000000
1517296430.104696:  1738 001738 2191 002191 2142 002142 2442 002442 2447 002447 1281 001281 0000 000000
1517296430.165558:  1738 001744 2191 002365 2142 001702 2442 002321 2447 002551 1281 001400 0000 000000
1517296430.165631:  1738 001744 2191 002365 2142 001702 2442 002321 2447 002551 1281 001400 0000 000000
1517296430.228758:  1738 065472 2191 065403 2142 000317 2442 000040 2447 065446 1281 064736 0000 065518
1517296430.289518:  1738 001739 2191 002361 2142 001743 2442 002328 2447 002585 1281 001420 0000 000000
1517296430.289584:  1738 001739 2191 002361 2142 001743 2442 002328 2447 002585 1281 001420 0000 000000
1517296430.349278:  1734 001734 2185 002185 2224 002224 2453 002453 2517 002517 1292 001292 0000 000000
1517296430.409982:  1734 001734 2185 002358 2224 001784 2453 002336 2517 002619 1292 001434 0000 000000
1517296430.410056:  1734 001734 2185 002358 2224 001784 2453 002336 2517 002619 1292 001434 0000 000000
1517296430.471646:  1734 065472 2185 065403 2224 000317 2453 000030 2517 065446 1292 064736 0000 065518
1517296430.532397:  1734 001731 2185 002285 2224 001824 2453 002343 2517 002653 1292 001453 0000 000000
1517296430.532449:  1734 001731 2185 002285 2224 001824 2453 002343 2517 002653 1292 001453 0000 000000
1517296430.594149:  1730 001730 2180 002180 2305 002305 2463 002463 2589 002589 1301 001301 0000 000000
1517296430.655049:  1730 001728 2180 002282 2305 001863 2463 002351 2589 002686 1301 001464 0000 000000
1517296430.655125:  1730 001728 2180 002282 2305 001863 2463 002351 2589 002686 1301 001464 0000 000000
1517296430.716955:  1730 065472 2180 065403 2305 000317 2463 000030 2589 065436 1301 064736 0000 065518
1517296430.777876:  1730 001724 2180 002346 2305 001904 2463 002358 2589 002722 1301 001479 0000 000000
1517296430.777935:  1730 001724 2180 002346 2305 001904 2463 002358 2589 002722 1301 001479 0000 000000
1517296430.839815:  1725 001725 2177 002177 2385 002385 2472 002472 2662 002662 1310 001310 0000 000000
1517296430.899886:  1725 001721 2177 002343 2385 001944 2472 002365 2662 002757 1310 001496 0000 000000
1517296430.899956:  1725 001721 2177 002343 2385 001944 2472 002365 2662 002757 1310 001496 0000 000000
1517296430.961888:  1725 065472 2177 065415 2385 000317 2472 000020 2662 065436 1310 064736 0000 065518
1517296431.022707:  1725 001718 2177 002341 2385 001985 2472 002372 2662 002792 1310 001516 0000 000000
1517296431.022826:  1725 001718 2177 002341 2385 001985 2472 002372 2662 002792 1310 001516 0000 000000
1517296431.084810:  1720 001720 2176 002176 2465 002465 2481 002481 2735 002735 1318 001318 0000 000000
1517296431.145666:  1720 001715 2176 002337 2465 002025 2481 002394 2735 002827 1318 001538 0000 000000
1517296431.145744:  1720 001715 2176 002337 2465 002025 2481 002394 2735 002827 1318 001538 0000 000000
1517296431.207576:  1720 065472 2176 065427 2465 000317 2481 000020 2735 065436 1318 064736 0000 065518
1517296431.268340:  1720 001711 2176 002334 2465 002064 2481 002383 2735 002859 1318 001555 0000 000000
1517296431.268413:  1720 001711 2176 002334 2465 002064 2481 002383 2735 002859 1318 001555 0000 000000
1517296431.330046:  1715 001715 2176 002176 2544 002544 2489 002489 2810 002810 1326 001326 0000 000000
1517296431.389575:  1715 001708 2176 002332 2544 002105 2489 002388 2810 002897 1326 001568 0000 000000
1517296431.389662:  1715 001708 2176 002332 2544 002105 2489 002388 2810 002897 1326 001568 0000 000000
1517296431.451244:  1715 065472 2176 065427 2544 000307 2489 000020 2810 065426 1326 064736 0000 065518
1517296431.512047:  1715 001713 2176 002330 2544 002143 2489 002393 2810 002931 1326 001587 0000 000000
1517296431.512102:  1715 001713 2176 002330 2544 002143 2489 002393 2810 002931 1326 001587 0000 000000
1517296431.573765:  1710 001710 2179 002179 2623 002623 2496 002496 2886 002886 1333 001333 0000 000000
1517296431.634485:  1710 001702 2179 002328 2623 002182 2496 002399 2886 002966 1333 001599 0000 000000
1517296431.634539:  1710 001702 2179 002328 2623 002182 2496 002399 2886 002966 1333 001599 0000 000000
1517296431.696245:  1710 065472 2179 065439 2623 000307 2496 000010 2886 065426 1333 064736 0000 065518
1517296431.757028:  1710 001699 2179 002327 2623 002222 2496 002404 2886 003002 1333 001615 0000 000000
1517296431.757102:  1710 001699 2179 002327 2623 002222 2496 002404 2886 003002 1333 001615 0000 000000
1517296431.818717:  1705 001705 2183 002183 2700 002700 2503 002503 2963 002963 1339 001339 0000 000000
1517296431.879523:  1705 001697 2183 002326 2700 002260 2503 002409 2963 003039 1339 001634 0000 000000
1517296431.879590:  1705 001697 2183 002326 2700 002260 2503 002409 2963 003039 1339 001634 0000 000000
1517296431.941167:  1705 065472 2183 065451 2700 000307 2503 000010 2963 065416 1339 064736 0000 065518
1517296432.001957:  1705 001693 2183 002324 2700 002301 2503 002414 2963 003075 1339 001657 0000 000000
1517296432.002032:  1705 001693 2183 002324 2700 002301 2503 002414 2963 003075 1339 001657 0000 000000
1517296432.063472:  1699 001699 2190 002190 2777 002777 2509 002509 3042 003042 1345 001345 0000 000000
1517296432.124239:  1699 001690 2190 002324 2777 002340 2509 002418 3042 003078 1345 001678 0000 000000
1517296432.124292:  1699 001690 2190 002324 2777 002340 2509 002418 3042 003078 1345 001678 0000 000000
1517296432.186320:  1699 065472 2190 065451 2777 000307 2509 000010 3042 065406 1345 064736 0000 065518
1517296432.247128:  1699 001687 2190 002323 2777 002379 2509 002423 3042 003151 1345 001694 0000 000000
1517296432.247182:  1699 001687 2190 002323 2777 002379 2509 002423 3042 003151 1345 001694 0000 000000
1517296432.309177:  1693 001693 2199 002199 2854 002854 2515 002515 3121 003121 1351 001351 0000 000000
1517296432.369352:  1693 001684 2199 002323 2854 002419 2515 002427 3121 003188 1351 001707 0000 000000
1517296432.369425:  1693 001684 2199 002323 2854 002419 2515 002427 3121 003188 1351 001707 0000 000000
1517296432.431038:  1693 065472 2199 065475 2854 000307 2515 000010 3121 065406 1351 064736 0000 065518
1517296432.491779:  1693 001681 2199 002323 2854 002456 2515 002429 3121 003224 1351 001727 0000 000000
1517296432.491846:  1693 001681 2199 002323 2854 002456 2515 002429 3121 003224 1351 001727 0000 000000
1517296432.553363:  1687 001687 2210 002210 2929 002929 2521 002521 3202 003202 1356 001356 0000 000000
1517296432.614142:  1687 001679 2210 002323 2929 002496 2521 002432 3202 003261 1356 001743 0000 000000
1517296432.614211:  1687 001679 2210 002323 2929 002496 2521 002432 3202 003261 1356 001743 0000 000000
1517296432.675801:  1687 065472 2210 065487 2929 000307 2521 000000 3202 065396 1356 064736 0000 065518
1517296432.736584:  1687 001678 2210 002324 2929 002535 2521 002436 3202 003298 1356 001760 0000 000000
1517296432.736696:  1687 001678 2210 002324 2929 002535 2521 002436 3202 003298 1356 001760 0000 000000
1517296432.798254:  1680 001680 2224 002224 3004 003004 2526 002526 3284 003284 1362 001362 0000 000000
1517296432.849276:  1680 001675 2224 002324 3004 002573 2526 002441 3284 003337 1362 001779 0000 000000
1517296432.849344:  1680 001675 2224 002324 3004 002573 2526 002441 3284 003337 1362 001779 0000 000000
1517296432.910912:  1680 065472 2224 065499 3004 000307 2526 000000 3284 065386 1362 064736 0000 065518
1517296432.971618:  1680 001673 2224 002324 3004 002607 2526 002443 3284 003374 1362 001796 0000 000000
1517296432.971686:  1680 001673 2224 002324 3004 002607 2526 002443 3284 003374 1362 001796 0000 000000
1517296433.033122:  1673 001673 2241 002241 3078 003078 2531 002531 3367 003367 1366 001366 0000 000000
1517296433.093879:  1673 001671 2241 002326 3078 002645 2531 002448 3367 003413 1366 001815 0000 000000
1517296433.093933:  1673 001671 2241 002326 3078 002645 2531 002448 3367 003413 1366 001815 0000 000000
1517296433.155413:  1673 065472 2241 065523 3078 000307 2531 000000 3367 065386 1366 064736 0000 065518
1517296433.216250:  1673 001669 2241 002326 3078 002681 2531 002452 3367 003452 1366 001832 0000 000000
1517296433.216304:  1673 001669 2241 002326 3078 002681 2531 002452 3367 003452 1366 001832 0000 000000
1517296433.277953:  1666 001666 2261 002261 3151 003151 2535 002535 3451 003451 1371 001371 0000 000000
1517296433.338785:  1666 001666 2261 002328 3151 002727 2535 002455 3451 003492 1371 001852 0000 000000
1517296433.338853:  1666 001666 2261 002328 3151 002727 2535 002455 3451 003492 1371 001852 0000 000000
1517296433.399757:  1666 065472 2261 000011 3151 000297 2535 000000 3451 065376 1371 064736 0000 065518
1517296433.460648:  1666 001666 2261 002331 3151 002757 2535 002457 3451 003530 1371 001878 0000 000000
1517296433.460722:  1666 001666 2261 002331 3151 002757 2535 002457 3451 003530 1371 001878 0000 000000
