1517293935.257035:  0000 001757 0000 000276 0000 003275 0000 002462 0000 003596 0000 001943 0000 000000
1517293935.857691:  0000 065460 0000 065535 0000 065403 0000 065446 0000 065376 0000 064815 0000 065518
1517293935.958510:  0000 001756 0000 000272 0000 003267 0000 002463 0000 003621 0000 001944 0000 000000
1517293935.958613:  0000 001756 0000 000272 0000 003267 0000 002463 0000 003621 0000 001944 0000 000000
1517293936.060216:  1760 001760 0287 000287 3252 003252 2460 002460 3592 003592 1942 001942 0000 000000
1517293936.161025:  1760 001747 0287 000275 3252 003201 2460 002463 3592 003678 1942 001964 0000 000000
1517293936.161103:  1760 001747 0287 000275 3252 003201 2460 002463 3592 003678 1942 001964 0000 000000
1517293936.257028:  1760 065484 0287 000023 3252 065453 2460 065446 3592 065486 1942 064785 0000 065518
1517293936.357916:  1760 001739 0287 000279 3252 003149 2460 002463 3592 003722 1942 001982 0000 000000
1517293936.358022:  1760 001739 0287 000279 3252 003149 2460 002463 3592 003722 1942 001982 0000 000000
1517293936.459714:  1768 001768 0310 000310 3205 003205 2456 002456 3583 003583 1939 001939 0000 000000
1517293936.560544:  1768 001737 0310 000284 3205 003104 2456 002449 3583 003756 1939 002001 0000 000000
1517293936.560622:  1768 001737 0310 000284 3205 003104 2456 002449 3583 003756 1939 002001 0000 000000
1517293936.662487:  1768 065496 0310 000035 3205 065493 2456 065456 3583 000030 1939 064745 0000 065518
1517293936.757044:  1768 001737 0310 000291 3205 003068 2456 002434 3583 003776 1939 002018 0000 000000
1517293936.757165:  1768 001737 0310 000291 3205 003068 2456 002434 3583 003776 1939 002018 0000 000000
1517293936.858672:  1775 001775 0333 000333 3156 003156 2453 002453 3573 003573 1937 001937 0000 000000
1517293936.959584:  1775 001738 0333 000298 3156 003037 2453 002426 3573 003785 1937 002029 0000 000000
1517293936.959662:  1775 001738 0333 000298 3156 003037 2453 002426 3573 003785 1937 002029 0000 000000
1517293937.061332:  1775 065508 0333 000047 3156 065503 2453 065476 3573 000050 1937 064736 0000 065518
1517293937.162034:  1775 001740 0333 000306 3156 003010 2453 002415 3573 003787 1937 002033 0000 000000
1517293937.162123:  1775 001740 0333 000306 3156 003010 2453 002415 3573 003787 1937 002033 0000 000000
1517293937.257041:  1781 001781 0357 000357 3106 003106 2450 002450 3562 003562 1935 001935 0000 000000
1517293937.357851:  1781 001746 0357 000315 3106 002983 2450 002408 3562 003787 1935 002035 0000 000000
1517293937.357941:  1781 001746 0357 000315 3106 002983 2450 002408 3562 003787 1935 002035 0000 000000
1517293937.459818:  1781 065496 0357 000047 3106 065513 2450 065486 3562 000060 1935 064736 0000 065518
1517293937.560612:  1781 001751 0357 000323 3106 002958 2450 002404 3562 003783 1935 002035 0000 000000
1517293937.560705:  1781 001751 0357 000323 3106 002958 2450 002404 3562 003783 1935 002035 0000 000000
1517293937.662402:  1787 001787 0380 000380 3055 003055 2447 002447 3550 003550 1932 001932 0000 000000
1517293937.757032:  1787 001756 0380 000334 3055 002931 2447 002399 3550 003777 1932 002033 0000 000000
1517293937.757084:  1787 001756 0380 000334 3055 002931 2447 002399 3550 003777 1932 002033 0000 000000
1517293937.858746:  1787 065496 0380 000059 3055 065513 2447 065496 3550 000060 1932 064736 0000 065518
1517293937.959581:  1787 001761 0380 000344 3055 002907 2447 002394 3550 003769 1932 002031 0000 000000
1517293937.959641:  1787 001761 0380 000344 3055 002907 2447 002394 3550 003769 1932 002031 0000 000000
1517293938.061283:  1792 001792 0404 000404 3002 003002 2444 002444 3536 003536 1930 001930 0000 000000
1517293938.162050:  1792 001766 0404 000355 3002 002880 2444 002390 3536 003763 1930 002025 0000 000000
1517293938.162145:  1792 001766 0404 000355 3002 002880 2444 002390 3536 003763 1930 002025 0000 000000
1517293938.257015:  1792 065484 0404 000059 3002 065503 2444 065496 3536 000070 1930 064736 0000 065518
1517293938.357855:  1792 001769 0404 000365 3002 002854 2444 002385 3536 003755 1930 002025 0000 000000
1517293938.357927:  1792 001769 0404 000365 3002 002854 2444 002385 3536 003755 1930 002025 0000 000000
1517293938.459480:  1798 001798 0428 000428 2948 002948 2441 002441 3521 003521 1927 001927 0000 000000
1517293938.560326:  1798 001773 0428 000377 2948 002826 2441 002381 3521 003748 1927 002022 0000 000000
1517293938.560405:  1798 001773 0428 000377 2948 002826 2441 002381 3521 003748 1927 002022 0000 000000
1517293938.661945:  1798 065484 0428 000059 2948 065503 2441 065506 3521 000070 1927 064736 0000 065518
1517293938.757033:  1798 001775 0428 000388 2948 002800 2441 002378 3521 003740 1927 002013 0000 000000
1517293938.757108:  1798 001775 0428 000388 2948 002800 2441 002378 3521 003740 1927 002013 0000 000000
1517293938.858699:  1802 001802 0452 000452 2892 002892 2438 002438 3505 003505 1924 001924 0000 000000
1517293938.959521:  1802 001776 0452 000399 2892 002773 2438 002375 3505 003732 1924 002015 0000 000000
1517293938.959589:  1802 001776 0452 000399 2892 002773 2438 002375 3505 003732 1924 002015 0000 000000
1517293939.061243:  1802 065484 0452 000071 2892 065503 2438 065506 3505 000070 1924 064736 0000 065518
1517293939.162001:  1802 001777 0452 000411 2892 002745 2438 002373 3505 003725 1924 002010 0000 000000
1517293939.162069:  1802 001777 0452 000411 2892 002745 2438 002373 3505 003725 1924 002010 0000 000000
1517293939.257030:  1807 001807 0476 000476 2835 002835 2436 002436 3488 003488 1922 001922 0000 000000
1517293939.357794:  1807 001779 0476 000425 2835 002717 2436 002372 3488 003718 1922 002007 0000 000000
1517293939.357889:  1807 001779 0476 000425 2835 002717 2436 002372 3488 003718 1922 002007 0000 000000
1517293939.459597:  1807 065496 0476 000059 2835 065503 2436 065506 3488 000070 1922 064736 0000 065518
1517293939.560461:  1807 001780 0476 000438 2835 002689 2436 002370 3488 003711 1922 002002 0000 000000
1517293939.560516:  1807 001780 0476 000438 2835 002689 2436 002370 3488 003711 1922 002002 0000 000000
1517293939.662198:  1811 001811 0500 000500 2776 002776 2433 002433 3469 003469 1918 001918 0000 000000
1517293939.757025:  1811 001781 0500 000452 2776 002660 2433 002367 3469 003703 1918 001993 0000 000000
1517293939.757099:  1811 001781 0500 000452 2776 002660 2433 002367 3469 003703 1918 001993 0000 000000
1517293939.858645:  1811 065496 0500 000059 2776 065503 2433 065506 3469 000070 1918 064745 0000 065518
1517293939.959467:  1811 001783 0500 000462 2776 002632 2433 002366 3469 003694 1918 001995 0000 000000
1517293939.959522:  1811 001783 0500 000462 2776 002632 2433 002366 3469 003694 1918 001995 0000 000000
1517293940.061214:  1815 001815 0525 000525 2717 002717 2430 002430 3450 003450 1915 001915 0000 000000
1517293940.162163:  1815 001785 0525 000474 2717 002604 2430 002363 3450 003683 1915 001988 0000 000000
1517293940.162245:  1815 001785 0525 000474 2717 002604 2430 002363 3450 003683 1915 001988 0000 000000
1517293940.257035:  1815 065496 0525 000059 2717 065493 2430 065506 3450 000070 1915 064755 0000 065518
1517293940.357838:  1815 001787 0525 000486 2717 002574 2430 002361 3450 003673 1915 001987 0000 000000
1517293940.357910:  1815 001787 0525 000486 2717 002574 2430 002361 3450 003673 1915 001987 0000 000000
1517293940.459580:  1819 001819 0550 000550 2656 002656 2427 002427 3430 003430 1912 001912 0000 000000
1517293940.560341:  1819 001789 0550 000498 2656 002543 2427 002359 3430 003662 1912 001977 0000 000000
1517293940.560422:  1819 001789 0550 000498 2656 002543 2427 002359 3430 003662 1912 001977 0000 000000
1517293940.661941:  1819 065496 0550 000059 2656 065493 2427 065506 3430 000070 1912 064755 0000 065518
1517293940.757028:  1819 001790 0550 000509 2656 002512 2427 002357 3430 003652 1912 001972 0000 000000
1517293940.757083:  1819 001790 0550 000509 2656 002512 2427 002357 3430 003652 1912 001972 0000 000000
1517293940.858738:  1823 001823 0575 000575 2594 002594 2424 002424 3409 003409 1909 001909 0000 000000
1517293940.959611:  1823 001792 0575 000523 2594 002482 2424 002356 3409 003641 1909 001966 0000 000000
1517293940.959678:  1823 001792 0575 000523 2594 002482 2424 002356 3409 003641 1909 001966 0000 000000
1517293941.061321:  1823 065496 0575 000059 2594 065493 2424 065506 3409 000070 1909 064765 0000 065518
1517293941.162095:  1823 001793 0575 000536 2594 002451 2424 002354 3409 003629 1909 001960 0000 000000
1517293941.162163:  1823 001793 0575 000536 2594 002451 2424 002354 3409 003629 1909 001960 0000 000000
1517293941.257034:  1826 001826 0601 000601 2531 002531 2421 002421 3387 003387 1905 001905 0000 000000
1517293941.357871:  1826 001795 0601 000549 2531 002421 2421 002354 3387 003620 1905 001962 0000 000000
1517293941.359537:  1826 001795 0601 000549 2531 002421 2421 002354 3387 003620 1905 001962 0000 000000
1517293941.461160:  1826 065496 0601 000059 2531 065493 2421 065506 3387 000080 1905 064765 0000 065518
1517293941.561972:  1826 001796 0601 000563 2531 002387 2421 002350 3387 003605 1905 001947 0000 000000
1517293941.562047:  1826 001796 0601 000563 2531 002387 2421 002350 3387 003605 1905 001947 0000 000000
1517293941.663717:  1830 001830 0627 000627 2467 002467 2418 002418 3364 003364 1901 001901 0000 000000
1517293941.757032:  1830 001803 0627 000578 2467 002356 2418 002353 3364 003597 1901 001944 0000 000000
1517293941.757083:  1830 001803 0627 000578 2467 002356 2418 002353 3364 003597 1901 001944 0000 000000
1517293941.858662:  1830 065484 0627 000059 2467 065493 2418 065516 3364 000070 1901 064775 0000 065518
1517293941.959414:  1830 001807 0627 000591 2467 002326 2418 002353 3364 003589 1901 001941 0000 000000
1517293941.959493:  1830 001807 0627 000591 2467 002326 2418 002353 3364 003589 1901 001941 0000 000000
1517293942.061379:  1833 001833 0653 000653 2401 002401 2415 002415 3340 003340 1897 001897 0000 000000
1517293942.162097:  1833 001808 0653 000603 2401 002293 2415 002347 3340 003572 1897 001931 0000 000000
1517293942.162151:  1833 001808 0653 000603 2401 002293 2415 002347 3340 003572 1897 001931 0000 000000
1517293942.257033:  1833 065484 0653 000059 2401 065493 2415 065506 3340 000070 1897 064785 0000 065518
1517293942.357716:  1833 001811 0653 000617 2401 002263 2415 002348 3340 003561 1897 001932 0000 000000
1517293942.357782:  1833 001811 0653 000617 2401 002263 2415 002348 3340 003561 1897 001932 0000 000000
1517293942.459335:  1836 001836 0680 000680 2335 002335 2412 002412 3315 003315 1893 001893 0000 000000
1517293942.560156:  1836 001806 0680 000630 2335 002231 2412 002345 3315 003547 1893 001919 0000 000000
1517293942.560250:  1836 001806 0680 000630 2335 002231 2412 002345 3315 003547 1893 001919 0000 000000
1517293942.661808:  1836 065484 0680 000059 2335 065483 2412 065506 3315 000070 1893 064795 0000 065518
1517293942.757033:  1836 001817 0680 000641 2335 002193 2412 002342 3315 003533 1893 001913 0000 000000
1517293942.757098:  1836 001817 0680 000641 2335 002193 2412 002342 3315 003533 1893 001913 0000 000000
1517293942.858613:  1839 001839 0707 000707 2268 002268 2409 002409 3289 003289 1889 001889 0000 000000
1517293942.959367:  1839 001818 0707 000654 2268 002164 2409 002341 3289 003520 1889 001906 0000 000000
1517293942.959459:  1839 001818 0707 000654 2268 002164 2409 002341 3289 003520 1889 001906 0000 000000
1517293943.061072:  1839 065484 0707 000071 2268 065483 2409 065506 3289 000070 1889 064805 0000 065518
1517293943.161854:  1839 001818 0707 000668 2268 002127 2409 002338 3289 003507 1889 001898 0000 000000
1517293943.161927:  1839 001818 0707 000668 2268 002127 2409 002338 3289 003507 1889 001898 0000 000000
1517293943.257021:  1841 001841 0734 000734 2200 002200 2406 002406 3262 003262 1885 001885 0000 000000
1517293943.357792:  1841 001818 0734 000682 2200 002096 2406 002338 3262 003497 1885 001899 0000 000000
1517293943.357887:  1841 001818 0734 000682 2200 002096 2406 002338 3262 003497 1885 001899 0000 000000
1517293943.459404:  1841 065484 0734 000071 2200 065483 2406 065506 3262 000080 1885 064815 0000 065518
1517293943.560113:  1841 001818 0734 000696 2200 002063 2406 002337 3262 003483 1885 001886 0000 000000
1517293943.560185:  1841 001818 0734 000696 2200 002063 2406 002337 3262 003483 1885 001886 0000 000000
1517293943.661917:  1844 001844 0762 000762 2130 002130 2402 002402 3234 003234 1880 001880 0000 000000
1517293943.757032:  1844 001818 0762 000710 2130 002026 2402 002333 3234 003468 1880 001880 0000 000000
1517293943.757099:  1844 001818 0762 000710 2130 002026 2402 002333 3234 003468 1880 001880 0000 000000
1517293943.858683:  1844 065484 0762 000059 2130 065483 2402 065506 3234 000080 1880 064815 0000 065518
1517293943.959539:  1844 001817 0762 000723 2130 001996 2402 002334 3234 003453 1880 001869 0000 000000
1517293943.959593:  1844 001817 0762 000723 2130 001996 2402 002334 3234 003453 1880 001869 0000 000000
1517293944.061168:  1847 001847 0791 000791 2060 002060 2399 002399 3205 003205 1875 001875 0000 000000
1517293944.161994:  1847 001816 0791 000738 2060 001958 2399 002332 3205 003441 1875 001867 0000 000000
1517293944.162065:  1847 001816 0791 000738 2060 001958 2399 002332 3205 003441 1875 001867 0000 000000
1517293944.256997:  1847 065496 0791 000071 2060 065483 2399 065506 3205 000080 1875 064825 0000 065518
1517293944.357738:  1847 001816 0791 000752 2060 001923 2399 002330 3205 003428 1875 001863 0000 000000
1517293944.357815:  1847 001816 0791 000752 2060 001923 2399 002330 3205 003428 1875 001863 0000 000000
1517293944.459490:  1849 001849 0819 000819 1989 001989 2395 002395 3175 003175 1870 001870 0000 000000
1517293944.560334:  1849 001817 0819 000768 1989 001887 2395 002328 3175 003412 1870 001853 0000 000000
1517293944.560408:  1849 001817 0819 000768 1989 001887 2395 002328 3175 003412 1870 001853 0000 000000
1517293944.662112:  1849 065496 0819 000071 1989 065483 2395 065506 3175 000080 1870 064825 0000 065518
1517293944.757036:  1849 001818 0819 000782 1989 001852 2395 002325 3175 003364 1870 001845 0000 000000
1517293944.757088:  1849 001818 0819 000782 1989 001852 2395 002325 3175 003364 1870 001845 0000 000000
1517293944.858609:  1851 001851 0849 000849 1918 001918 2391 002391 3145 003145 1865 001865 0000 000000
1517293944.959353:  1851 001819 0849 000796 1918 001818 2391 002322 3145 003383 1865 001841 0000 000000
1517293944.959443:  1851 001819 0849 000796 1918 001818 2391 002322 3145 003383 1865 001841 0000 000000
1517293945.060933:  1851 065496 0849 000071 1918 065483 2391 065506 3145 000080 1865 064835 0000 065518
1517293945.161739:  1851 001820 0849 000810 1918 001782 2391 002320 3145 003368 1865 001831 0000 000000
1517293945.161796:  1851 001820 0849 000810 1918 001782 2391 002320 3145 003368 1865 001831 0000 000000
1517293945.257025:  1853 001853 0878 000878 1845 001845 2387 002387 3113 003113 1860 001860 0000 000000
1517293945.357827:  1853 001821 0878 000824 1845 001746 2387 002318 3113 003353 1860 001825 0000 000000
1517293945.357893:  1853 001821 0878 000824 1845 001746 2387 002318 3113 003353 1860 001825 0000 000000
1517293945.459660:  1853 065496 0878 000071 1845 065483 2387 065506 3113 000080 1860 064845 0000 065518
1517293945.560527:  1853 001823 0878 000840 1845 001711 2387 002309 3113 003339 1860 001817 0000 000000
1517293945.560595:  1853 001823 0878 000840 1845 001711 2387 002309 3113 003339 1860 001817 0000 000000
1517293945.662369:  1855 001855 0909 000909 1772 001772 2383 002383 3080 003080 1854 001854 0000 000000
1517293945.757029:  1855 001822 0909 000855 1772 001673 2383 002315 3080 003320 1854 001809 0000 000000
1517293945.757115:  1855 001822 0909 000855 1772 001673 2383 002315 3080 003320 1854 001809 0000 000000
