1517554052.525567:  0000 001309 0000 000283 0000 002893 0000 001944 0000 002890 0000 000281 0000 000000
1517554053.086321:  1309 001309 0283 000283 2893 002893 1944 001944 2890 002890 0336 000336 0000 000000
1517554053.147186:  1309 001285 0283 000285 2893 002874 1944 001945 2890 002875 0336 000302 0000 000000
1517554053.147295:  1309 001285 0283 000285 2893 002874 1944 001945 2890 002875 0336 000302 0000 000000
1517554053.209110:  1309 065132 0283 065535 2893 065086 1944 065036 2890 000450 0336 064746 0000 065518
1517554053.269883:  1309 001199 0283 000286 2893 002824 1944 001941 2890 002813 0336 000334 0000 000000
1517554053.269957:  1309 001199 0283 000286 2893 002824 1944 001941 2890 002813 0336 000334 0000 000000
1517554053.331785:  1347 001347 0278 000278 2901 002901 1926 001926 2909 002909 0336 000336 0000 000000
1517554053.392607:  1347 001115 0278 000288 2901 002766 1926 001918 2909 002754 0336 000369 0000 000000
1517554053.392716:  1347 001115 0278 000288 2901 002766 1926 001918 2909 002754 0336 000369 0000 000000
1517554053.454361:  1347 065372 0278 065523 2901 065196 1926 065046 2909 000310 0336 064736 0000 065518
1517554053.515101:  1347 001053 0278 000289 2901 002709 1926 001890 2909 002697 0336 000405 0000 000000
1517554053.515219:  1347 001053 0278 000289 2901 002709 1926 001890 2909 002697 0336 000405 0000 000000
1517554053.576097:  1386 001386 0274 000274 2910 002910 1909 001909 2928 002928 0336 000336 0000 000000
1517554053.636788:  1386 001013 0274 000290 2910 002657 1909 001866 2928 002646 0336 000441 0000 000000
1517554053.636862:  1386 001013 0274 000290 2910 002657 1909 001866 2928 002646 0336 000441 0000 000000
1517554053.698580:  1386 065516 0274 065523 2910 065316 1909 065086 2928 000190 0336 064736 0000 065518
1517554053.759322:  1386 000987 0274 000291 2910 002608 1909 001835 2928 002600 0336 000479 0000 000000
1517554053.759400:  1386 000987 0274 000291 2910 002608 1909 001835 2928 002600 0336 000479 0000 000000
1517554053.820951:  1426 001426 0270 000270 2917 002917 1892 001892 2948 002948 0336 000336 0000 000000
1517554053.881696:  1426 000973 0270 000291 2917 002565 1892 001808 2948 002561 0336 000520 0000 000000
1517554053.881771:  1426 000973 0270 000291 2917 002565 1892 001808 2948 002561 0336 000520 0000 000000
1517554053.943305:  1426 000064 0270 065511 2917 065406 1892 065126 2948 000090 0336 064736 0000 065518
1517554054.004118:  1426 000972 0270 000292 2917 002526 1892 001778 2948 002530 0336 000560 0000 000000
1517554054.004192:  1426 000972 0270 000292 2917 002526 1892 001778 2948 002530 0336 000560 0000 000000
1517554054.065877:  1467 001467 0267 000267 2924 002924 1875 001875 2968 002968 0336 000336 0000 000000
1517554054.126563:  1467 000974 0267 000293 2924 002493 1875 001752 2968 002511 0336 000600 0000 000000
1517554054.126656:  1467 000974 0267 000293 2924 002493 1875 001752 2968 002511 0336 000600 0000 000000
1517554054.188196:  1467 000100 0267 065511 2924 065476 1875 065156 2968 000030 0336 064736 0000 065518
1517554054.249057:  1467 000984 0267 000294 2924 002467 1875 001722 2968 002501 0336 000638 0000 000000
1517554054.249134:  1467 000984 0267 000294 2924 002467 1875 001722 2968 002501 0336 000638 0000 000000
1517554054.310831:  1508 001508 0264 000264 2931 002931 1857 001857 2989 002989 0336 000336 0000 000000
1517554054.371626:  1508 000995 0264 000294 2931 002444 1857 001695 2989 002497 0336 000677 0000 000000
1517554054.371688:  1508 000995 0264 000294 2931 002444 1857 001695 2989 002497 0336 000677 0000 000000
1517554054.433175:  1508 000124 0264 065499 2931 000000 1857 065196 2989 000000 0336 064736 0000 065518
1517554054.493998:  1508 001010 0264 000295 2931 002426 1857 001668 2989 002497 0336 000716 0000 000000
1517554054.494093:  1508 001010 0264 000295 2931 002426 1857 001668 2989 002497 0336 000716 0000 000000
1517554054.545625:  1551 001551 0261 000261 2937 002937 1840 001840 3010 003010 0336 000336 0000 000000
1517554054.606208:  1551 001025 0261 000295 2937 002418 1840 001644 3010 002499 0336 000751 0000 000000
1517554054.606262:  1551 001025 0261 000295 2937 002418 1840 001644 3010 002499 0336 000751 0000 000000
1517554054.667742:  1551 000136 0261 065499 2937 000020 1840 065236 3010 065526 0336 064736 0000 065518
1517554054.728527:  1551 001045 0261 000296 2937 002413 1840 001617 3010 002505 0336 000791 0000 000000
1517554054.728579:  1551 001045 0261 000296 2937 002413 1840 001617 3010 002505 0336 000791 0000 000000
1517554054.790485:  1593 001593 0258 000258 2942 002942 1823 001823 3031 003031 0336 000336 0000 000000
1517554054.851190:  1593 001064 0258 000296 2942 002408 1823 001591 3031 002513 0336 000830 0000 000000
1517554054.851242:  1593 001064 0258 000296 2942 002408 1823 001591 3031 002513 0336 000830 0000 000000
1517554054.913223:  1593 000148 0258 065499 2942 000030 1823 065266 3031 065516 0336 064736 0000 065518
1517554054.974013:  1593 001083 0258 000297 2942 002404 1823 001566 3031 002522 0336 000868 0000 000000
1517554054.974100:  1593 001083 0258 000297 2942 002404 1823 001566 3031 002522 0336 000868 0000 000000
1517554055.035663:  1637 001637 0256 000256 2947 002947 1806 001806 3052 003052 0336 000336 0000 000000
1517554055.096463:  1637 001104 0256 000297 2947 002401 1806 001539 3052 002532 0336 000908 0000 000000
1517554055.096530:  1637 001104 0256 000297 2947 002401 1806 001539 3052 002532 0336 000908 0000 000000
1517554055.158442:  1637 000148 0256 065487 2947 000050 1806 065296 3052 065516 0336 064736 0000 065518
1517554055.219174:  1637 001125 0256 000297 2947 002398 1806 001516 3052 002542 0336 000949 0000 000000
1517554055.219263:  1637 001125 0256 000297 2947 002398 1806 001516 3052 002542 0336 000949 0000 000000
1517554055.281071:  1681 001681 0254 000254 2951 002951 1789 001789 3074 003074 0336 000336 0000 000000
1517554055.341787:  1681 001145 0254 000297 2951 002394 1789 001491 3074 002553 0336 000988 0000 000000
1517554055.341860:  1681 001145 0254 000297 2951 002394 1789 001491 3074 002553 0336 000988 0000 000000
1517554055.403692:  1681 000148 0254 065487 2951 000050 1789 065336 3074 065516 0336 064736 0000 065518
1517554055.464605:  1681 001130 0254 000297 2951 002393 1789 001469 3074 002562 0336 001026 0000 000000
1517554055.464690:  1681 001130 0254 000297 2951 002393 1789 001469 3074 002562 0336 001026 0000 000000
1517554055.525553:  1725 001725 0252 000252 2954 002954 1772 001772 3096 003096 0336 000336 0000 000000
1517554055.586408:  1725 001192 0252 000299 2954 002393 1772 001444 3096 002571 0336 001066 0000 000000
1517554055.586463:  1725 001192 0252 000299 2954 002393 1772 001444 3096 002571 0336 001066 0000 000000
1517554055.647938:  1725 000148 0252 065487 2954 000060 1772 065366 3096 065506 0336 064736 0000 065518
1517554055.708742:  1725 001214 0252 000298 2954 002390 1772 001422 3096 002583 0336 001102 0000 000000
1517554055.708811:  1725 001214 0252 000298 2954 002390 1772 001422 3096 002583 0336 001102 0000 000000
1517554055.770473:  1770 001770 0251 000251 2957 002957 1755 001755 3118 003118 0336 000336 0000 000000
1517554055.831200:  1770 001237 0251 000298 2957 002388 1755 001399 3118 002596 0336 001139 0000 000000
1517554055.831279:  1770 001237 0251 000298 2957 002388 1755 001399 3118 002596 0336 001139 0000 000000
1517554055.892804:  1770 000148 0251 065487 2957 000070 1755 065376 3118 065516 0336 064736 0000 065518
1517554055.953506:  1770 001259 0251 000299 2957 002388 1755 001395 3118 002607 0336 001174 0000 000000
1517554055.953581:  1770 001259 0251 000299 2957 002388 1755 001395 3118 002607 0336 001174 0000 000000
1517554056.015139:  1816 001816 0250 000250 2959 002959 1738 001738 3140 003140 0336 000336 0000 000000
1517554056.076072:  1816 001284 0250 000299 2959 002387 1738 001397 3140 002620 0336 001209 0000 000000
1517554056.076165:  1816 001284 0250 000299 2959 002387 1738 001397 3140 002620 0336 001209 0000 000000
1517554056.138037:  1816 000148 0250 065475 2959 000070 1738 065366 3140 065516 0336 064736 0000 065518
1517554056.198950:  1816 001307 0250 000300 2959 002386 1738 001398 3140 002631 0336 001244 0000 000000
1517554056.199026:  1816 001307 0250 000300 2959 002386 1738 001398 3140 002631 0336 001244 0000 000000
1517554056.260953:  1862 001862 0249 000249 2961 002961 1721 001721 3163 003163 0336 000336 0000 000000
1517554056.321839:  1862 001331 0249 000299 2961 002383 1721 001400 3163 002646 0336 001278 0000 000000
1517554056.321934:  1862 001331 0249 000299 2961 002383 1721 001400 3163 002646 0336 001278 0000 000000
1517554056.383461:  1862 000148 0249 065475 2961 000070 1721 065326 3163 065516 0336 064736 0000 065518
1517554056.444289:  1862 001353 0249 000300 2961 002384 1721 001396 3163 002656 0336 001317 0000 000000
1517554056.444343:  1862 001353 0249 000300 2961 002384 1721 001396 3163 002656 0336 001317 0000 000000
1517554056.506012:  1908 001908 0248 000248 2962 002962 1704 001704 3185 003185 0336 000336 0000 000000
1517554056.565914:  1908 001376 0248 000292 2962 002385 1704 001394 3185 002666 0336 001357 0000 000000
1517554056.565991:  1908 001376 0248 000292 2962 002385 1704 001394 3185 002666 0336 001357 0000 000000
1517554056.628102:  1908 000148 0248 065475 2962 000070 1704 065336 3185 065516 0336 064736 0000 065518
1517554056.688912:  1908 001399 0248 000300 2962 002383 1704 001396 3185 002677 0336 001389 0000 000000
1517554056.688970:  1908 001399 0248 000300 2962 002383 1704 001396 3185 002677 0336 001389 0000 000000
1517554056.750834:  1954 001954 0248 000248 2962 002962 1688 001688 3208 003208 0336 000336 0000 000000
1517554056.811638:  1954 001421 0248 000300 2962 002382 1688 001396 3208 002689 0336 001427 0000 000000
1517554056.811736:  1954 001421 0248 000300 2962 002382 1688 001396 3208 002689 0336 001427 0000 000000
1517554056.873277:  1954 000148 0248 065475 2962 000080 1688 065316 3208 065516 0336 064736 0000 065518
1517554056.934012:  1954 001444 0248 000300 2962 002381 1688 001395 3208 002700 0336 001464 0000 000000
1517554056.934063:  1954 001444 0248 000300 2962 002381 1688 001395 3208 002700 0336 001464 0000 000000
1517554056.995755:  2000 002000 0248 000248 2962 002962 1672 001672 3230 003230 0336 000336 0000 000000
1517554057.055833:  2000 001467 0248 000301 2962 002381 1672 001395 3230 002711 0336 001503 0000 000000
1517554057.055908:  2000 001467 0248 000301 2962 002381 1672 001395 3230 002711 0336 001503 0000 000000
1517554057.117666:  2000 000148 0248 065475 2962 000080 1672 065296 3230 065516 0336 064736 0000 065518
1517554057.178317:  2000 001489 0248 000301 2962 002380 1672 001396 3230 002722 0336 001540 0000 000000
1517554057.178394:  2000 001489 0248 000301 2962 002380 1672 001396 3230 002722 0336 001540 0000 000000
1517554057.240029:  2047 002047 0249 000249 2961 002961 1656 001656 3253 003253 0336 000336 0000 000000
1517554057.300895:  2047 001512 0249 000301 2961 002381 1656 001395 3253 002734 0336 001577 0000 000000
1517554057.300964:  2047 001512 0249 000301 2961 002381 1656 001395 3253 002734 0336 001577 0000 000000
1517554057.364425:  2047 000148 0249 065475 2961 000080 1656 065286 3253 065516 0336 064736 0000 065518
1517554057.425255:  2047 001536 0249 000301 2961 002380 1656 001395 3253 002744 0336 001620 0000 000000
1517554057.425327:  2047 001536 0249 000301 2961 002380 1656 001395 3253 002744 0336 001620 0000 000000
1517554057.486986:  2093 002093 0250 000250 2960 002960 1640 001640 3275 003275 0336 000336 0000 000000
1517554057.545753:  2093 001558 0250 000301 2960 002379 1640 001395 3275 002755 0336 001658 0000 000000
1517554057.545858:  2093 001558 0250 000301 2960 002379 1640 001395 3275 002755 0336 001658 0000 000000
1517554057.607507:  2093 000148 0250 065475 2960 000080 1640 065266 3275 065516 0336 064736 0000 065518
1517554057.668291:  2093 001580 0250 000301 2960 002379 1640 001395 3275 002767 0336 001693 0000 000000
1517554057.668387:  2093 001580 0250 000301 2960 002379 1640 001395 3275 002767 0336 001693 0000 000000
1517554057.729929:  2140 002140 0251 000251 2958 002958 1624 001624 3298 003298 0336 000336 0000 000000
1517554057.790689:  2140 001604 0251 000302 2958 002379 1624 001395 3298 002777 0336 001732 0000 000000
1517554057.790741:  2140 001604 0251 000302 2958 002379 1624 001395 3298 002777 0336 001732 0000 000000
1517554057.852294:  2140 000148 0251 065475 2958 000070 1624 065256 3298 065516 0336 064736 0000 065518
1517554057.913053:  2140 001626 0251 000302 2958 002378 1624 001395 3298 002789 0336 001768 0000 000000
1517554057.913161:  2140 001626 0251 000302 2958 002378 1624 001395 3298 002789 0336 001768 0000 000000
1517554057.974958:  2186 002186 0252 000252 2955 002955 1608 001608 3320 003320 0336 000336 0000 000000
1517554058.035653:  2186 001649 0252 000302 2955 002377 1608 001395 3320 002802 0336 001805 0000 000000
1517554058.035701:  2186 001649 0252 000302 2955 002377 1608 001395 3320 002802 0336 001805 0000 000000
1517554058.097197:  2186 000148 0252 065487 2955 000070 1608 065236 3320 065516 0336 064736 0000 065518
1517554058.158015:  2186 001672 0252 000294 2955 002377 1608 001395 3320 002813 0336 001840 0000 000000
1517554058.158069:  2186 001672 0252 000294 2955 002377 1608 001395 3320 002813 0336 001840 0000 000000
1517554058.219541:  2233 002233 0254 000254 2952 002952 1593 001593 3343 003343 0336 000336 0000 000000
1517554058.280269:  2233 001696 0254 000302 2952 002376 1593 001395 3343 002824 0336 001873 0000 000000
1517554058.280347:  2233 001696 0254 000302 2952 002376 1593 001395 3343 002824 0336 001873 0000 000000
1517554058.341810:  2233 000148 0254 065487 2952 000070 1593 065216 3343 065516 0336 064736 0000 065518
1517554058.402617:  2233 001717 0254 000302 2952 002376 1593 001395 3343 002834 0336 001908 0000 000000
1517554058.402690:  2233 001717 0254 000302 2952 002376 1593 001395 3343 002834 0336 001908 0000 000000
1517554058.464252:  2279 002279 0256 000256 2948 002948 1577 001577 3365 003365 0336 000336 0000 000000
1517554058.524987:  2279 001740 0256 000302 2948 002375 1577 001395 3365 002845 0336 001942 0000 000000
1517554058.525076:  2279 001740 0256 000302 2948 002375 1577 001395 3365 002845 0336 001942 0000 000000
1517554058.587179:  2279 000148 0256 065487 2948 000070 1577 065206 3365 065516 0336 064736 0000 065518
1517554058.647994:  2279 001763 0256 000303 2948 002375 1577 001395 3365 002857 0336 001976 0000 000000
1517554058.648061:  2279 001763 0256 000303 2948 002375 1577 001395 3365 002857 0336 001976 0000 000000
1517554058.709935:  2324 002324 0258 000258 2943 002943 1562 001562 3387 003387 0336 000336 0000 000000
1517554058.770846:  2324 001787 0258 000303 2943 002374 1562 001395 3387 002868 0336 002010 0000 000000
1517554058.770896:  2324 001787 0258 000303 2943 002374 1562 001395 3387 002868 0336 002010 0000 000000
1517554058.832923:  2324 000160 0258 065487 2943 000060 1562 065196 3387 065516 0336 064736 0000 065518
1517554058.893821:  2324 001811 0258 000303 2943 002373 1562 001395 3387 002879 0336 002045 0000 000000
1517554058.893887:  2324 001811 0258 000303 2943 002373 1562 001395 3387 002879 0336 002045 0000 000000
1517554058.955413:  2370 002370 0260 000260 2938 002938 1548 001548 3408 003408 0336 000336 0000 000000
1517554059.016192:  2370 001833 0260 000303 2938 002373 1548 001395 3408 002890 0336 002079 0000 000000
1517554059.016266:  2370 001833 0260 000303 2938 002373 1548 001395 3408 002890 0336 002079 0000 000000
1517554059.076216:  2370 000148 0260 065487 2938 000060 1548 065176 3408 065516 0336 064736 0000 065518
1517554059.137074:  2370 001855 0260 000304 2938 002372 1548 001395 3408 002900 0336 002112 0000 000000
1517554059.137141:  2370 001855 0260 000304 2938 002372 1548 001395 3408 002900 0336 002112 0000 000000
