1517295897.451305:  0000 001760 0000 000327 0000 003272 0000 002489 0000 003613 0000 001949 0000 000000
1517295898.051993:  1759 001759 0326 000326 3272 003272 2489 002489 3613 003613 1949 001949 0000 000000
1517295898.152775:  1759 001760 0326 000333 3272 003254 2489 002490 3613 003633 1949 001948 0000 000000
1517295898.152870:  1759 001760 0326 000333 3272 003254 2489 002490 3613 003633 1949 001948 0000 000000
1517295898.254842:  1759 065472 0326 000071 3272 065423 2489 065456 3613 065416 1949 064736 0000 065518
1517295898.355676:  1759 001760 0326 000354 3272 003184 2489 002490 3613 003692 1949 001964 0000 000000
1517295898.355762:  1759 001760 0326 000354 3272 003184 2489 002490 3613 003692 1949 001964 0000 000000
1517295898.451300:  1767 001767 0349 000349 3223 003223 2485 002485 3601 003601 1946 001946 0000 000000
1517295898.552107:  1767 001760 0349 000371 3223 003129 2485 002490 3601 003742 1946 001988 0000 000000
1517295898.552184:  1767 001760 0349 000371 3223 003129 2485 002490 3601 003742 1946 001988 0000 000000
1517295898.653707:  1767 065484 0349 000059 3223 065483 2485 065456 3601 065526 1946 064736 0000 065518
1517295898.754534:  1767 001759 0349 000384 3223 003085 2485 002490 3601 003779 1946 002010 0000 000000
1517295898.754617:  1767 001759 0349 000384 3223 003085 2485 002490 3601 003779 1946 002010 0000 000000
1517295898.856234:  1773 001773 0372 000372 3173 003173 2482 002482 3588 003588 1944 001944 0000 000000
1517295898.951313:  1773 001758 0372 000399 3173 003047 2482 002489 3588 003799 1944 002031 0000 000000
1517295898.951435:  1773 001758 0372 000399 3173 003047 2482 002489 3588 003799 1944 002031 0000 000000
1517295899.054637:  1773 065484 0372 000047 3173 065503 2482 065446 3588 000050 1944 064736 0000 065518
1517295899.155555:  1773 001758 0372 000412 3173 003015 2482 002489 3588 003805 1944 002036 0000 000000
1517295899.155638:  1773 001758 0372 000412 3173 003015 2482 002489 3588 003805 1944 002036 0000 000000
1517295899.257367:  1780 001780 0396 000396 3122 003122 2479 002479 3574 003574 1942 001942 0000 000000
1517295899.358227:  1780 001758 0396 000425 3122 002985 2479 002483 3574 003808 1942 002045 0000 000000
1517295899.358334:  1780 001758 0396 000425 3122 002985 2479 002483 3574 003808 1942 002045 0000 000000
1517295899.451303:  1780 065496 0396 000047 3122 065513 2479 065456 3574 000060 1942 064736 0000 065518
1517295899.552163:  1780 001760 0396 000437 3122 002957 2479 002477 3574 003805 1942 002039 0000 000000
1517295899.552232:  1780 001760 0396 000437 3122 002957 2479 002477 3574 003805 1942 002039 0000 000000
1517295899.653743:  1785 001785 0419 000419 3069 003069 2476 002476 3559 003559 1939 001939 0000 000000
1517295899.754502:  1785 001762 0419 000449 3069 002927 2476 002470 3559 003797 1939 002044 0000 000000
1517295899.754578:  1785 001762 0419 000449 3069 002927 2476 002470 3559 003797 1939 002044 0000 000000
1517295899.856398:  1785 065496 0419 000047 3069 065523 2476 065456 3559 000050 1939 064736 0000 065518
1517295899.951260:  1785 001765 0419 000460 3069 002898 2476 002464 3559 003789 1939 002041 0000 000000
1517295899.951327:  1785 001765 0419 000460 3069 002898 2476 002464 3559 003789 1939 002041 0000 000000
1517295900.053141:  1791 001791 0442 000442 3014 003014 2473 002473 3542 003542 1937 001937 0000 000000
1517295900.153922:  1791 001767 0442 000472 3014 002871 2473 002458 3542 003780 1937 002038 0000 000000
1517295900.154011:  1791 001767 0442 000472 3014 002871 2473 002458 3542 003780 1937 002038 0000 000000
1517295900.255740:  1791 065496 0442 000047 3014 065523 2473 065476 3542 000070 1937 064736 0000 065518
1517295900.356530:  1791 001770 0442 000483 3014 002845 2473 002452 3542 003772 1937 002034 0000 000000
1517295900.356619:  1791 001770 0442 000483 3014 002845 2473 002452 3542 003772 1937 002034 0000 000000
1517295900.451294:  1796 001796 0466 000466 2959 002959 2470 002470 3525 003525 1934 001934 0000 000000
1517295900.552035:  1796 001771 0466 000494 2959 002818 2470 002449 3525 003764 1934 002024 0000 000000
1517295900.552101:  1796 001771 0466 000494 2959 002818 2470 002449 3525 003764 1934 002024 0000 000000
1517295900.653726:  1796 065496 0466 000047 2959 065513 2470 065476 3525 000070 1934 064736 0000 065518
1517295900.754534:  1796 001774 0466 000506 2959 002790 2470 002445 3525 003755 1934 002026 0000 000000
1517295900.754581:  1796 001774 0466 000506 2959 002790 2470 002445 3525 003755 1934 002026 0000 000000
1517295900.856439:  1801 001801 0490 000490 2902 002902 2467 002467 3506 003506 1932 001932 0000 000000
1517295900.951313:  1801 001776 0490 000517 2902 002762 2467 002440 3506 003747 1932 002022 0000 000000
1517295900.951384:  1801 001776 0490 000517 2902 002762 2467 002440 3506 003747 1932 002022 0000 000000
1517295901.053272:  1801 065496 0490 000047 2902 065513 2467 065476 3506 000070 1932 064736 0000 065518
1517295901.154169:  1801 001780 0490 000528 2902 002733 2467 002437 3506 003738 1932 002013 0000 000000
1517295901.154261:  1801 001780 0490 000528 2902 002733 2467 002437 3506 003738 1932 002013 0000 000000
1517295901.255971:  1805 001805 0514 000514 2843 002843 2464 002464 3487 003487 1929 001929 0000 000000
1517295901.356732:  1805 001783 0514 000541 2843 002707 2464 002435 3487 003728 1929 002013 0000 000000
1517295901.356792:  1805 001783 0514 000541 2843 002707 2464 002435 3487 003728 1929 002013 0000 000000
1517295901.451299:  1805 065496 0514 000047 2843 065513 2464 065486 3487 000070 1929 064736 0000 065518
1517295901.552156:  1805 001787 0514 000551 2843 002680 2464 002431 3487 003719 1929 002006 0000 000000
1517295901.552229:  1805 001787 0514 000551 2843 002680 2464 002431 3487 003719 1929 002006 0000 000000
1517295901.654109:  1810 001810 0538 000538 2784 002784 2462 002462 3466 003466 1926 001926 0000 000000
1517295901.754879:  1810 001789 0538 000565 2784 002651 2462 002430 3466 003708 1926 002004 0000 000000
1517295901.754965:  1810 001789 0538 000565 2784 002651 2462 002430 3466 003708 1926 002004 0000 000000
1517295901.856842:  1810 065496 0538 000047 2784 065503 2462 065486 3466 000070 1926 064736 0000 065518
1517295901.951300:  1810 001792 0538 000579 2784 002621 2462 002429 3466 003695 1926 001997 0000 000000
1517295901.951357:  1810 001792 0538 000579 2784 002621 2462 002429 3466 003695 1926 001997 0000 000000
1517295902.053034:  1814 001814 0563 000563 2723 002723 2459 002459 3445 003445 1923 001923 0000 000000
1517295902.153801:  1814 001796 0563 000593 2723 002595 2459 002428 3445 003685 1923 001992 0000 000000
1517295902.153906:  1814 001796 0563 000593 2723 002595 2459 002428 3445 003685 1923 001992 0000 000000
1517295902.255574:  1814 065496 0563 000047 2723 065503 2459 065486 3445 000070 1923 064736 0000 065518
1517295902.356438:  1814 001799 0563 000605 2723 002564 2459 002426 3445 003674 1923 001986 0000 000000
1517295902.356518:  1814 001799 0563 000605 2723 002564 2459 002426 3445 003674 1923 001986 0000 000000
1517295902.451275:  1818 001818 0588 000588 2661 002661 2456 002456 3423 003423 1919 001919 0000 000000
1517295902.552033:  1818 001804 0588 000617 2661 002534 2456 002426 3423 003665 1919 001982 0000 000000
1517295902.552108:  1818 001804 0588 000617 2661 002534 2456 002426 3423 003665 1919 001982 0000 000000
1517295902.653654:  1818 065412 0588 000047 2661 065493 2456 065486 3423 000080 1919 064736 0000 065518
1517295902.754486:  1818 001805 0588 000630 2661 002506 2456 002424 3423 003654 1919 001977 0000 000000
1517295902.754591:  1818 001805 0588 000630 2661 002506 2456 002424 3423 003654 1919 001977 0000 000000
1517295902.856252:  1821 001821 0613 000613 2598 002598 2453 002453 3399 003399 1916 001916 0000 000000
1517295902.951299:  1821 001801 0613 000641 2598 002473 2453 002421 3399 003641 1916 001968 0000 000000
1517295902.951402:  1821 001801 0613 000641 2598 002473 2453 002421 3399 003641 1916 001968 0000 000000
1517295903.052910:  1821 065496 0613 000047 2598 065493 2453 065486 3399 000070 1916 064736 0000 065518
1517295903.153744:  1821 001804 0613 000653 2598 002445 2453 002421 3399 003629 1916 001966 0000 000000
1517295903.153852:  1821 001804 0613 000653 2598 002445 2453 002421 3399 003629 1916 001966 0000 000000
1517295903.255964:  1825 001825 0638 000638 2533 002533 2450 002450 3375 003375 1913 001913 0000 000000
1517295903.356827:  1825 001806 0638 000664 2533 002413 2450 002417 3375 003616 1913 001955 0000 000000
1517295903.356888:  1825 001806 0638 000664 2533 002413 2450 002417 3375 003616 1913 001955 0000 000000
1517295903.451313:  1825 065496 0638 000059 2533 065493 2450 065486 3375 000070 1913 064736 0000 065518
1517295903.552182:  1825 001807 0638 000677 2533 002382 2450 002415 3375 003603 1913 001954 0000 000000
1517295903.552282:  1825 001807 0638 000677 2533 002382 2450 002415 3375 003603 1913 001954 0000 000000
1517295903.654237:  1828 001828 0664 000664 2468 002468 2448 002448 3350 003350 1909 001909 0000 000000
1517295903.754991:  1828 001809 0664 000690 2468 002347 2448 002413 3350 003591 1909 001948 0000 000000
1517295903.755065:  1828 001809 0664 000690 2468 002347 2448 002413 3350 003591 1909 001948 0000 000000
1517295903.856866:  1828 065496 0664 000047 2468 065493 2448 065486 3350 000070 1909 064736 0000 065518
1517295903.951300:  1828 001811 0664 000705 2468 002313 2448 002409 3350 003544 1909 001936 0000 000000
1517295903.951409:  1828 001811 0664 000705 2468 002313 2448 002409 3350 003544 1909 001936 0000 000000
1517295904.052937:  1831 001831 0690 000690 2402 002402 2445 002445 3324 003324 1905 001905 0000 000000
1517295904.153811:  1831 001814 0690 000718 2402 002282 2445 002407 3324 003566 1905 001935 0000 000000
1517295904.153914:  1831 001814 0690 000718 2402 002282 2445 002407 3324 003566 1905 001935 0000 000000
1517295904.255638:  1831 065484 0690 000047 2402 065493 2445 065486 3324 000080 1905 064736 0000 065518
1517295904.356478:  1831 001816 0690 000732 2402 002248 2445 002405 3324 003551 1905 001922 0000 000000
1517295904.356571:  1831 001816 0690 000732 2402 002248 2445 002405 3324 003551 1905 001922 0000 000000
1517295904.451298:  1834 001834 0717 000717 2334 002334 2441 002441 3297 003297 1902 001902 0000 000000
1517295904.552114:  1834 001818 0717 000745 2334 002215 2441 002404 3297 003538 1902 001922 0000 000000
1517295904.552201:  1834 001818 0717 000745 2334 002215 2441 002404 3297 003538 1902 001922 0000 000000
1517295904.653862:  1834 065484 0717 000047 2334 065493 2441 065486 3297 000070 1902 064736 0000 065518
1517295904.754799:  1834 001820 0717 000757 2334 002182 2441 002402 3297 003489 1902 001915 0000 000000
1517295904.754882:  1834 001820 0717 000757 2334 002182 2441 002402 3297 003489 1902 001915 0000 000000
1517295904.856581:  1837 001837 0744 000744 2266 002266 2438 002438 3269 003269 1898 001898 0000 000000
1517295904.951298:  1837 001823 0744 000770 2266 002148 2438 002401 3269 003514 1898 001901 0000 000000
1517295904.951385:  1837 001823 0744 000770 2266 002148 2438 002401 3269 003514 1898 001901 0000 000000
1517295905.053094:  1837 065484 0744 000059 2266 065483 2438 065486 3269 000080 1898 064736 0000 065518
1517295905.153845:  1837 001825 0744 000782 2266 002115 2438 002400 3269 003498 1898 001900 0000 000000
1517295905.153919:  1837 001825 0744 000782 2266 002115 2438 002400 3269 003498 1898 001900 0000 000000
1517295905.255621:  1840 001840 0771 000771 2197 002197 2435 002435 3240 003240 1893 001893 0000 000000
1517295905.356422:  1840 001828 0771 000796 2197 002081 2435 002397 3240 003484 1893 001893 0000 000000
1517295905.356543:  1840 001828 0771 000796 2197 002081 2435 002397 3240 003484 1893 001893 0000 000000
1517295905.451265:  1840 065484 0771 000059 2197 065493 2435 065486 3240 000080 1893 064736 0000 065518
1517295905.551969:  1840 001831 0771 000809 2197 002046 2435 002395 3240 003469 1893 001889 0000 000000
1517295905.552075:  1840 001831 0771 000809 2197 002046 2435 002395 3240 003469 1893 001889 0000 000000
1517295905.653840:  1842 001842 0799 000799 2127 002127 2432 002432 3210 003210 1889 001889 0000 000000
1517295905.754517:  1842 001830 0799 000822 2127 002011 2432 002393 3210 003455 1889 001878 0000 000000
1517295905.754610:  1842 001830 0799 000822 2127 002011 2432 002393 3210 003455 1889 001878 0000 000000
1517295905.856273:  1842 065484 0799 000059 2127 065483 2432 065486 3210 000080 1889 064746 0000 065518
1517295905.951293:  1842 001827 0799 000836 2127 001976 2432 002392 3210 003440 1889 001870 0000 000000
1517295905.951350:  1842 001827 0799 000836 2127 001976 2432 002392 3210 003440 1889 001870 0000 000000
1517295906.053261:  1845 001845 0827 000827 2055 002055 2428 002428 3179 003179 1885 001885 0000 000000
1517295906.154162:  1845 001825 0827 000850 2055 001939 2428 002390 3179 003425 1885 001863 0000 000000
1517295906.154238:  1845 001825 0827 000850 2055 001939 2428 002390 3179 003425 1885 001863 0000 000000
1517295906.255903:  1845 065496 0827 000059 2055 065483 2428 065486 3179 000080 1885 064756 0000 065518
1517295906.356584:  1845 001828 0827 000864 2055 001905 2428 002391 3179 003411 1885 001856 0000 000000
1517295906.356676:  1845 001828 0827 000864 2055 001905 2428 002391 3179 003411 1885 001856 0000 000000
1517295906.451299:  1847 001847 0856 000856 1984 001984 2425 002425 3148 003148 1880 001880 0000 000000
1517295906.552131:  1847 001830 0856 000877 1984 001871 2425 002388 3148 003395 1880 001852 0000 000000
1517295906.552189:  1847 001830 0856 000877 1984 001871 2425 002388 3148 003395 1880 001852 0000 000000
1517295906.653795:  1847 065484 0856 000059 1984 065483 2425 065486 3148 000080 1880 064766 0000 065518
1517295906.754607:  1847 001830 0856 000891 1984 001832 2425 002385 3148 003379 1880 001839 0000 000000
1517295906.754684:  1847 001830 0856 000891 1984 001832 2425 002385 3148 003379 1880 001839 0000 000000
1517295906.856262:  1850 001850 0885 000885 1911 001911 2421 002421 3115 003115 1875 001875 0000 000000
1517295906.951299:  1850 001831 0885 000906 1911 001794 2421 002382 3115 003365 1875 001833 0000 000000
1517295906.951354:  1850 001831 0885 000906 1911 001794 2421 002382 3115 003365 1875 001833 0000 000000
1517295907.053091:  1850 065484 0885 000059 1911 065483 2421 065486 3115 000090 1875 064766 0000 065518
1517295907.153946:  1850 001833 0885 000920 1911 001759 2421 002380 3115 003348 1875 001823 0000 000000
1517295907.154027:  1850 001833 0885 000920 1911 001759 2421 002380 3115 003348 1875 001823 0000 000000
1517295907.255842:  1852 001852 0915 000915 1838 001838 2417 002417 3081 003081 1870 001870 0000 000000
1517295907.356689:  1852 001835 0915 000935 1838 001724 2417 002380 3081 003329 1870 001813 0000 000000
1517295907.356750:  1852 001835 0915 000935 1838 001724 2417 002380 3081 003329 1870 001813 0000 000000
1517295907.451299:  1852 065484 0915 000059 1838 065483 2417 065486 3081 000080 1870 064796 0000 065518
1517295907.552152:  1852 001836 0915 000949 1838 001688 2417 002378 3081 003315 1870 001814 0000 000000
1517295907.552243:  1852 001836 0915 000949 1838 001688 2417 002378 3081 003315 1870 001814 0000 000000
1517295907.653875:  1854 001854 0945 000945 1763 001763 2413 002413 3047 003047 1864 001864 0000 000000
1517295907.754684:  1854 001836 0945 000964 1763 001649 2413 002375 3047 003295 1864 001796 0000 000000
1517295907.754795:  1854 001836 0945 000964 1763 001649 2413 002375 3047 003295 1864 001796 0000 000000
1517295907.856647:  1854 065484 0945 000059 1763 065483 2413 065486 3047 000080 1864 064796 0000 065518
1517295907.951298:  1854 001837 0945 000979 1763 001612 2413 002372 3047 003279 1864 001788 0000 000000
1517295907.951373:  1854 001837 0945 000979 1763 001612 2413 002372 3047 003279 1864 001788 0000 000000
