1517296262.168491:  0000 001761 0000 002343 0000 001222 0000 002168 0000 001747 0000 001025 0000 000000
1517296262.729237:  1761 001761 2343 002343 1222 001222 2168 002168 1747 001747 1025 001025 0000 000000
1517296262.790095:  1761 001760 2343 002347 1222 001209 2168 002171 1747 001756 1025 001027 0000 000000
1517296262.790152:  1761 001760 2343 002347 1222 001209 2168 002171 1747 001756 1025 001027 0000 000000
1517296262.851867:  1761 065484 2343 000059 1222 065433 2168 065446 1747 065386 1025 064736 0000 065518
1517296262.912700:  1761 001760 2343 002364 1222 001165 2168 002171 1747 001799 1025 001034 0000 000000
1517296262.912765:  1761 001760 2343 002364 1222 001165 2168 002171 1747 001799 1025 001034 0000 000000
1517296262.974640:  1794 001794 2341 002341 1229 001229 2151 002151 1757 001757 1020 001020 0000 000000
1517296263.035469:  1794 001760 2341 002376 1229 001132 2151 002170 1757 001839 1020 001049 0000 000000
1517296263.035554:  1794 001760 2341 002376 1229 001132 2151 002170 1757 001839 1020 001049 0000 000000
1517296263.097390:  1794 065520 2341 000023 1229 065533 2151 065436 1757 065456 1020 064736 0000 065518
1517296263.158184:  1794 001768 2341 002386 1229 001108 2151 002172 1757 001877 1020 001070 0000 000000
1517296263.158281:  1794 001768 2341 002386 1229 001108 2151 002172 1757 001877 1020 001070 0000 000000
1517296263.219012:  1827 001827 2339 002339 1235 001235 2133 002133 1766 001766 1016 001016 0000 000000
1517296263.279795:  1827 001775 2339 002393 1235 001092 2133 002171 1766 001907 1016 001083 0000 000000
1517296263.279866:  1827 001775 2339 002393 1235 001092 2133 002171 1766 001907 1016 001083 0000 000000
1517296263.341761:  1827 000008 2339 000011 1235 000007 2133 065416 1766 065516 1016 064736 0000 065518
1517296263.402567:  1827 001789 2339 002399 1235 001077 2133 002170 1766 001934 1016 001104 0000 000000
1517296263.402633:  1827 001789 2339 002399 1235 001077 2133 002170 1766 001934 1016 001104 0000 000000
1517296263.464314:  1861 001861 2338 002338 1239 001239 2116 002116 1774 001774 1011 001011 0000 000000
1517296263.525153:  1861 001808 2338 002403 1239 001067 2116 002164 1774 001957 1011 001118 0000 000000
1517296263.525224:  1861 001808 2338 002403 1239 001067 2116 002164 1774 001957 1011 001118 0000 000000
1517296263.586816:  1861 000008 2338 065535 1239 000027 2116 065406 1774 000010 1011 064736 0000 065518
1517296263.647744:  1861 001826 2338 002408 1239 001059 2116 002153 1774 001972 1011 001124 0000 000000
1517296263.647822:  1861 001826 2338 002408 1239 001059 2116 002153 1774 001972 1011 001124 0000 000000
1517296263.708775:  1895 001895 2337 002337 1243 001243 2097 002097 1782 001782 1005 001005 0000 000000
1517296263.769566:  1895 001842 2337 002411 1243 001053 2097 002142 1782 001984 1005 001130 0000 000000
1517296263.769634:  1895 001842 2337 002411 1243 001053 2097 002142 1782 001984 1005 001130 0000 000000
1517296263.831299:  1895 000008 2337 065523 1243 000047 2097 065406 1782 000030 1005 064736 0000 065518
1517296263.891930:  1895 001857 2337 002413 1243 001048 2097 002133 1782 001994 1005 001137 0000 000000
1517296263.891999:  1895 001857 2337 002413 1243 001048 2097 002133 1782 001994 1005 001137 0000 000000
1517296263.953513:  1929 001929 2336 002336 1245 001245 2078 002078 1789 001789 0999 000999 0000 000000
1517296264.014327:  1929 001875 2336 002417 1245 001045 2078 002123 1789 002000 0999 001146 0000 000000
1517296264.014402:  1929 001875 2336 002417 1245 001045 2078 002123 1789 002000 0999 001146 0000 000000
1517296264.076109:  1929 000008 2336 065511 1245 000057 2078 065416 1789 000040 0999 064736 0000 065518
1517296264.136875:  1929 001893 2336 002418 1245 001042 2078 002114 1789 002005 0999 001147 0000 000000
1517296264.136931:  1929 001893 2336 002418 1245 001042 2078 002114 1789 002005 0999 001147 0000 000000
1517296264.188669:  1963 001963 2336 002336 1245 001245 2059 002059 1795 001795 0993 000993 0000 000000
1517296264.249459:  1963 001976 2336 002421 1245 001040 2059 002104 1795 002008 0993 001150 0000 000000
1517296264.249528:  1963 001976 2336 002421 1245 001040 2059 002104 1795 002008 0993 001150 0000 000000
1517296264.311235:  1963 000008 2336 065511 1245 000057 2059 065406 1795 000040 0993 064736 0000 065518
1517296264.372111:  1963 001924 2336 002423 1245 001038 2059 002094 1795 002012 0993 001152 0000 000000
1517296264.372162:  1963 001924 2336 002423 1245 001038 2059 002094 1795 002012 0993 001152 0000 000000
1517296264.433914:  1998 001998 2336 002336 1244 001244 2039 002039 1801 001801 0986 000986 0000 000000
1517296264.494741:  1998 001941 2336 002425 1244 001035 2039 002085 1801 002016 0986 001157 0000 000000
1517296264.494838:  1998 001941 2336 002425 1244 001035 2039 002085 1801 002016 0986 001157 0000 000000
1517296264.556578:  1998 000008 2336 065511 1244 000057 2039 065406 1801 000040 0986 064736 0000 065518
1517296264.617407:  1998 001958 2336 002428 1244 001033 2039 002074 1801 002020 0986 001164 0000 000000
1517296264.617473:  1998 001958 2336 002428 1244 001033 2039 002074 1801 002020 0986 001164 0000 000000
1517296264.678565:  2032 002032 2337 002337 1242 001242 2018 002018 1806 001806 0978 000978 0000 000000
1517296264.739368:  2032 001974 2337 002428 1242 001031 2018 002065 1806 002024 0978 001168 0000 000000
1517296264.739466:  2032 001974 2337 002428 1242 001031 2018 002065 1806 002024 0978 001168 0000 000000
1517296264.801115:  2032 000008 2337 065499 1242 000057 2018 065406 1806 000040 0978 064736 0000 065518
1517296264.861851:  2032 001991 2337 002429 1242 001029 2018 002056 1806 002027 0978 001167 0000 000000
1517296264.861922:  2032 001991 2337 002429 1242 001029 2018 002056 1806 002027 0978 001167 0000 000000
1517296264.923979:  2066 002066 2338 002338 1238 001238 1996 001996 1810 001810 0970 000970 0000 000000
1517296264.984750:  2066 002009 2338 002431 1238 001028 1996 002044 1810 002029 0970 001164 0000 000000
1517296264.984795:  2066 002009 2338 002431 1238 001028 1996 002044 1810 002029 0970 001164 0000 000000
1517296265.046683:  2066 000008 2338 065499 1238 000057 1996 065406 1810 000040 0970 064736 0000 065518
1517296265.107496:  2066 002026 2338 002432 1238 001027 1996 002032 1810 002031 0970 001166 0000 000000
1517296265.107562:  2066 002026 2338 002432 1238 001027 1996 002032 1810 002031 0970 001166 0000 000000
1517296265.168460:  2100 002100 2339 002339 1233 001233 1974 001974 1814 001814 0960 000960 0000 000000
1517296265.229228:  2100 002042 2339 002433 1233 001025 1974 002023 1814 002033 0960 001164 0000 000000
1517296265.229296:  2100 002042 2339 002433 1233 001025 1974 002023 1814 002033 0960 001164 0000 000000
1517296265.290950:  2100 000008 2339 065499 1233 000057 1974 065406 1814 000040 0960 064736 0000 065518
1517296265.351804:  2100 002059 2339 002434 1233 001023 1974 002014 1814 002035 0960 001166 0000 000000
1517296265.351871:  2100 002059 2339 002434 1233 001023 1974 002014 1814 002035 0960 001166 0000 000000
1517296265.413753:  2135 002135 2341 002341 1227 001227 1951 001951 1818 001818 0951 000951 0000 000000
1517296265.474581:  2135 002076 2341 002435 1227 001021 1951 002003 1818 002037 0951 001170 0000 000000
1517296265.474664:  2135 002076 2341 002435 1227 001021 1951 002003 1818 002037 0951 001170 0000 000000
1517296265.536428:  2135 000008 2341 065499 1227 000057 1951 065406 1818 000040 0951 064736 0000 065518
1517296265.597102:  2135 002092 2341 002436 1227 001018 1951 001991 1818 002039 0951 001176 0000 000000
1517296265.597160:  2135 002092 2341 002436 1227 001018 1951 001991 1818 002039 0951 001176 0000 000000
1517296265.658832:  2169 002169 2343 002343 1219 001219 1927 001927 1821 001821 0940 000940 0000 000000
1517296265.719076:  2169 002109 2343 002437 1219 001016 1927 001978 1821 002039 0940 001177 0000 000000
1517296265.719130:  2169 002109 2343 002437 1219 001016 1927 001978 1821 002039 0940 001177 0000 000000
1517296265.781104:  2169 000008 2343 065499 1219 000057 1927 065406 1821 000040 0940 064736 0000 065518
1517296265.841836:  2169 002126 2343 002439 1219 001013 1927 001965 1821 002040 0940 001173 0000 000000
1517296265.841912:  2169 002126 2343 002439 1219 001013 1927 001965 1821 002040 0940 001173 0000 000000
1517296265.903796:  2203 002203 2346 002346 1210 001210 1902 001902 1824 001824 0929 000929 0000 000000
1517296265.964585:  2203 002144 2346 002440 1210 001010 1902 001955 1824 002040 0929 001175 0000 000000
1517296265.964639:  2203 002144 2346 002440 1210 001010 1902 001955 1824 002040 0929 001175 0000 000000
1517296266.026216:  2203 000008 2346 065499 1210 000047 1902 065396 1824 000040 0929 064736 0000 065518
1517296266.087064:  2203 002162 2346 002441 1210 001008 1902 001944 1824 002042 0929 001172 0000 000000
1517296266.087138:  2203 002162 2346 002441 1210 001008 1902 001944 1824 002042 0929 001172 0000 000000
1517296266.148967:  2237 002237 2348 002348 1200 001200 1877 001877 1827 001827 0916 000916 0000 000000
1517296266.208809:  2237 002180 2348 002442 1200 001006 1877 001933 1827 002042 0916 001170 0000 000000
1517296266.208864:  2237 002180 2348 002442 1200 001006 1877 001933 1827 002042 0916 001170 0000 000000
1517296266.270461:  2237 000008 2348 065499 1200 000047 1877 065396 1827 000040 0916 064736 0000 065518
1517296266.331268:  2237 002197 2348 002444 1200 001002 1877 001920 1827 002043 0916 001172 0000 000000
1517296266.331372:  2237 002197 2348 002444 1200 001002 1877 001920 1827 002043 0916 001172 0000 000000
1517296266.393225:  2271 002271 2352 002352 1188 001188 1850 001850 1830 001830 0903 000903 0000 000000
1517296266.453908:  2271 002214 2352 002445 1188 000999 1850 001910 1830 002043 0903 001177 0000 000000
1517296266.453985:  2271 002214 2352 002445 1188 000999 1850 001910 1830 002043 0903 001177 0000 000000
1517296266.515812:  2271 000008 2352 065499 1188 000037 1850 065396 1830 000040 0903 064736 0000 065518
1517296266.576586:  2271 002231 2352 002446 1188 000995 1850 001899 1830 002044 0903 001181 0000 000000
1517296266.576661:  2271 002231 2352 002446 1188 000995 1850 001899 1830 002044 0903 001181 0000 000000
1517296266.638021:  2305 002305 2355 002355 1175 001175 1823 001823 1833 001833 0889 000889 0000 000000
1517296266.698599:  2305 002248 2355 002447 1175 000991 1823 001886 1833 002045 0889 001179 0000 000000
1517296266.698651:  2305 002248 2355 002447 1175 000991 1823 001886 1833 002045 0889 001179 0000 000000
1517296266.760179:  2305 000008 2355 065499 1175 000027 1823 065386 1833 000040 0889 064736 0000 065518
1517296266.820916:  2305 002264 2355 002448 1175 000987 1823 001875 1833 002046 0889 001181 0000 000000
1517296266.820992:  2305 002264 2355 002448 1175 000987 1823 001875 1833 002046 0889 001181 0000 000000
1517296266.882601:  2339 002339 2359 002359 1160 001160 1795 001795 1835 001835 0874 000874 0000 000000
1517296266.943437:  2339 002282 2359 002449 1160 000981 1795 001861 1835 002046 0874 001176 0000 000000
1517296266.943561:  2339 002282 2359 002449 1160 000981 1795 001861 1835 002046 0874 001176 0000 000000
1517296267.005220:  2339 000008 2359 065511 1160 000027 1795 065386 1835 000030 0874 064736 0000 065518
1517296267.065997:  2339 002302 2359 002450 1160 000977 1795 001850 1835 002047 0874 001173 0000 000000
1517296267.066073:  2339 002302 2359 002450 1160 000977 1795 001850 1835 002047 0874 001173 0000 000000
1517296267.127655:  2372 002372 2364 002364 1144 001144 1766 001766 1838 001838 0859 000859 0000 000000
1517296267.178508:  2372 002319 2364 002452 1144 000970 1766 001836 1838 002050 0859 001174 0000 000000
1517296267.178601:  2372 002319 2364 002452 1144 000970 1766 001836 1838 002050 0859 001174 0000 000000
1517296267.240384:  2372 000008 2364 065511 1144 000017 1766 065386 1838 000040 0859 064736 0000 065518
1517296267.301107:  2372 002334 2364 002454 1144 000964 1766 001825 1838 002052 0859 001177 0000 000000
1517296267.301202:  2372 002334 2364 002454 1144 000964 1766 001825 1838 002052 0859 001177 0000 000000
1517296267.362963:  2405 002405 2369 002369 1127 001127 1736 001736 1841 001841 0842 000842 0000 000000
1517296267.423664:  2405 002348 2369 002455 1127 000958 1736 001812 1841 002055 0842 001176 0000 000000
1517296267.423729:  2405 002348 2369 002455 1127 000958 1736 001812 1841 002055 0842 001176 0000 000000
1517296267.485276:  2405 000008 2369 065511 1127 000017 1736 065376 1841 000040 0842 064736 0000 065518
1517296267.545995:  2405 002365 2369 002457 1127 000952 1736 001799 1841 002058 0842 001179 0000 000000
1517296267.546058:  2405 002365 2369 002457 1127 000952 1736 001799 1841 002058 0842 001179 0000 000000
1517296267.607714:  2438 002438 2374 002374 1109 001109 1706 001706 1845 001845 0825 000825 0000 000000
1517296267.668449:  2438 002384 2374 002459 1109 000946 1706 001783 1845 002060 0825 001178 0000 000000
1517296267.668565:  2438 002384 2374 002459 1109 000946 1706 001783 1845 002060 0825 001178 0000 000000
1517296267.730142:  2438 000008 2374 065511 1109 000007 1706 065376 1845 000040 0825 064736 0000 065518
1517296267.790901:  2438 002402 2374 002460 1109 000937 1706 001770 1845 002062 0825 001181 0000 000000
1517296267.790998:  2438 002402 2374 002460 1109 000937 1706 001770 1845 002062 0825 001181 0000 000000
1517296267.852750:  2471 002471 2380 002380 1089 001089 1674 001674 1849 001849 0806 000806 0000 000000
1517296267.913510:  2471 002422 2380 002462 1089 000929 1674 001740 1849 002064 0806 001186 0000 000000
1517296267.913577:  2471 002422 2380 002462 1089 000929 1674 001740 1849 002064 0806 001186 0000 000000
1517296267.975164:  2471 065532 2380 065523 1089 000007 1674 065366 1849 000040 0806 064736 0000 065518
1517296268.035942:  2471 002439 2380 002463 1089 000919 1674 001743 1849 002066 0806 001190 0000 000000
1517296268.036017:  2471 002439 2380 002463 1089 000919 1674 001743 1849 002066 0806 001190 0000 000000
1517296268.097725:  2503 002503 2386 002386 1068 001068 1642 001642 1853 001853 0787 000787 0000 000000
1517296268.158573:  2503 002454 2386 002465 1068 000911 1642 001725 1853 002069 0787 001188 0000 000000
1517296268.158646:  2503 002454 2386 002465 1068 000911 1642 001725 1853 002069 0787 001188 0000 000000
1517296268.219028:  2503 065532 2386 065523 1068 065533 1642 065366 1853 000040 0787 064736 0000 065518
1517296268.279841:  2503 002469 2386 002468 1068 000903 1642 001712 1853 002071 0787 001194 0000 000000
1517296268.279909:  2503 002469 2386 002468 1068 000903 1642 001712 1853 002071 0787 001194 0000 000000
1517296268.341735:  2536 002536 2393 002393 1046 001046 1609 001609 1858 001858 0767 000767 0000 000000
1517296268.402619:  2536 002484 2393 002470 1046 000892 1609 001699 1858 002073 0767 001188 0000 000000
1517296268.402684:  2536 002484 2393 002470 1046 000892 1609 001699 1858 002073 0767 001188 0000 000000
1517296268.464361:  2536 065532 2393 065523 1046 065533 1609 065366 1858 000040 0767 064736 0000 065518
1517296268.525144:  2536 002500 2393 002473 1046 000882 1609 001683 1858 002075 0767 001186 0000 000000
1517296268.525180:  2536 002500 2393 002473 1046 000882 1609 001683 1858 002075 0767 001186 0000 000000
1517296268.587085:  2567 002567 2400 002400 1023 001023 1576 001576 1864 001864 0747 000747 0000 000000
1517296268.647828:  2567 002517 2400 002477 1023 000872 1576 001667 1864 002078 0747 001187 0000 000000
1517296268.647918:  2567 002517 2400 002477 1023 000872 1576 001667 1864 002078 0747 001187 0000 000000
1517296268.708751:  2567 065532 2400 065523 1023 065533 1576 065356 1864 000040 0747 064736 0000 065518
1517296268.769537:  2567 002533 2400 002480 1023 000862 1576 001652 1864 002080 0747 001192 0000 000000
1517296268.769669:  2567 002533 2400 002480 1023 000862 1576 001652 1864 002080 0747 001192 0000 000000
1517296268.771471:  2567 002533 2400 002480 1023 000862 1576 001652 1864 002080 0747 001192 0000 000000
