1517295722.229126:  0000 001760 0000 000331 0000 003271 0000 002491 0000 003606 0000 001949 0000 000000
1517295722.979906:  1759 001759 0330 000330 3271 003271 2491 002491 3606 003606 1949 001949 0000 000000
1517295723.229125:  1759 001760 0330 000350 3271 003203 2491 002492 3606 003677 1949 001960 0000 000000
1517295723.229198:  1759 001760 0330 000350 3271 003203 2491 002492 3606 003677 1949 001960 0000 000000
1517295723.480830:  1759 065472 0330 000047 3271 065493 2491 065456 3606 065506 1949 064736 0000 065518
1517295723.729135:  1759 001757 0330 000382 3271 003098 2491 002492 3606 003788 1949 002020 0000 000000
1517295723.729228:  1759 001757 0330 000382 3271 003098 2491 002492 3606 003788 1949 002020 0000 000000
1517295723.980866:  1767 001767 0353 000353 3222 003222 2487 002487 3594 003594 1946 001946 0000 000000
1517295724.229136:  1767 001753 0353 000402 3222 003041 2487 002481 3594 003817 1946 002048 0000 000000
1517295724.229246:  1767 001753 0353 000402 3222 003041 2487 002481 3594 003817 1946 002048 0000 000000
1517295724.482406:  1767 065484 0353 065535 3222 000027 2487 065466 3594 000060 1946 064736 0000 065518
1517295724.729129:  1767 001751 0353 000418 3222 003014 2487 002466 3594 003818 1946 002053 0000 000000
1517295724.729207:  1767 001751 0353 000418 3222 003014 2487 002466 3594 003818 1946 002053 0000 000000
1517295724.980612:  1773 001773 0376 000376 3172 003172 2484 002484 3580 003580 1944 001944 0000 000000
1517295725.229089:  1773 001754 0376 000432 3172 002990 2484 002455 3580 003814 1944 002051 0000 000000
1517295725.229152:  1773 001754 0376 000432 3172 002990 2484 002455 3580 003814 1944 002051 0000 000000
1517295725.480709:  1773 065496 0376 000011 3172 000027 2484 065486 3580 000060 1944 064736 0000 065518
1517295725.729124:  1773 001759 0376 000446 3172 002963 2484 002446 3580 003808 1944 002050 0000 000000
1517295725.729192:  1773 001759 0376 000446 3172 002963 2484 002446 3580 003808 1944 002050 0000 000000
1517295725.980714:  1780 001780 0400 000400 3120 003120 2481 002481 3566 003566 1942 001942 0000 000000
1517295726.229123:  1780 001763 0400 000460 3120 002938 2481 002442 3566 003795 1942 002042 0000 000000
1517295726.229195:  1780 001763 0400 000460 3120 002938 2481 002442 3566 003795 1942 002042 0000 000000
1517295726.480811:  1780 065484 0400 000011 3120 000017 2481 065486 3566 000060 1942 064736 0000 065518
1517295726.729123:  1780 001765 0400 000472 3120 002909 2481 002436 3566 003788 1942 002039 0000 000000
1517295726.729229:  1780 001765 0400 000472 3120 002909 2481 002436 3566 003788 1942 002039 0000 000000
1517295726.980784:  1785 001785 0423 000423 3067 003067 2478 002478 3551 003551 1939 001939 0000 000000
1517295727.229087:  1785 001769 0423 000484 3067 002883 2478 002433 3551 003782 1939 002036 0000 000000
1517295727.229163:  1785 001769 0423 000484 3067 002883 2478 002433 3551 003782 1939 002036 0000 000000
1517295727.480697:  1785 065484 0423 000011 3067 000017 2478 065496 3551 000060 1939 064736 0000 065518
1517295727.729123:  1785 001772 0423 000496 3067 002857 2478 002430 3551 003776 1939 002026 0000 000000
1517295727.729275:  1785 001772 0423 000496 3067 002857 2478 002430 3551 003776 1939 002026 0000 000000
1517295727.980984:  1791 001791 0446 000446 3013 003013 2475 002475 3534 003534 1937 001937 0000 000000
1517295728.229123:  1791 001774 0446 000508 3013 002830 2475 002430 3534 003769 1937 002023 0000 000000
1517295728.229206:  1791 001774 0446 000508 3013 002830 2475 002430 3534 003769 1937 002023 0000 000000
1517295728.480937:  1791 065484 0446 000011 3013 000017 2475 065496 3534 000060 1937 064736 0000 065518
1517295728.729120:  1791 001777 0446 000520 3013 002803 2475 002429 3534 003756 1937 002017 0000 000000
1517295728.729231:  1791 001777 0446 000520 3013 002803 2475 002429 3534 003756 1937 002017 0000 000000
1517295728.980785:  1796 001796 0470 000470 2957 002957 2472 002472 3516 003516 1934 001934 0000 000000
1517295729.229117:  1796 001780 0470 000532 2957 002775 2472 002430 3516 003748 1934 002012 0000 000000
1517295729.229182:  1796 001780 0470 000532 2957 002775 2472 002430 3516 003748 1934 002012 0000 000000
1517295729.482562:  1796 065484 0470 000011 2957 000017 2472 065496 3516 000060 1934 064736 0000 065518
1517295729.729121:  1796 001784 0470 000544 2957 002748 2472 002431 3516 003741 1934 002008 0000 000000
1517295729.729188:  1796 001784 0470 000544 2957 002748 2472 002431 3516 003741 1934 002008 0000 000000
1517295729.980709:  1801 001801 0494 000494 2899 002899 2469 002469 3497 003497 1932 001932 0000 000000
1517295730.229126:  1801 001787 0494 000556 2899 002717 2469 002428 3497 003730 1932 002004 0000 000000
1517295730.229199:  1801 001787 0494 000556 2899 002717 2469 002428 3497 003730 1932 002004 0000 000000
1517295730.480745:  1801 065484 0494 000011 2899 000017 2469 065486 3497 000060 1932 064736 0000 065518
1517295730.729105:  1801 001789 0494 000568 2899 002689 2469 002427 3497 003717 1932 001996 0000 000000
1517295730.729226:  1801 001789 0494 000568 2899 002689 2469 002427 3497 003717 1932 001996 0000 000000
1517295730.981202:  1805 001805 0518 000518 2841 002841 2466 002466 3478 003478 1929 001929 0000 000000
1517295731.229114:  1805 001792 0518 000581 2841 002662 2466 002428 3478 003713 1929 001995 0000 000000
1517295731.229194:  1805 001792 0518 000581 2841 002662 2466 002428 3478 003713 1929 001995 0000 000000
1517295731.480620:  1805 065484 0518 000011 2841 000017 2466 065496 3478 000060 1929 064736 0000 065518
1517295731.729115:  1805 001794 0518 000591 2841 002630 2466 002421 3478 003697 1929 001987 0000 000000
1517295731.729189:  1805 001794 0518 000591 2841 002630 2466 002421 3478 003697 1929 001987 0000 000000
1517295731.980793:  1810 001810 0542 000542 2781 002781 2464 002464 3457 003457 1926 001926 0000 000000
1517295732.229125:  1810 001797 0542 000604 2781 002605 2464 002422 3457 003693 1926 001985 0000 000000
1517295732.229192:  1810 001797 0542 000604 2781 002605 2464 002422 3457 003693 1926 001985 0000 000000
1517295732.481117:  1810 065484 0542 000011 2781 000017 2464 065496 3457 000060 1926 064736 0000 065518
1517295732.729125:  1810 001802 0542 000617 2781 002576 2464 002418 3457 003677 1926 001980 0000 000000
1517295732.729202:  1810 001802 0542 000617 2781 002576 2464 002418 3457 003677 1926 001980 0000 000000
1517295732.980727:  1814 001814 0567 000567 2720 002720 2461 002461 3435 003435 1923 001923 0000 000000
1517295733.229133:  1814 001804 0567 000663 2720 002548 2461 002415 3435 003666 1923 001972 0000 000000
1517295733.229208:  1814 001804 0567 000663 2720 002548 2461 002415 3435 003666 1923 001972 0000 000000
1517295733.480733:  1814 065484 0567 000011 2720 000007 2461 065496 3435 000060 1923 064736 0000 065518
1517295733.729143:  1814 001804 0567 000640 2720 002517 2461 002411 3435 003660 1923 001968 0000 000000
1517295733.729204:  1814 001804 0567 000640 2720 002517 2461 002411 3435 003660 1923 001968 0000 000000
1517295733.980813:  1818 001818 0592 000592 2658 002658 2458 002458 3412 003412 1919 001919 0000 000000
1517295734.229119:  1818 001803 0592 000652 2658 002484 2458 002409 3412 003643 1919 001964 0000 000000
1517295734.229214:  1818 001803 0592 000652 2658 002484 2458 002409 3412 003643 1919 001964 0000 000000
1517295734.482497:  1818 065484 0592 000011 2658 000007 2458 065496 3412 000060 1919 064736 0000 065518
1517295734.729121:  1818 001804 0592 000664 2658 002455 2458 002409 3412 003635 1919 001964 0000 000000
1517295734.729179:  1818 001804 0592 000664 2658 002455 2458 002409 3412 003635 1919 001964 0000 000000
1517295734.980850:  1821 001821 0617 000617 2595 002595 2455 002455 3389 003389 1916 001916 0000 000000
1517295735.229129:  1821 001803 0617 000676 2595 002422 2455 002407 3389 003621 1916 001954 0000 000000
1517295735.229205:  1821 001803 0617 000676 2595 002422 2455 002407 3389 003621 1916 001954 0000 000000
1517295735.480720:  1821 065496 0617 000011 2595 000007 2455 065496 3389 000060 1916 064736 0000 065518
1517295735.729134:  1821 001804 0617 000688 2595 002392 2455 002408 3389 003612 1916 001953 0000 000000
1517295735.729198:  1821 001804 0617 000688 2595 002392 2455 002408 3389 003612 1916 001953 0000 000000
1517295735.981162:  1825 001825 0642 000642 2530 002530 2452 002452 3364 003364 1913 001913 0000 000000
1517295736.229124:  1825 001806 0642 000700 2530 002359 2452 002408 3364 003596 1913 001946 0000 000000
1517295736.229182:  1825 001806 0642 000700 2530 002359 2452 002408 3364 003596 1913 001946 0000 000000
1517295736.480818:  1825 065484 0642 000011 2530 000007 2452 065496 3364 000070 1913 064736 0000 065518
1517295736.729088:  1825 001808 0642 000712 2530 002326 2452 002407 3364 003584 1913 001940 0000 000000
1517295736.729195:  1825 001808 0642 000712 2530 002326 2452 002407 3364 003584 1913 001940 0000 000000
1517295736.980904:  1828 001828 0668 000668 2465 002465 2449 002449 3339 003339 1909 001909 0000 000000
1517295737.229122:  1828 001812 0668 000725 2465 002296 2449 002407 3339 003568 1909 001932 0000 000000
1517295737.229171:  1828 001812 0668 000725 2465 002296 2449 002407 3339 003568 1909 001932 0000 000000
1517295737.480611:  1828 065484 0668 000011 2465 000007 2449 065496 3339 000060 1909 064736 0000 065518
1517295737.729138:  1828 001815 0668 000737 2465 002264 2449 002405 3339 003558 1909 001926 0000 000000
1517295737.729212:  1828 001815 0668 000737 2465 002264 2449 002405 3339 003558 1909 001926 0000 000000
1517295737.980836:  1831 001831 0694 000694 2398 002398 2446 002446 3312 003312 1905 001905 0000 000000
1517295738.229121:  1831 001818 0694 000751 2398 002231 2446 002401 3312 003543 1905 001920 0000 000000
1517295738.229179:  1831 001818 0694 000751 2398 002231 2446 002401 3312 003543 1905 001920 0000 000000
1517295738.480774:  1831 065484 0694 000023 2398 000007 2446 065496 3312 000060 1905 064736 0000 065518
1517295738.729139:  1831 001820 0694 000765 2398 002196 2446 002396 3312 003532 1905 001916 0000 000000
1517295738.729213:  1831 001820 0694 000765 2398 002196 2446 002396 3312 003532 1905 001916 0000 000000
1517295738.980713:  1834 001834 0721 000721 2331 002331 2443 002443 3285 003285 1902 001902 0000 000000
1517295739.229134:  1834 001823 0721 000779 2331 002164 2443 002395 3285 003519 1902 001906 0000 000000
1517295739.229209:  1834 001823 0721 000779 2331 002164 2443 002395 3285 003519 1902 001906 0000 000000
1517295739.480853:  1834 065484 0721 000011 2331 065533 2443 065496 3285 000070 1902 064736 0000 065518
1517295739.729125:  1834 001826 0721 000792 2331 002131 2443 002395 3285 003503 1902 001899 0000 000000
1517295739.729196:  1834 001826 0721 000792 2331 002131 2443 002395 3285 003503 1902 001899 0000 000000
1517295739.980914:  1837 001837 0748 000748 2262 002262 2440 002440 3257 003257 1898 001898 0000 000000
1517295740.229130:  1837 001826 0748 000804 2262 002096 2440 002394 3257 003489 1898 001892 0000 000000
1517295740.229226:  1837 001826 0748 000804 2262 002096 2440 002394 3257 003489 1898 001892 0000 000000
1517295740.481080:  1837 065484 0748 000023 2262 000007 2440 065496 3257 000060 1898 064746 0000 065518
1517295740.729122:  1837 001827 0748 000818 2262 002063 2440 002395 3257 003475 1898 001885 0000 000000
1517295740.729213:  1837 001827 0748 000818 2262 002063 2440 002395 3257 003475 1898 001885 0000 000000
1517295740.980918:  1840 001840 0775 000775 2193 002193 2437 002437 3228 003228 1893 001893 0000 000000
1517295741.229138:  1840 001826 0775 000832 2193 002026 2437 002392 3228 003460 1893 001878 0000 000000
1517295741.229215:  1840 001826 0775 000832 2193 002026 2437 002392 3228 003460 1893 001878 0000 000000
1517295741.480875:  1840 065484 0775 000011 2193 065533 2437 065496 3228 000070 1893 064756 0000 065518
1517295741.729118:  1840 001826 0775 000846 2193 001992 2437 002392 3228 003445 1893 001871 0000 000000
1517295741.729197:  1840 001826 0775 000846 2193 001992 2437 002392 3228 003445 1893 001871 0000 000000
1517295741.981300:  1842 001842 0803 000803 2123 002123 2433 002433 3198 003198 1889 001889 0000 000000
1517295742.229099:  1842 001827 0803 000859 2123 001958 2433 002391 3198 003427 1889 001853 0000 000000
1517295742.229199:  1842 001827 0803 000859 2123 001958 2433 002391 3198 003427 1889 001853 0000 000000
1517295742.480833:  1842 065484 0803 000011 2123 065533 2433 065496 3198 000070 1889 064766 0000 065518
1517295742.729123:  1842 001826 0803 000878 2123 001921 2433 002389 3198 003414 1889 001850 0000 000000
1517295742.729199:  1842 001826 0803 000878 2123 001921 2433 002389 3198 003414 1889 001850 0000 000000
1517295742.980745:  1845 001845 0831 000831 2052 002052 2430 002430 3167 003167 1884 001884 0000 000000
1517295743.229165:  1845 001826 0831 000888 2052 001886 2430 002386 3167 003401 1884 001843 0000 000000
1517295743.229235:  1845 001826 0831 000888 2052 001886 2430 002386 3167 003401 1884 001843 0000 000000
1517295743.480840:  1845 065496 0831 000023 2052 065533 2430 065496 3167 000070 1884 064766 0000 065518
1517295743.729165:  1845 001826 0831 000900 2052 001849 2430 002384 3167 003384 1884 001835 0000 000000
1517295743.729271:  1845 001826 0831 000900 2052 001849 2430 002384 3167 003384 1884 001835 0000 000000
1517295743.981089:  1847 001847 0860 000860 1980 001980 2426 002426 3135 003135 1880 001880 0000 000000
1517295744.229100:  1847 001828 0860 000914 1980 001813 2426 002381 3135 003369 1880 001828 0000 000000
1517295744.229192:  1847 001828 0860 000914 1980 001813 2426 002381 3135 003369 1880 001828 0000 000000
1517295744.482572:  1847 065484 0860 000023 1980 065533 2426 065496 3135 000070 1880 064776 0000 065518
1517295744.729122:  1847 001831 0860 000930 1980 001777 2426 002381 3135 003351 1880 001819 0000 000000
1517295744.729179:  1847 001831 0860 000930 1980 001777 2426 002381 3135 003351 1880 001819 0000 000000
1517295744.981040:  1849 001849 0889 000889 1907 001907 2422 002422 3102 003102 1875 001875 0000 000000
1517295745.229137:  1849 001834 0889 000944 1907 001740 2422 002380 3102 003334 1875 001811 0000 000000
1517295745.229195:  1849 001834 0889 000944 1907 001740 2422 002380 3102 003334 1875 001811 0000 000000
1517295745.480755:  1849 065484 0889 000023 1907 065533 2422 065496 3102 000070 1875 064786 0000 065518
1517295745.729086:  1849 001837 0889 000959 1907 001704 2422 002379 3102 003318 1875 001803 0000 000000
1517295745.729160:  1849 001837 0889 000959 1907 001704 2422 002379 3102 003318 1875 001803 0000 000000
1517295745.980679:  1852 001852 0919 000919 1833 001833 2418 002418 3068 003068 1870 001870 0000 000000
1517295746.229126:  1852 001839 0919 000974 1833 001670 2418 002378 3068 003300 1870 001795 0000 000000
1517295746.229217:  1852 001839 0919 000974 1833 001670 2418 002378 3068 003300 1870 001795 0000 000000
1517295746.481148:  1852 065484 0919 000023 1833 065533 2418 065486 3068 000070 1870 064796 0000 065518
1517295746.729127:  1852 001842 0919 000989 1833 001635 2418 002375 3068 003283 1870 001786 0000 000000
1517295746.729230:  1852 001842 0919 000989 1833 001635 2418 002375 3068 003283 1870 001786 0000 000000
1517295746.980881:  1854 001854 0950 000950 1759 001759 2414 002414 3033 003033 1864 001864 0000 000000
1517295747.229124:  1854 001845 0950 001004 1759 001597 2414 002373 3033 003265 1864 001777 0000 000000
1517295747.229194:  1854 001845 0950 001004 1759 001597 2414 002373 3033 003265 1864 001777 0000 000000
1517295747.480905:  1854 065484 0950 000023 1759 065533 2414 065496 3033 000070 1864 064816 0000 065518
1517295747.729133:  1854 001844 0950 001018 1759 001558 2414 002372 3033 003247 1864 001768 0000 000000
1517295747.729245:  1854 001844 0950 001018 1759 001558 2414 002372 3033 003247 1864 001768 0000 000000
1517295747.730985:  1854 001844 0950 001018 1759 001558 2414 002372 3033 003247 1864 001768 0000 000000
