1520319159.752030:  0000 002418 0000 002438 0000 003673 0000 000044 0000 002429 0000 003809 0000 000000
1520319160.312744:  0000 000500 0000 065036 0000 000500 0000 065036 0000 065036 0000 065455 0000 000069
1520319160.373499:  2414 002414 0016 000016 0016 000016 0016 000016 63104 063104 0000 000000 0000 000000
1520319160.434194:  2414 000500 0016 065036 0016 000500 0016 065036 63104 065036 0000 065455 0000 000069
1520319160.494983:  2414 002418 0016 002438 0016 003673 0016 000044 63104 002429 0000 003809 0000 000000
1520319160.495071:  2414 002418 0016 002438 0016 003673 0016 000044 63104 002429 0000 003809 0000 000000
1520319160.556719:  2414 000500 0016 065036 0016 000500 0016 065036 63104 065036 0000 065455 0000 000069
1520319160.617385:  2400 002400 0016 000016 0016 000016 0016 000016 63086 063086 0000 000000 0000 000000
1520319160.678110:  2400 000500 0016 065036 0016 000500 0016 065036 63086 065036 0000 065455 0000 000069
1520319160.738830:  2400 002418 0016 002438 0016 003673 0016 000044 63086 002429 0000 003809 0000 000000
1520319160.738899:  2400 002418 0016 002438 0016 003673 0016 000044 63086 002429 0000 003809 0000 000000
1520319160.792383:  2400 000500 0016 065036 0016 000500 0016 065036 63086 065036 0000 065455 0000 000069
1520319160.853056:  2387 002387 0016 000016 0016 000016 0016 000016 63059 063059 0000 000000 0000 000000
1520319160.913897:  2387 000500 0016 065036 0016 000500 0016 065036 63059 065036 0000 065455 0000 000069
1520319160.974607:  2387 002418 0016 002438 0016 003673 0016 000044 63059 002429 0000 003809 0000 000000
1520319160.974658:  2387 002418 0016 002438 0016 003673 0016 000044 63059 002429 0000 003809 0000 000000
1520319161.036420:  2387 000500 0016 065036 0016 000500 0016 065036 63059 065036 0000 065455 0000 000069
1520319161.097170:  2375 002375 0016 000016 0016 000016 0016 000016 63026 063026 0000 000000 0000 000000
1520319161.157881:  2375 000500 0016 065036 0016 000500 0016 065036 63026 065036 0000 065455 0000 000069
1520319161.218591:  2375 002418 0016 002438 0016 003673 0016 000044 63026 002429 0000 003809 0000 000000
1520319161.218636:  2375 002418 0016 002438 0016 003673 0016 000044 63026 002429 0000 003809 0000 000000
1520319161.272172:  2375 000500 0016 065036 0016 000500 0016 065036 63026 065036 0000 065455 0000 000069
1520319161.332910:  2364 002364 0016 000016 0016 000016 0016 000016 62990 062990 0000 000000 0000 000000
1520319161.393685:  2364 000500 0016 065036 0016 000500 0016 065036 62990 065036 0000 065455 0000 000069
1520319161.454559:  2364 002418 0016 002438 0016 003673 0016 000044 62990 002429 0000 003809 0000 000000
1520319161.454607:  2364 002418 0016 002438 0016 003673 0016 000044 62990 002429 0000 003809 0000 000000
1520319161.516163:  2364 000500 0016 065036 0016 000500 0016 065036 62990 065036 0000 065455 0000 000069
1520319161.576986:  2353 002353 0016 000016 0016 000016 0016 000016 62950 062950 0000 000000 0000 000000
1520319161.637865:  2353 000500 0016 065036 0016 000500 0016 065036 62950 065036 0000 065455 0000 000069
1520319161.698689:  2353 002418 0016 002438 0016 003673 0016 000044 62950 002429 0000 003809 0000 000000
1520319161.698737:  2353 002418 0016 002438 0016 003673 0016 000044 62950 002429 0000 003809 0000 000000
1520319161.752028:  2353 000500 0016 065036 0016 000500 0016 065036 62950 065036 0000 065455 0000 000069
1520319161.812808:  2342 002342 0016 000016 0016 000016 0016 000016 62908 062908 0000 000000 0000 000000
1520319161.873523:  2342 000500 0016 065036 0016 000500 0016 065036 62908 065036 0000 065455 0000 000069
1520319161.934336:  2342 002418 0016 002438 0016 003673 0016 000044 62908 002429 0000 003809 0000 000000
1520319161.934361:  2342 002418 0016 002438 0016 003673 0016 000044 62908 002429 0000 003809 0000 000000
1520319161.996005:  2342 000500 0016 065036 0016 000500 0016 065036 62908 065036 0000 065455 0000 000069
1520319162.056756:  2333 002333 0016 000016 0016 000016 0016 000016 62864 062864 0000 000000 0000 000000
1520319162.117518:  2333 000500 0016 065036 0016 000500 0016 065036 62864 065036 0000 065455 0000 000069
1520319162.178307:  2333 002418 0016 002438 0016 003673 0016 000044 62864 002429 0000 003809 0000 000000
1520319162.178380:  2333 002418 0016 002438 0016 003673 0016 000044 62864 002429 0000 003809 0000 000000
1520319162.240192:  2333 000500 0016 065036 0016 000500 0016 065036 62864 065036 0000 065455 0000 000069
1520319162.292387:  2323 002323 0016 000016 0016 000016 0016 000016 62819 062819 0000 000000 0000 000000
1520319162.353208:  2323 000500 0016 065036 0016 000500 0016 065036 62819 065036 0000 065455 0000 000069
1520319162.413976:  2323 002418 0016 002438 0016 003673 0016 000044 62819 002429 0000 003809 0000 000000
1520319162.414024:  2323 002418 0016 002438 0016 003673 0016 000044 62819 002429 0000 003809 0000 000000
1520319162.475919:  2323 000500 0016 065036 0016 000500 0016 065036 62819 065036 0000 065455 0000 000069
1520319162.536757:  2314 002314 0016 000016 0016 000016 0016 000016 62774 062774 0000 000000 0000 000000
1520319162.597496:  2314 000500 0016 065036 0016 000500 0016 065036 62774 065036 0000 065455 0000 000069
1520319162.658264:  2314 002418 0016 002438 0016 003673 0016 000044 62774 002429 0000 003809 0000 000000
1520319162.658317:  2314 002418 0016 002438 0016 003673 0016 000044 62774 002429 0000 003809 0000 000000
1520319162.720527:  2314 000500 0016 065036 0016 000500 0016 065036 62774 065036 0000 065455 0000 000069
1520319162.772160:  2306 002306 0016 000016 0016 000016 0016 000016 62728 062728 0000 000000 0000 000000
1520319162.833098:  2306 000500 0016 065036 0016 000500 0016 065036 62728 065036 0000 065455 0000 000069
1520319162.893878:  2306 002418 0016 002438 0016 003673 0016 000044 62728 002429 0000 003809 0000 000000
1520319162.893940:  2306 002418 0016 002438 0016 003673 0016 000044 62728 002429 0000 003809 0000 000000
1520319162.955940:  2306 000500 0016 065036 0016 000500 0016 065036 62728 065036 0000 065455 0000 000069
1520319163.016724:  2298 002298 0016 000016 0016 000016 0016 000016 62682 062682 0000 000000 0000 000000
1520319163.077440:  2298 000500 0016 065036 0016 000500 0016 065036 62682 065036 0000 065455 0000 000069
1520319163.138217:  2298 002418 0016 002438 0016 003673 0016 000044 62682 002429 0000 003809 0000 000000
1520319163.138262:  2298 002418 0016 002438 0016 003673 0016 000044 62682 002429 0000 003809 0000 000000
1520319163.200071:  2298 000500 0016 065036 0016 000500 0016 065036 62682 065036 0000 065455 0000 000069
1520319163.251994:  2290 002290 0016 000016 0016 000016 0016 000016 62635 062635 0000 000000 0000 000000
1520319163.312744:  2290 000500 0016 065036 0016 000500 0016 065036 62635 065036 0000 065455 0000 000069
1520319163.373422:  2290 002418 0016 002438 0016 003673 0016 000044 62635 002429 0000 003809 0000 000000
1520319163.373514:  2290 002418 0016 002438 0016 003673 0016 000044 62635 002429 0000 003809 0000 000000
1520319163.435111:  2290 000500 0016 065036 0016 000500 0016 065036 62635 065036 0000 065455 0000 000069
1520319163.495888:  2283 002283 0016 000016 0016 000016 0016 000016 62589 062589 0000 000000 0000 000000
1520319163.556686:  2283 000500 0016 065036 0016 000500 0016 065036 62589 065036 0000 065455 0000 000069
1520319163.617407:  2283 002418 0016 002438 0016 003673 0016 000044 62589 002429 0000 003809 0000 000000
1520319163.617489:  2283 002418 0016 002438 0016 003673 0016 000044 62589 002429 0000 003809 0000 000000
1520319163.679205:  2283 000500 0016 065036 0016 000500 0016 065036 62589 065036 0000 065455 0000 000069
1520319163.739822:  2276 002276 0016 000016 0016 000016 0016 000016 62544 062544 0000 000000 0000 000000
1520319163.792350:  2276 000500 0016 065036 0016 000500 0016 065036 62544 065036 0000 065455 0000 000069
1520319163.853148:  2276 002418 0016 002438 0016 003673 0016 000044 62544 002429 0000 003809 0000 000000
1520319163.853212:  2276 002418 0016 002438 0016 003673 0016 000044 62544 002429 0000 003809 0000 000000
1520319163.915103:  2276 000500 0016 065036 0016 000500 0016 065036 62544 065036 0000 065455 0000 000069
1520319163.975862:  2269 002269 0016 000016 0016 000016 0016 000016 62498 062498 0000 000000 0000 000000
1520319164.036608:  2269 000500 0016 065036 0016 000500 0016 065036 62498 065036 0000 065455 0000 000069
1520319164.097357:  2269 002418 0016 002438 0016 003673 0016 000044 62498 002429 0000 003809 0000 000000
1520319164.097407:  2269 002418 0016 002438 0016 003673 0016 000044 62498 002429 0000 003809 0000 000000
1520319164.159503:  2269 000500 0016 065036 0016 000500 0016 065036 62498 065036 0000 065455 0000 000069
1520319164.220234:  2262 002262 0016 000016 0016 000016 0016 000016 62453 062453 0000 000000 0000 000000
1520319164.272192:  2262 000500 0016 065036 0016 000500 0016 065036 62453 065036 0000 065455 0000 000069
1520319164.332902:  2262 002418 0016 002438 0016 003673 0016 000044 62453 002429 0000 003809 0000 000000
1520319164.332964:  2262 002418 0016 002438 0016 003673 0016 000044 62453 002429 0000 003809 0000 000000
1520319164.394886:  2262 000500 0016 065036 0016 000500 0016 065036 62453 065036 0000 065455 0000 000069
1520319164.455740:  2256 002256 0016 000016 0016 000016 0016 000016 62408 062408 0000 000000 0000 000000
1520319164.516549:  2256 000500 0016 065036 0016 000500 0016 065036 62408 065036 0000 065455 0000 000069
1520319164.577319:  2256 002418 0016 002438 0016 003673 0016 000044 62408 002429 0000 003809 0000 000000
1520319164.577388:  2256 002418 0016 002438 0016 003673 0016 000044 62408 002429 0000 003809 0000 000000
1520319164.639014:  2256 000500 0016 065036 0016 000500 0016 065036 62408 065036 0000 065455 0000 000069
1520319164.699839:  2250 002250 0016 000016 0016 000016 0016 000016 62363 062363 0000 000000 0000 000000
1520319164.751999:  2250 000500 0016 065036 0016 000500 0016 065036 62363 065036 0000 065455 0000 000069
1520319164.812727:  2250 002418 0016 002438 0016 003673 0016 000044 62363 002429 0000 003809 0000 000000
1520319164.812775:  2250 002418 0016 002438 0016 003673 0016 000044 62363 002429 0000 003809 0000 000000
1520319164.874263:  2250 000500 0016 065036 0016 000500 0016 065036 62363 065036 0000 065455 0000 000069
1520319164.935011:  2244 002244 0016 000016 0016 000016 0016 000016 62319 062319 0000 000000 0000 000000
1520319164.995733:  2244 000500 0016 065036 0016 000500 0016 065036 62319 065036 0000 065455 0000 000069
1520319165.056405:  2244 002418 0016 002438 0016 003673 0016 000044 62319 002429 0000 003809 0000 000000
1520319165.056472:  2244 002418 0016 002438 0016 003673 0016 000044 62319 002429 0000 003809 0000 000000
1520319165.118123:  2244 000500 0016 065036 0016 000500 0016 065036 62319 065036 0000 065455 0000 000069
1520319165.178924:  2239 002239 0016 000016 0016 000016 0016 000016 62275 062275 0000 000000 0000 000000
1520319165.239702:  2239 000500 0016 065036 0016 000500 0016 065036 62275 065036 0000 065455 0000 000069
1520319165.292395:  2239 002418 0016 002438 0016 003673 0016 000044 62275 002429 0000 003809 0000 000000
1520319165.292460:  2239 002418 0016 002438 0016 003673 0016 000044 62275 002429 0000 003809 0000 000000
1520319165.353980:  2239 000500 0016 065036 0016 000500 0016 065036 62275 065036 0000 065455 0000 000069
1520319165.414793:  2233 002233 0016 000016 0016 000016 0016 000016 62231 062231 0000 000000 0000 000000
1520319165.475519:  2233 000500 0016 065036 0016 000500 0016 065036 62231 065036 0000 065455 0000 000069
1520319165.536214:  2233 002418 0016 002438 0016 003673 0016 000044 62231 002429 0000 003809 0000 000000
1520319165.536261:  2233 002418 0016 002438 0016 003673 0016 000044 62231 002429 0000 003809 0000 000000
1520319165.597985:  2233 000500 0016 065036 0016 000500 0016 065036 62231 065036 0000 065455 0000 000069
1520319165.658770:  2228 002228 0016 000016 0016 000016 0016 000016 62188 062188 0000 000000 0000 000000
1520319165.719541:  2228 000500 0016 065036 0016 000500 0016 065036 62188 065036 0000 065455 0000 000069
1520319165.772207:  2228 002418 0016 002438 0016 003673 0016 000044 62188 002429 0000 003809 0000 000000
1520319165.772253:  2228 002418 0016 002438 0016 003673 0016 000044 62188 002429 0000 003809 0000 000000
1520319165.834137:  2228 000500 0016 065036 0016 000500 0016 065036 62188 065036 0000 065455 0000 000069
1520319165.894966:  2223 002223 0016 000016 0016 000016 0016 000016 62145 062145 0000 000000 0000 000000
1520319165.955731:  2223 000500 0016 065036 0016 000500 0016 065036 62145 065036 0000 065455 0000 000069
1520319166.016550:  2223 002418 0016 002438 0016 003673 0016 000044 62145 002429 0000 003809 0000 000000
1520319166.016599:  2223 002418 0016 002438 0016 003673 0016 000044 62145 002429 0000 003809 0000 000000
1520319166.078549:  2223 000500 0016 065036 0016 000500 0016 065036 62145 065036 0000 065455 0000 000069
1520319166.139290:  2219 002219 0016 000016 0016 000016 0016 000016 62103 062103 0000 000000 0000 000000
1520319166.200065:  2219 000500 0016 065036 0016 000500 0016 065036 62103 065036 0000 065455 0000 000069
1520319166.252036:  2219 002418 0016 002438 0016 003673 0016 000044 62103 002429 0000 003809 0000 000000
1520319166.252109:  2219 002418 0016 002438 0016 003673 0016 000044 62103 002429 0000 003809 0000 000000
