1517554642.320144:  0000 001318 0000 000256 0000 002911 0000 001961 0000 002890 0000 001593 0000 000000
1517554642.880890:  1317 001317 0255 000255 2910 002910 1961 001961 2890 002890 1593 001593 0000 000000
1517554642.941696:  1317 001318 0255 000256 2910 002913 1961 001962 2890 002889 1593 001592 0000 000000
1517554642.941751:  1317 001318 0255 000256 2910 002913 1961 001962 2890 002889 1593 001592 0000 000000
1517554643.003642:  1317 065048 0255 065535 2910 065036 1961 065036 2890 000490 1593 064736 0000 065518
1517554643.064384:  1317 001317 0255 000256 2910 002913 1961 001962 2890 002888 1593 001593 0000 000000
1517554643.064458:  1317 001317 0255 000256 2910 002913 1961 001962 2890 002888 1593 001593 0000 000000
1517554643.125975:  1357 001357 0251 000251 2919 002919 1943 001943 2909 002909 1586 001586 0000 000000
1517554643.186842:  1357 001318 0251 000256 2919 002913 1943 001961 2909 002888 1586 001592 0000 000000
1517554643.186923:  1357 001318 0251 000256 2919 002913 1943 001961 2909 002888 1586 001592 0000 000000
1517554643.248474:  1357 065096 0251 065535 2919 065046 1943 065036 2909 000480 1586 064736 0000 065518
1517554643.309338:  1357 001318 0251 000256 2919 002913 1943 001962 2909 002889 1586 001593 0000 000000
1517554643.309393:  1357 001318 0251 000256 2919 002913 1943 001962 2909 002889 1586 001593 0000 000000
1517554643.370745:  1398 001398 0247 000247 2927 002927 1925 001925 2929 002929 1580 001580 0000 000000
1517554643.431563:  1398 001318 0247 000256 2927 002913 1925 001962 2929 002889 1580 001593 0000 000000
1517554643.431633:  1398 001318 0247 000256 2927 002913 1925 001962 2929 002889 1580 001593 0000 000000
1517554643.493546:  1398 065156 0247 065523 2927 065046 1925 065036 2929 000450 1580 064736 0000 065518
1517554643.554364:  1398 001318 0247 000256 2927 002913 1925 001962 2929 002889 1580 001593 0000 000000
1517554643.554461:  1398 001318 0247 000256 2927 002913 1925 001962 2929 002889 1580 001593 0000 000000
1517554643.615928:  1439 001439 0244 000244 2934 002934 1907 001907 2950 002950 1574 001574 0000 000000
1517554643.676662:  1439 001318 0244 000256 2934 002913 1907 001962 2950 002889 1574 001593 0000 000000
1517554643.676730:  1439 001318 0244 000256 2934 002913 1907 001962 2950 002889 1574 001593 0000 000000
1517554643.738824:  1439 065204 0244 065523 2934 065056 1907 065036 2950 000430 1574 064736 0000 065518
1517554643.799581:  1439 001318 0244 000256 2934 002913 1907 001962 2950 002889 1574 001593 0000 000000
1517554643.799652:  1439 001318 0244 000256 2934 002913 1907 001962 2950 002889 1574 001593 0000 000000
1517554643.860530:  1481 001481 0240 000240 2941 002941 1889 001889 2970 002970 1568 001568 0000 000000
1517554643.921328:  1481 001318 0240 000256 2941 002913 1889 001962 2970 002889 1568 001592 0000 000000
1517554643.921430:  1481 001318 0240 000256 2941 002913 1889 001962 2970 002889 1568 001592 0000 000000
1517554643.983156:  1481 065252 0240 065523 2941 065066 1889 065036 2970 000410 1568 064736 0000 065518
1517554644.044005:  1481 001318 0240 000256 2941 002913 1889 001962 2970 002889 1568 001593 0000 000000
1517554644.044042:  1481 001318 0240 000256 2941 002913 1889 001962 2970 002889 1568 001593 0000 000000
1517554644.105749:  1524 001524 0237 000237 2947 002947 1871 001871 2992 002992 1562 001562 0000 000000
1517554644.166425:  1524 001319 0237 000256 2947 002913 1871 001962 2992 002889 1562 001592 0000 000000
1517554644.166494:  1524 001319 0237 000256 2947 002913 1871 001962 2992 002889 1562 001592 0000 000000
1517554644.227973:  1524 065300 0237 065511 2947 065066 1871 065036 2992 000390 1562 064736 0000 065518
1517554644.288739:  1524 001318 0237 000256 2947 002913 1871 001962 2992 002889 1562 001593 0000 000000
1517554644.288819:  1524 001318 0237 000256 2947 002913 1871 001962 2992 002889 1562 001593 0000 000000
1517554644.340378:  1568 001568 0235 000235 2952 002952 1853 001853 3013 003013 1557 001557 0000 000000
1517554644.401221:  1568 001318 0235 000256 2952 002912 1853 001962 3013 002889 1557 001593 0000 000000
1517554644.401289:  1568 001318 0235 000256 2952 002912 1853 001962 3013 002889 1557 001593 0000 000000
1517554644.463334:  1568 065360 0235 065511 2952 065076 1853 065036 3013 000370 1557 064736 0000 065518
1517554644.524178:  1568 001318 0235 000256 2952 002913 1853 001962 3013 002888 1557 001593 0000 000000
1517554644.524250:  1568 001318 0235 000256 2952 002913 1853 001962 3013 002888 1557 001593 0000 000000
1517554644.586234:  1612 001612 0232 000232 2957 002957 1835 001835 3035 003035 1552 001552 0000 000000
1517554644.647053:  1612 001318 0232 000256 2957 002913 1835 001962 3035 002889 1552 001593 0000 000000
1517554644.647108:  1612 001318 0232 000256 2957 002913 1835 001962 3035 002889 1552 001593 0000 000000
1517554644.708989:  1612 065408 0232 065511 2957 065076 1835 065036 3035 000350 1552 064736 0000 065518
1517554644.769872:  1612 001318 0232 000256 2957 002913 1835 001962 3035 002880 1552 001593 0000 000000
1517554644.769948:  1612 001318 0232 000256 2957 002913 1835 001962 3035 002880 1552 001593 0000 000000
1517554644.830253:  1657 001657 0230 000230 2962 002962 1817 001817 3057 003057 1546 001546 0000 000000
1517554644.891031:  1657 001318 0230 000256 2962 002913 1817 001962 3057 002889 1546 001593 0000 000000
1517554644.891101:  1657 001318 0230 000256 2962 002913 1817 001962 3057 002889 1546 001593 0000 000000
1517554644.952995:  1657 065468 0230 065511 2962 065086 1817 065036 3057 000320 1546 064736 0000 065518
1517554645.013765:  1657 001318 0230 000256 2962 002913 1817 001962 3057 002888 1546 001593 0000 000000
1517554645.013853:  1657 001318 0230 000256 2962 002913 1817 001962 3057 002888 1546 001593 0000 000000
1517554645.075626:  1702 001702 0228 000228 2965 002965 1800 001800 3080 003080 1541 001541 0000 000000
1517554645.136468:  1702 001318 0228 000256 2965 002913 1800 001962 3080 002889 1541 001593 0000 000000
1517554645.136534:  1702 001318 0228 000256 2965 002913 1800 001962 3080 002889 1541 001593 0000 000000
1517554645.198354:  1702 065516 0228 065511 2965 065086 1800 065036 3080 000300 1541 064736 0000 065518
1517554645.259131:  1702 001318 0228 000256 2965 002913 1800 001962 3080 002888 1541 001593 0000 000000
1517554645.259247:  1702 001318 0228 000256 2965 002913 1800 001962 3080 002888 1541 001593 0000 000000
1517554645.320176:  1748 001748 0227 000227 2968 002968 1782 001782 3103 003103 1537 001537 0000 000000
1517554645.381067:  1748 001318 0227 000256 2968 002913 1782 001962 3103 002889 1537 001592 0000 000000
1517554645.381136:  1748 001318 0227 000256 2968 002913 1782 001962 3103 002889 1537 001592 0000 000000
1517554645.442902:  1748 000040 0227 065499 2968 065086 1782 065036 3103 000280 1537 064736 0000 065518
1517554645.503753:  1748 001318 0227 000256 2968 002913 1782 001962 3103 002889 1537 001593 0000 000000
1517554645.503807:  1748 001318 0227 000256 2968 002913 1782 001962 3103 002889 1537 001593 0000 000000
1517554645.565297:  1795 001795 0225 000225 2971 002971 1765 001765 3126 003126 1532 001532 0000 000000
1517554645.626126:  1795 001318 0225 000256 2971 002913 1765 001962 3126 002889 1532 001592 0000 000000
1517554645.626195:  1795 001318 0225 000256 2971 002913 1765 001962 3126 002889 1532 001592 0000 000000
1517554645.687728:  1795 000100 0225 065499 2971 065086 1765 065036 3126 000260 1532 064736 0000 065518
1517554645.748552:  1795 001318 0225 000256 2971 002913 1765 001962 3126 002889 1532 001593 0000 000000
1517554645.748654:  1795 001318 0225 000256 2971 002913 1765 001962 3126 002889 1532 001593 0000 000000
1517554645.810226:  1842 001842 0225 000225 2972 002972 1747 001747 3149 003149 1528 001528 0000 000000
1517554645.870752:  1842 001318 0225 000256 2972 002912 1747 001962 3149 002888 1528 001593 0000 000000
1517554645.870819:  1842 001318 0225 000256 2972 002912 1747 001962 3149 002888 1528 001593 0000 000000
1517554645.932563:  1842 000148 0225 065499 2972 065096 1747 065036 3149 000230 1528 064736 0000 065518
1517554645.993222:  1842 001318 0225 000256 2972 002913 1747 001962 3149 002889 1528 001592 0000 000000
1517554645.993276:  1842 001318 0225 000256 2972 002913 1747 001962 3149 002889 1528 001592 0000 000000
1517554646.054968:  1889 001889 0224 000224 2974 002974 1730 001730 3172 003172 1523 001523 0000 000000
1517554646.115618:  1889 001318 0224 000256 2974 002913 1730 001962 3172 002888 1523 001593 0000 000000
1517554646.115693:  1889 001318 0224 000256 2974 002913 1730 001962 3172 002888 1523 001593 0000 000000
1517554646.177314:  1889 000208 0224 065499 2974 065096 1730 065036 3172 000210 1523 064736 0000 065518
1517554646.238120:  1889 001318 0224 000256 2974 002913 1730 001962 3172 002889 1523 001593 0000 000000
1517554646.238209:  1889 001318 0224 000256 2974 002913 1730 001962 3172 002889 1523 001593 0000 000000
1517554646.299831:  1936 001936 0224 000224 2974 002974 1713 001713 3196 003196 1519 001519 0000 000000
1517554646.360558:  1936 001318 0224 000256 2974 002913 1713 001964 3196 002889 1519 001593 0000 000000
1517554646.360635:  1936 001318 0224 000256 2974 002913 1713 001964 3196 002889 1519 001593 0000 000000
1517554646.422505:  1936 000268 0224 065499 2974 065096 1713 065036 3196 000190 1519 064736 0000 065518
1517554646.483274:  1936 001318 0224 000256 2974 002913 1713 001961 3196 002889 1519 001593 0000 000000
1517554646.483336:  1936 001318 0224 000256 2974 002913 1713 001961 3196 002889 1519 001593 0000 000000
1517554646.544944:  1984 001984 0224 000224 2974 002974 1696 001696 3219 003219 1516 001516 0000 000000
1517554646.605802:  1984 001318 0224 000256 2974 002913 1696 001963 3219 002888 1516 001593 0000 000000
1517554646.605875:  1984 001318 0224 000256 2974 002913 1696 001963 3219 002888 1516 001593 0000 000000
1517554646.667630:  1984 000328 0224 065499 2974 065096 1696 065036 3219 000160 1516 064736 0000 065518
1517554646.728426:  1984 001318 0224 000256 2974 002912 1696 001962 3219 002889 1516 001593 0000 000000
1517554646.728483:  1984 001318 0224 000256 2974 002912 1696 001962 3219 002889 1516 001593 0000 000000
1517554646.790107:  2032 002032 0224 000224 2974 002974 1680 001680 3243 003243 1512 001512 0000 000000
1517554646.850420:  2032 001318 0224 000256 2974 002913 1680 001962 3243 002888 1512 001592 0000 000000
1517554646.850481:  2032 001318 0224 000256 2974 002913 1680 001962 3243 002888 1512 001592 0000 000000
1517554646.912482:  2032 000376 0224 065499 2974 065096 1680 065036 3243 000140 1512 064736 0000 065518
1517554646.973346:  2032 001318 0224 000256 2974 002913 1680 001962 3243 002888 1512 001593 0000 000000
1517554646.973431:  2032 001318 0224 000256 2974 002913 1680 001962 3243 002888 1512 001593 0000 000000
1517554647.034965:  2080 002080 0225 000225 2972 002972 1663 001663 3266 003266 1509 001509 0000 000000
1517554647.095681:  2080 001318 0225 000256 2972 002913 1663 001962 3266 002889 1509 001593 0000 000000
1517554647.095758:  2080 001318 0225 000256 2972 002913 1663 001962 3266 002889 1509 001593 0000 000000
1517554647.157607:  2080 000436 0225 065499 2972 065096 1663 065036 3266 000110 1509 064736 0000 065518
1517554647.218303:  2080 001318 0225 000256 2972 002913 1663 001962 3266 002888 1509 001593 0000 000000
1517554647.218379:  2080 001318 0225 000256 2972 002913 1663 001962 3266 002888 1509 001593 0000 000000
1517554647.279968:  2127 002127 0226 000226 2970 002970 1647 001647 3290 003290 1506 001506 0000 000000
1517554647.340399:  2127 001319 0226 000256 2970 002913 1647 001962 3290 002888 1506 001593 0000 000000
1517554647.340468:  2127 001319 0226 000256 2970 002913 1647 001962 3290 002888 1506 001593 0000 000000
1517554647.402167:  2127 000496 0226 065499 2970 065086 1647 065036 3290 000090 1506 064736 0000 065518
1517554647.462988:  2127 001318 0226 000256 2970 002912 1647 001961 3290 002889 1506 001594 0000 000000
1517554647.463049:  2127 001318 0226 000256 2970 002912 1647 001961 3290 002889 1506 001594 0000 000000
1517554647.525014:  2175 002175 0227 000227 2968 002968 1631 001631 3313 003313 1503 001503 0000 000000
1517554647.585887:  2175 001318 0227 000256 2968 002912 1631 001960 3313 002888 1503 001595 0000 000000
1517554647.585974:  2175 001318 0227 000256 2968 002912 1631 001960 3313 002888 1503 001595 0000 000000
1517554647.648011:  2175 000500 0227 065499 2968 065086 1631 065036 3313 000070 1503 064736 0000 065518
1517554647.708826:  2175 001318 0227 000256 2968 002914 1631 001961 3313 002888 1503 001594 0000 000000
1517554647.708883:  2175 001318 0227 000256 2968 002914 1631 001961 3313 002888 1503 001594 0000 000000
1517554647.770426:  2223 002223 0228 000228 2965 002965 1615 001615 3337 003337 1500 001500 0000 000000
1517554647.830255:  2223 001318 0228 000256 2965 002913 1615 001962 3337 002880 1500 001593 0000 000000
1517554647.830314:  2223 001318 0228 000256 2965 002913 1615 001962 3337 002880 1500 001593 0000 000000
1517554647.891819:  2223 000500 0228 065511 2965 065086 1615 065036 3337 000050 1500 064736 0000 065518
1517554647.952536:  2223 001318 0228 000256 2965 002913 1615 001961 3337 002889 1500 001593 0000 000000
1517554647.952594:  2223 001318 0228 000256 2965 002913 1615 001961 3337 002889 1500 001593 0000 000000
1517554648.014280:  2270 002270 0230 000230 2961 002961 1599 001599 3360 003360 1497 001497 0000 000000
1517554648.075004:  2270 001318 0230 000256 2961 002913 1599 001962 3360 002889 1497 001592 0000 000000
1517554648.075079:  2270 001318 0230 000256 2961 002913 1599 001962 3360 002889 1497 001592 0000 000000
1517554648.136716:  2270 000500 0230 065511 2961 065076 1599 065036 3360 000020 1497 064736 0000 065518
1517554648.197431:  2270 001318 0230 000256 2961 002913 1599 001961 3360 002888 1497 001593 0000 000000
1517554648.197487:  2270 001318 0230 000256 2961 002913 1599 001961 3360 002888 1497 001593 0000 000000
1517554648.259387:  2317 002317 0232 000232 2957 002957 1584 001584 3383 003383 1495 001495 0000 000000
1517554648.320180:  2317 001284 0232 000257 2957 002912 1584 001961 3383 002889 1495 001593 0000 000000
1517554648.320293:  2317 001284 0232 000257 2957 002912 1584 001961 3383 002889 1495 001593 0000 000000
1517554648.381878:  2317 000500 0232 065511 2957 065076 1584 065036 3383 000000 1495 064736 0000 065518
1517554648.442694:  2317 001319 0232 000257 2957 002912 1584 001963 3383 002889 1495 001592 0000 000000
1517554648.442799:  2317 001319 0232 000257 2957 002912 1584 001963 3383 002889 1495 001592 0000 000000
1517554648.504325:  2364 002364 0235 000235 2952 002952 1569 001569 3405 003405 1493 001493 0000 000000
1517554648.565131:  2364 001318 0235 000256 2952 002913 1569 001962 3405 002889 1493 001593 0000 000000
1517554648.565229:  2364 001318 0235 000256 2952 002913 1569 001962 3405 002889 1493 001593 0000 000000
1517554648.627039:  2364 000500 0235 065511 2952 065066 1569 065036 3405 065516 1493 064736 0000 065518
1517554648.687723:  2364 001318 0235 000256 2952 002913 1569 001962 3405 002888 1493 001593 0000 000000
1517554648.687825:  2364 001318 0235 000256 2952 002913 1569 001962 3405 002888 1493 001593 0000 000000
1517554648.749443:  2410 002410 0238 000238 2947 002947 1554 001554 3428 003428 1491 001491 0000 000000
1517554648.810242:  2410 001319 0238 000256 2947 002914 1554 001962 3428 002887 1491 001592 0000 000000
1517554648.810302:  2410 001319 0238 000256 2947 002914 1554 001962 3428 002887 1491 001592 0000 000000
1517554648.870718:  2410 000500 0238 065523 2947 065066 1554 065036 3428 065486 1491 064736 0000 065518
1517554648.931542:  2410 001318 0238 000256 2947 002913 1554 001962 3428 002888 1491 001593 0000 000000
1517554648.931617:  2410 001318 0238 000256 2947 002913 1554 001962 3428 002888 1491 001593 0000 000000
