1517297598.634142:  0000 000107 0000 000092 0000 000089 0000 000080 0000 000086 0000 000092 0000 000000
1517297599.194964:  0224 000224 0176 000176 0336 000336 1408 001408 0496 000496 0000 000000 0000 000000
1517297599.255766:  0224 000107 0176 000093 0336 000089 1408 000080 0496 000086 0000 000092 0000 000000
1517297599.255826:  0224 000107 0176 000093 0336 000089 1408 000080 0496 000086 0000 000092 0000 000000
1517297599.317465:  0224 000092 0176 000167 0336 000107 1408 000500 0496 065036 0000 065455 0000 065518
1517297599.378234:  0224 000107 0176 000093 0336 000089 1408 000080 0496 000086 0000 000092 0000 000000
1517297599.378296:  0224 000107 0176 000093 0336 000089 1408 000080 0496 000086 0000 000092 0000 000000
1517297599.439588:  0224 000224 0176 000176 0336 000336 1408 001408 0496 000496 0000 000000 0000 000000
1517297599.500361:  0224 000108 0176 000092 0336 000089 1408 000080 0496 000086 0000 000092 0000 000000
1517297599.500420:  0224 000108 0176 000092 0336 000089 1408 000080 0496 000086 0000 000092 0000 000000
1517297599.561854:  0224 000092 0176 000167 0336 000107 1408 000500 0496 065036 0000 065455 0000 065518
1517297599.622656:  0224 000107 0176 000093 0336 000089 1408 000080 0496 000086 0000 000092 0000 000000
1517297599.622734:  0224 000107 0176 000093 0336 000089 1408 000080 0496 000086 0000 000092 0000 000000
1517297599.674489:  0224 000224 0176 000176 0336 000336 1408 001408 0496 000496 0000 000000 0000 000000
1517297599.735264:  0224 000107 0176 000092 0336 000089 1408 000080 0496 000086 0000 000092 0000 000000
1517297599.735340:  0224 000107 0176 000092 0336 000089 1408 000080 0496 000086 0000 000092 0000 000000
1517297599.796607:  0224 000092 0176 000167 0336 000107 1408 000500 0496 065036 0000 065455 0000 065518
1517297599.857302:  0224 000107 0176 000093 0336 000089 1408 000080 0496 000086 0000 000092 0000 000000
1517297599.857378:  0224 000107 0176 000093 0336 000089 1408 000080 0496 000086 0000 000092 0000 000000
1517297599.918928:  0224 000224 0176 000176 0336 000336 1408 001408 0496 000496 0000 000000 0000 000000
1517297599.979651:  0224 000107 0176 000092 0336 000089 1408 000080 0496 000086 0000 000092 0000 000000
1517297599.979704:  0224 000107 0176 000092 0336 000089 1408 000080 0496 000086 0000 000092 0000 000000
1517297600.041304:  0224 000092 0176 000167 0336 000107 1408 000500 0496 065036 0000 065455 0000 065518
1517297600.102050:  0224 000107 0176 000093 0336 000089 1408 000080 0496 000086 0000 000092 0000 000000
1517297600.102152:  0224 000107 0176 000093 0336 000089 1408 000080 0496 000086 0000 000092 0000 000000
1517297600.154326:  0224 000224 0176 000176 0336 000336 1408 001408 0496 000496 0000 000000 0000 000000
1517297600.215033:  0224 000107 0176 000092 0336 000089 1408 000080 0496 000086 0000 000092 0000 000000
1517297600.215107:  0224 000107 0176 000092 0336 000089 1408 000080 0496 000086 0000 000092 0000 000000
1517297600.276652:  0224 000092 0176 000167 0336 000107 1408 000500 0496 065036 0000 065455 0000 065518
1517297600.337445:  0224 000107 0176 000093 0336 000089 1408 000080 0496 000086 0000 000092 0000 000000
1517297600.337557:  0224 000107 0176 000093 0336 000089 1408 000080 0496 000086 0000 000092 0000 000000
1517297600.398949:  0224 000224 0176 000176 0336 000336 1408 001408 0496 000496 0000 000000 0000 000000
1517297600.459748:  0224 000107 0176 000093 0336 000089 1408 000080 0496 000086 0000 000092 0000 000000
1517297600.459876:  0224 000107 0176 000093 0336 000089 1408 000080 0496 000086 0000 000092 0000 000000
1517297600.521165:  0224 000092 0176 000167 0336 000107 1408 000500 0496 065036 0000 065455 0000 065518
1517297600.581891:  0224 000107 0176 000092 0336 000090 1408 000080 0496 000086 0000 000092 0000 000000
1517297600.581947:  0224 000107 0176 000092 0336 000090 1408 000080 0496 000086 0000 000092 0000 000000
1517297600.634147:  0224 000224 0176 000176 0336 000336 1408 001408 0496 000496 0000 000000 0000 000000
1517297600.694904:  0224 000107 0176 000092 0336 000089 1408 000080 0496 000086 0000 000092 0000 000000
1517297600.694960:  0224 000107 0176 000092 0336 000089 1408 000080 0496 000086 0000 000092 0000 000000
1517297600.756521:  0224 000092 0176 000155 0336 000107 1408 000500 0496 065036 0000 065455 0000 065518
1517297600.817266:  0224 000107 0176 000092 0336 000089 1408 000080 0496 000086 0000 000092 0000 000000
1517297600.817353:  0224 000107 0176 000092 0336 000089 1408 000080 0496 000086 0000 000092 0000 000000
1517297600.878929:  0224 000224 0176 000176 0336 000336 1408 001408 0496 000496 0000 000000 0000 000000
1517297600.939687:  0224 000107 0176 000093 0336 000089 1408 000080 0496 000087 0000 000092 0000 000000
1517297600.939759:  0224 000107 0176 000093 0336 000089 1408 000080 0496 000087 0000 000092 0000 000000
1517297601.001342:  0224 000092 0176 000167 0336 000107 1408 000500 0496 065036 0000 065455 0000 065518
1517297601.062129:  0224 000107 0176 000093 0336 000089 1408 000080 0496 000087 0000 000092 0000 000000
1517297601.062186:  0224 000107 0176 000093 0336 000089 1408 000080 0496 000087 0000 000092 0000 000000
1517297601.123934:  0224 000224 0176 000176 0336 000336 1408 001408 0496 000496 0000 000000 0000 000000
1517297601.184624:  0224 000108 0176 000093 0336 000089 1408 000080 0496 000086 0000 000092 0000 000000
1517297601.184716:  0224 000108 0176 000093 0336 000089 1408 000080 0496 000086 0000 000092 0000 000000
1517297601.246263:  0224 000092 0176 000167 0336 000107 1408 000500 0496 065036 0000 065455 0000 065518
1517297601.306952:  0224 000108 0176 000093 0336 000089 1408 000080 0496 000087 0000 000092 0000 000000
1517297601.307039:  0224 000108 0176 000093 0336 000089 1408 000080 0496 000087 0000 000092 0000 000000
1517297601.368784:  0224 000224 0176 000176 0336 000336 1408 001408 0496 000496 0000 000000 0000 000000
1517297601.429390:  0224 000108 0176 000093 0336 000089 1408 000080 0496 000086 0000 000092 0000 000000
1517297601.429447:  0224 000108 0176 000093 0336 000089 1408 000080 0496 000086 0000 000092 0000 000000
1517297601.490986:  0224 000092 0176 000167 0336 000107 1408 000500 0496 065036 0000 065455 0000 065518
1517297601.551718:  0224 000107 0176 000092 0336 000089 1408 000080 0496 000086 0000 000092 0000 000000
1517297601.551774:  0224 000107 0176 000092 0336 000089 1408 000080 0496 000086 0000 000092 0000 000000
1517297601.613124:  0224 000224 0176 000176 0336 000336 1408 001408 0496 000496 0000 000000 0000 000000
1517297601.664427:  0224 000107 0176 000092 0336 000089 1408 000080 0496 000086 0000 000092 0000 000000
1517297601.664484:  0224 000107 0176 000092 0336 000089 1408 000080 0496 000086 0000 000092 0000 000000
1517297601.725874:  0224 000092 0176 000167 0336 000107 1408 000500 0496 065036 0000 065455 0000 065518
1517297601.786589:  0224 000108 0176 000093 0336 000089 1408 000080 0496 000086 0000 000092 0000 000000
1517297601.786626:  0224 000108 0176 000093 0336 000089 1408 000080 0496 000086 0000 000092 0000 000000
1517297601.847922:  0224 000224 0176 000176 0336 000336 1408 001408 0496 000496 0000 000000 0000 000000
1517297601.908859:  0224 000107 0176 000093 0336 000089 1408 000080 0496 000086 0000 000092 0000 000000
1517297601.908909:  0224 000107 0176 000093 0336 000089 1408 000080 0496 000086 0000 000092 0000 000000
1517297601.970269:  0224 000092 0176 000167 0336 000107 1408 000500 0496 065036 0000 065455 0000 065518
1517297602.031054:  0224 000107 0176 000093 0336 000089 1408 000080 0496 000086 0000 000092 0000 000000
1517297602.031164:  0224 000107 0176 000093 0336 000089 1408 000080 0496 000086 0000 000092 0000 000000
1517297602.092608:  0224 000224 0176 000176 0336 000336 1408 001408 0496 000496 0000 000000 0000 000000
1517297602.144243:  0224 000107 0176 000092 0336 000089 1408 000080 0496 000086 0000 000092 0000 000000
1517297602.144322:  0224 000107 0176 000092 0336 000089 1408 000080 0496 000086 0000 000092 0000 000000
1517297602.205651:  0224 000092 0176 000167 0336 000107 1408 000500 0496 065036 0000 065455 0000 065518
1517297602.266453:  0224 000108 0176 000093 0336 000089 1408 000080 0496 000086 0000 000092 0000 000000
1517297602.266549:  0224 000108 0176 000093 0336 000089 1408 000080 0496 000086 0000 000092 0000 000000
1517297602.327966:  0224 000224 0176 000176 0336 000336 1408 001408 0496 000496 0000 000000 0000 000000
1517297602.388744:  0224 000108 0176 000093 0336 000089 1408 000080 0496 000086 0000 000092 0000 000000
1517297602.388819:  0224 000108 0176 000093 0336 000089 1408 000080 0496 000086 0000 000092 0000 000000
1517297602.450464:  0224 000092 0176 000167 0336 000107 1408 000500 0496 065036 0000 065455 0000 065518
1517297602.511228:  0224 000107 0176 000092 0336 000089 1408 000080 0496 000086 0000 000092 0000 000000
1517297602.511313:  0224 000107 0176 000092 0336 000089 1408 000080 0496 000086 0000 000092 0000 000000
1517297602.572630:  0224 000224 0176 000176 0336 000336 1408 001408 0496 000496 0000 000000 0000 000000
1517297602.633431:  0224 000107 0176 000093 0336 000089 1408 000080 0496 000086 0000 000092 0000 000000
1517297602.633538:  0224 000107 0176 000093 0336 000089 1408 000080 0496 000086 0000 000092 0000 000000
1517297602.694818:  0224 000092 0176 000167 0336 000107 1408 000500 0496 065036 0000 065455 0000 065518
1517297602.755579:  0224 000107 0176 000093 0336 000089 1408 000080 0496 000086 0000 000092 0000 000000
1517297602.755650:  0224 000107 0176 000093 0336 000089 1408 000080 0496 000086 0000 000092 0000 000000
1517297602.817242:  0224 000224 0176 000176 0336 000336 1408 001408 0496 000496 0000 000000 0000 000000
1517297602.877910:  0224 000108 0176 000093 0336 000089 1408 000080 0496 000086 0000 000092 0000 000000
1517297602.877962:  0224 000108 0176 000093 0336 000089 1408 000080 0496 000086 0000 000092 0000 000000
1517297602.939413:  0224 000092 0176 000167 0336 000107 1408 000500 0496 065036 0000 065455 0000 065518
1517297603.000207:  0224 000108 0176 000093 0336 000089 1408 000080 0496 000087 0000 000092 0000 000000
1517297603.000326:  0224 000108 0176 000093 0336 000089 1408 000080 0496 000087 0000 000092 0000 000000
1517297603.061912:  0224 000224 0176 000176 0336 000336 1408 001408 0496 000496 0000 000000 0000 000000
1517297603.122614:  0224 000108 0176 000093 0336 000089 1408 000080 0496 000087 0000 000092 0000 000000
1517297603.122703:  0224 000108 0176 000093 0336 000089 1408 000080 0496 000087 0000 000092 0000 000000
1517297603.174462:  0224 000092 0176 000167 0336 000107 1408 000500 0496 065036 0000 065455 0000 065518
1517297603.235165:  0224 000107 0176 000093 0336 000089 1408 000080 0496 000086 0000 000092 0000 000000
1517297603.235253:  0224 000107 0176 000093 0336 000089 1408 000080 0496 000086 0000 000092 0000 000000
1517297603.296637:  0224 000224 0176 000176 0336 000336 1408 001408 0496 000496 0000 000000 0000 000000
1517297603.357455:  0224 000107 0176 000093 0336 000089 1408 000080 0496 000086 0000 000092 0000 000000
1517297603.357528:  0224 000107 0176 000093 0336 000089 1408 000080 0496 000086 0000 000092 0000 000000
1517297603.418921:  0224 000092 0176 000167 0336 000107 1408 000500 0496 065036 0000 065455 0000 065518
1517297603.479750:  0224 000107 0176 000093 0336 000089 1408 000080 0496 000087 0000 000092 0000 000000
1517297603.479818:  0224 000107 0176 000093 0336 000089 1408 000080 0496 000087 0000 000092 0000 000000
1517297603.541300:  0224 000224 0176 000176 0336 000336 1408 001408 0496 000496 0000 000000 0000 000000
1517297603.601996:  0224 000108 0176 000093 0336 000089 1408 000080 0496 000087 0000 000092 0000 000000
1517297603.602087:  0224 000108 0176 000093 0336 000089 1408 000080 0496 000087 0000 000092 0000 000000
1517297603.654307:  0224 000092 0176 000167 0336 000107 1408 000500 0496 065036 0000 065455 0000 065518
1517297603.715043:  0224 000107 0176 000092 0336 000089 1408 000080 0496 000086 0000 000092 0000 000000
1517297603.715159:  0224 000107 0176 000092 0336 000089 1408 000080 0496 000086 0000 000092 0000 000000
1517297603.776470:  0224 000224 0176 000176 0336 000336 1408 001408 0496 000496 0000 000000 0000 000000
1517297603.837301:  0224 000107 0176 000093 0336 000089 1408 000080 0496 000086 0000 000092 0000 000000
1517297603.837419:  0224 000107 0176 000093 0336 000089 1408 000080 0496 000086 0000 000092 0000 000000
1517297603.898897:  0224 000092 0176 000167 0336 000107 1408 000500 0496 065036 0000 065455 0000 065518
1517297603.959743:  0224 000108 0176 000093 0336 000089 1408 000080 0496 000086 0000 000096 0000 000000
1517297603.959866:  0224 000108 0176 000093 0336 000089 1408 000080 0496 000086 0000 000096 0000 000000
1517297604.021356:  0224 000224 0176 000176 0336 000336 1408 001408 0496 000496 0000 000000 0000 000000
1517297604.082126:  0224 000108 0176 000093 0336 000089 1408 000080 0496 000087 0000 000092 0000 000000
1517297604.082202:  0224 000108 0176 000093 0336 000089 1408 000080 0496 000087 0000 000092 0000 000000
1517297604.134147:  0224 000092 0176 000167 0336 000107 1408 000500 0496 065036 0000 065455 0000 065518
1517297604.194941:  0224 000107 0176 000092 0336 000089 1408 000080 0496 000086 0000 000092 0000 000000
1517297604.195039:  0224 000107 0176 000092 0336 000089 1408 000080 0496 000086 0000 000092 0000 000000
1517297604.256527:  0224 000224 0176 000176 0336 000336 1408 001408 0496 000496 0000 000000 0000 000000
1517297604.317379:  0224 000107 0176 000093 0336 000089 1408 000080 0496 000086 0000 000092 0000 000000
1517297604.317435:  0224 000107 0176 000093 0336 000089 1408 000080 0496 000086 0000 000092 0000 000000
1517297604.378828:  0224 000092 0176 000167 0336 000107 1408 000500 0496 065036 0000 065455 0000 065518
1517297604.439596:  0224 000108 0176 000093 0336 000089 1408 000080 0496 000086 0000 000092 0000 000000
1517297604.439651:  0224 000108 0176 000093 0336 000089 1408 000080 0496 000086 0000 000092 0000 000000
1517297604.501125:  0224 000224 0176 000176 0336 000336 1408 001408 0496 000496 0000 000000 0000 000000
1517297604.561890:  0224 000107 0176 000093 0336 000089 1408 000080 0496 000086 0000 000092 0000 000000
1517297604.561966:  0224 000107 0176 000093 0336 000089 1408 000080 0496 000086 0000 000092 0000 000000
1517297604.623540:  0224 000092 0176 000167 0336 000107 1408 000500 0496 065036 0000 065455 0000 065518
1517297604.674526:  0224 000108 0176 000092 0336 000089 1408 000080 0496 000086 0000 000092 0000 000000
1517297604.674586:  0224 000108 0176 000092 0336 000089 1408 000080 0496 000086 0000 000092 0000 000000
1517297604.736167:  0224 000224 0176 000176 0336 000336 1408 001408 0496 000496 0000 000000 0000 000000
1517297604.796948:  0224 000108 0176 000093 0336 000089 1408 000080 0496 000086 0000 000092 0000 000000
1517297604.797024:  0224 000108 0176 000093 0336 000089 1408 000080 0496 000086 0000 000092 0000 000000
1517297604.858638:  0224 000092 0176 000167 0336 000107 1408 000500 0496 065036 0000 065455 0000 065518
1517297604.919445:  0224 000108 0176 000093 0336 000089 1408 000080 0496 000086 0000 000092 0000 000000
1517297604.919551:  0224 000108 0176 000093 0336 000089 1408 000080 0496 000086 0000 000092 0000 000000
1517297604.981080:  0224 000224 0176 000176 0336 000336 1408 001408 0496 000496 0000 000000 0000 000000
1517297605.041859:  0224 000108 0176 000093 0336 000089 1408 000080 0496 000086 0000 000092 0000 000000
1517297605.041933:  0224 000108 0176 000093 0336 000089 1408 000080 0496 000086 0000 000092 0000 000000
1517297605.103721:  0224 000092 0176 000167 0336 000107 1408 000500 0496 065036 0000 065455 0000 065518
1517297605.164437:  0224 000108 0176 000093 0336 000089 1408 000080 0496 000086 0000 000092 0000 000000
1517297605.164542:  0224 000108 0176 000093 0336 000089 1408 000080 0496 000086 0000 000092 0000 000000
