1517294142.766513:  0000 001758 0000 000274 0000 003282 0000 002461 0000 003602 0000 001940 0000 000000
1517294143.327157:  0000 065460 0000 065535 0000 065403 0000 065446 0000 065376 0000 064815 0000 065518
1517294143.387916:  0000 001757 0000 000267 0000 003276 0000 002462 0000 003611 0000 001946 0000 000000
1517294143.387981:  0000 001757 0000 000267 0000 003276 0000 002462 0000 003611 0000 001946 0000 000000
1517294143.449625:  1761 001761 0285 000285 3259 003259 2459 002459 3598 003598 1939 001939 0000 000000
1517294143.510340:  1761 001752 0285 000268 3259 003237 2459 002462 3598 003646 1939 001948 0000 000000
1517294143.510437:  1761 001752 0285 000268 3259 003237 2459 002462 3598 003646 1939 001948 0000 000000
1517294143.572080:  1761 065472 0285 000023 3259 065413 2459 065446 3598 065436 1939 064805 0000 065518
1517294143.632907:  1761 001748 0285 000272 3259 003197 2459 002462 3598 003680 1939 001957 0000 000000
1517294143.632983:  1761 001748 0285 000272 3259 003197 2459 002462 3598 003680 1939 001957 0000 000000
1517294143.694669:  1769 001769 0308 000308 3212 003212 2455 002455 3590 003590 1936 001936 0000 000000
1517294143.755414:  1769 001743 0308 000276 3212 003159 2455 002462 3590 003710 1936 001972 0000 000000
1517294143.755472:  1769 001743 0308 000276 3212 003159 2455 002462 3590 003710 1936 001972 0000 000000
1517294143.817066:  1769 065484 0308 000047 3212 065443 2455 065446 3590 065506 1936 064775 0000 065518
1517294143.877805:  1769 001741 0308 000281 3212 003126 2455 002461 3590 003734 1936 001982 0000 000000
1517294143.877883:  1769 001741 0308 000281 3212 003126 2455 002461 3590 003734 1936 001982 0000 000000
1517294143.939498:  1776 001776 0331 000331 3164 003164 2452 002452 3580 003580 1934 001934 0000 000000
1517294144.000301:  1776 001741 0331 000286 3164 003093 2452 002455 3580 003754 1934 001997 0000 000000
1517294144.000368:  1776 001741 0331 000286 3164 003093 2452 002455 3580 003754 1934 001997 0000 000000
1517294144.061929:  1776 065496 0331 000059 3164 065463 2452 065446 3580 000020 1934 064745 0000 065518
1517294144.122688:  1776 001742 0331 000293 3164 003062 2452 002447 3580 003768 1934 002012 0000 000000
1517294144.122812:  1776 001742 0331 000293 3164 003062 2452 002447 3580 003768 1934 002012 0000 000000
1517294144.184251:  1782 001782 0355 000355 3114 003114 2449 002449 3569 003569 1932 001932 0000 000000
1517294144.245003:  1782 001743 0355 000301 3114 003032 2449 002437 3569 003775 1932 002021 0000 000000
1517294144.245092:  1782 001743 0355 000301 3114 003032 2449 002437 3569 003775 1932 002021 0000 000000
1517294144.296778:  1782 065508 0355 000071 3114 065473 2449 065456 3569 000050 1932 064736 0000 065518
1517294144.357505:  1782 001748 0355 000307 3114 003006 2449 002430 3569 003779 1932 002021 0000 000000
1517294144.357582:  1782 001748 0355 000307 3114 003006 2449 002430 3569 003779 1932 002021 0000 000000
1517294144.419174:  1788 001788 0378 000378 3063 003063 2446 002446 3556 003556 1930 001930 0000 000000
1517294144.479900:  1788 001751 0378 000317 3063 002980 2446 002442 3556 003779 1930 002023 0000 000000
1517294144.479995:  1788 001751 0378 000317 3063 002980 2446 002442 3556 003779 1930 002023 0000 000000
1517294144.541652:  1788 065496 0378 000071 3063 065473 2446 065466 3556 000060 1930 064736 0000 065518
1517294144.602424:  1788 001756 0378 000327 3063 002953 2446 002417 3556 003777 1930 002028 0000 000000
1517294144.602501:  1788 001756 0378 000327 3063 002953 2446 002417 3556 003777 1930 002028 0000 000000
1517294144.664000:  1793 001793 0402 000402 3010 003010 2443 002443 3542 003542 1927 001927 0000 000000
1517294144.724793:  1793 001759 0402 000337 3010 002927 2443 002410 3542 003774 1927 002031 0000 000000
1517294144.724907:  1793 001759 0402 000337 3010 002927 2443 002410 3542 003774 1927 002031 0000 000000
1517294144.776580:  1793 065496 0402 000083 3010 065473 2443 065476 3542 000080 1927 064736 0000 065518
1517294144.837513:  1793 001763 0402 000348 3010 002901 2443 002406 3542 003768 1927 002024 0000 000000
1517294144.837589:  1793 001763 0402 000348 3010 002901 2443 002406 3542 003768 1927 002024 0000 000000
1517294144.899244:  1798 001798 0425 000425 2956 002956 2440 002440 3528 003528 1924 001924 0000 000000
1517294144.960083:  1798 001767 0425 000360 2956 002873 2440 002403 3528 003760 1924 002026 0000 000000
1517294144.960145:  1798 001767 0425 000360 2956 002873 2440 002403 3528 003760 1924 002026 0000 000000
1517294145.021738:  1798 065496 0425 000083 2956 065463 2440 065476 3528 000070 1924 064736 0000 065518
1517294145.082492:  1798 001770 0425 000371 2956 002837 2440 002397 3528 003753 1924 002025 0000 000000
1517294145.082561:  1798 001770 0425 000371 2956 002837 2440 002397 3528 003753 1924 002025 0000 000000
1517294145.144174:  1803 001803 0449 000449 2900 002900 2438 002438 3512 003512 1922 001922 0000 000000
1517294145.204953:  1803 001774 0449 000382 2900 002819 2438 002395 3512 003744 1922 002020 0000 000000
1517294145.205022:  1803 001774 0449 000382 2900 002819 2438 002395 3512 003744 1922 002020 0000 000000
1517294145.266527:  1803 065496 0449 000083 2900 065463 2438 065486 3512 000070 1922 064736 0000 065518
1517294145.327403:  1803 001777 0449 000394 2900 002791 2438 002392 3512 003738 1922 002018 0000 000000
1517294145.327493:  1803 001777 0449 000394 2900 002791 2438 002392 3512 003738 1922 002018 0000 000000
1517294145.389221:  1808 001808 0474 000474 2843 002843 2435 002435 3495 003495 1919 001919 0000 000000
1517294145.449986:  1808 001763 0474 000406 2843 002763 2435 002388 3495 003730 1919 002010 0000 000000
1517294145.450076:  1808 001763 0474 000406 2843 002763 2435 002388 3495 003730 1919 002010 0000 000000
1517294145.511642:  1808 065484 0474 000083 2843 065463 2435 065486 3495 000070 1919 064736 0000 065518
1517294145.572424:  1808 001784 0474 000418 2843 002734 2435 002385 3495 003722 1919 002003 0000 000000
1517294145.572541:  1808 001784 0474 000418 2843 002734 2435 002385 3495 003722 1919 002003 0000 000000
1517294145.634080:  1812 001812 0498 000498 2785 002785 2432 002432 3477 003477 1916 001916 0000 000000
1517294145.694829:  1812 001788 0498 000431 2785 002707 2432 002381 3477 003714 1916 002000 0000 000000
1517294145.694918:  1812 001788 0498 000431 2785 002707 2432 002381 3477 003714 1916 002000 0000 000000
1517294145.756567:  1812 065484 0498 000083 2785 065463 2432 065496 3477 000080 1916 064736 0000 065518
1517294145.817080:  1812 001791 0498 000443 2785 002679 2432 002379 3477 003704 1916 001998 0000 000000
1517294145.817140:  1812 001791 0498 000443 2785 002679 2432 002379 3477 003704 1916 001998 0000 000000
1517294145.878804:  1816 001816 0523 000523 2725 002725 2429 002429 3458 003458 1912 001912 0000 000000
1517294145.939649:  1816 001793 0523 000455 2725 002650 2429 002376 3458 003695 1912 001998 0000 000000
1517294145.939696:  1816 001793 0523 000455 2725 002650 2429 002376 3458 003695 1912 001998 0000 000000
1517294146.001123:  1816 065484 0523 000083 2725 065453 2429 065496 3458 000080 1912 064736 0000 065518
1517294146.061941:  1816 001795 0523 000468 2725 002621 2429 002374 3458 003686 1912 001995 0000 000000
1517294146.062040:  1816 001795 0523 000468 2725 002621 2429 002374 3458 003686 1912 001995 0000 000000
1517294146.123565:  1820 001820 0548 000548 2665 002665 2426 002426 3437 003437 1909 001909 0000 000000
1517294146.184356:  1820 001797 0548 000480 2665 002594 2426 002372 3437 003677 1909 001990 0000 000000
1517294146.184431:  1820 001797 0548 000480 2665 002594 2426 002372 3437 003677 1909 001990 0000 000000
1517294146.246091:  1820 065484 0548 000083 2665 065453 2426 065496 3437 000080 1909 064745 0000 065518
1517294146.306870:  1820 001801 0548 000492 2665 002563 2426 002369 3437 003666 1909 001984 0000 000000
1517294146.306906:  1820 001801 0548 000492 2665 002563 2426 002369 3437 003666 1909 001984 0000 000000
1517294146.368489:  1824 001824 0573 000573 2603 002603 2424 002424 3416 003416 1906 001906 0000 000000
1517294146.429396:  1824 001804 0573 000505 2603 002533 2424 002367 3416 003657 1906 001974 0000 000000
1517294146.429470:  1824 001804 0573 000505 2603 002533 2424 002367 3416 003657 1906 001974 0000 000000
1517294146.491031:  1824 065484 0573 000083 2603 065453 2424 065496 3416 000080 1906 064755 0000 065518
1517294146.551791:  1824 001805 0573 000518 2603 002503 2424 002365 3416 003648 1906 001969 0000 000000
1517294146.551878:  1824 001805 0573 000518 2603 002503 2424 002365 3416 003648 1906 001969 0000 000000
1517294146.613477:  1827 001827 0599 000599 2540 002540 2421 002421 3394 003394 1902 001902 0000 000000
1517294146.674270:  1827 001803 0599 000530 2540 002473 2421 002364 3394 003638 1902 001964 0000 000000
1517294146.674363:  1827 001803 0599 000530 2540 002473 2421 002364 3394 003638 1902 001964 0000 000000
1517294146.735942:  1827 065484 0599 000083 2540 065453 2421 065496 3394 000090 1902 064755 0000 065518
1517294146.786673:  1827 001799 0599 000543 2540 002444 2421 002363 3394 003628 1902 001963 0000 000000
1517294146.786754:  1827 001799 0599 000543 2540 002444 2421 002363 3394 003628 1902 001963 0000 000000
1517294146.848428:  1831 001831 0625 000625 2476 002476 2418 002418 3371 003371 1898 001898 0000 000000
1517294146.909228:  1831 001799 0625 000555 2476 002414 2418 002360 3371 003615 1898 001954 0000 000000
1517294146.909289:  1831 001799 0625 000555 2476 002414 2418 002360 3371 003615 1898 001954 0000 000000
1517294146.971088:  1831 065496 0625 000083 2476 065443 2418 065496 3371 000090 1898 064765 0000 065518
1517294147.031842:  1831 001800 0625 000567 2476 002382 2418 002359 3371 003603 1898 001948 0000 000000
1517294147.031917:  1831 001800 0625 000567 2476 002382 2418 002359 3371 003603 1898 001948 0000 000000
1517294147.093449:  1834 001834 0651 000651 2411 002411 2415 002415 3347 003347 1895 001895 0000 000000
1517294147.154249:  1834 001802 0651 000580 2411 002349 2415 002356 3347 003590 1895 001943 0000 000000
1517294147.154349:  1834 001802 0651 000580 2411 002349 2415 002356 3347 003590 1895 001943 0000 000000
1517294147.215863:  1834 065424 0651 000083 2411 065443 2415 065496 3347 000080 1895 064775 0000 065518
1517294147.276550:  1834 001802 0651 000594 2411 002317 2415 002355 3347 003578 1895 001939 0000 000000
1517294147.276622:  1834 001802 0651 000594 2411 002317 2415 002355 3347 003578 1895 001939 0000 000000
1517294147.338182:  1837 001837 0677 000677 2344 002344 2412 002412 3322 003322 1891 001891 0000 000000
1517294147.398938:  1837 001803 0677 000608 2344 002285 2412 002353 3322 003565 1891 001937 0000 000000
1517294147.399011:  1837 001803 0677 000608 2344 002285 2412 002353 3322 003565 1891 001937 0000 000000
1517294147.460668:  1837 065496 0677 000083 2344 065443 2412 065496 3322 000080 1891 064775 0000 065518
1517294147.521475:  1837 001804 0677 000621 2344 002253 2412 002350 3322 003551 1891 001932 0000 000000
1517294147.521547:  1837 001804 0677 000621 2344 002253 2412 002350 3322 003551 1891 001932 0000 000000
1517294147.582990:  1840 001840 0704 000704 2277 002277 2408 002408 3297 003297 1886 001886 0000 000000
1517294147.643773:  1840 001805 0704 000634 2277 002221 2408 002348 3297 003539 1886 001922 0000 000000
1517294147.643820:  1840 001805 0704 000634 2277 002221 2408 002348 3297 003539 1886 001922 0000 000000
1517294147.705261:  1840 065496 0704 000083 2277 065433 2408 065506 3297 000090 1886 064785 0000 065518
1517294147.765973:  1840 001806 0704 000648 2277 002188 2408 002347 3297 003525 1886 001912 0000 000000
1517294147.766063:  1840 001806 0704 000648 2277 002188 2408 002347 3297 003525 1886 001912 0000 000000
1517294147.827639:  1842 001842 0732 000732 2209 002209 2405 002405 3270 003270 1882 001882 0000 000000
1517294147.888473:  1842 001807 0732 000659 2209 002156 2405 002344 3270 003513 1882 001907 0000 000000
1517294147.888565:  1842 001807 0732 000659 2209 002156 2405 002344 3270 003513 1882 001907 0000 000000
1517294147.950381:  1842 065496 0732 000095 2209 065433 2405 065506 3270 000080 1882 064795 0000 065518
1517294148.011060:  1842 001807 0732 000672 2209 002120 2405 002340 3270 003497 1882 001897 0000 000000
1517294148.011130:  1842 001807 0732 000672 2209 002120 2405 002340 3270 003497 1882 001897 0000 000000
1517294148.072805:  1845 001845 0759 000759 2140 002140 2402 002402 3242 003242 1877 001877 0000 000000
1517294148.133664:  1845 001809 0759 000687 2140 002088 2402 002341 3242 003485 1877 001890 0000 000000
1517294148.133735:  1845 001809 0759 000687 2140 002088 2402 002341 3242 003485 1877 001890 0000 000000
1517294148.195525:  1845 065496 0759 000083 2140 065433 2402 065506 3242 000090 1877 064805 0000 065518
1517294148.256339:  1845 001810 0759 000701 2140 002054 2402 002342 3242 003475 1877 001889 0000 000000
1517294148.256420:  1845 001810 0759 000701 2140 002054 2402 002342 3242 003475 1877 001889 0000 000000
1517294148.317027:  1847 001847 0788 000788 2070 002070 2398 002398 3214 003214 1873 001873 0000 000000
1517294148.377820:  1847 001812 0788 000717 2070 002022 2398 002342 3214 003463 1873 001886 0000 000000
1517294148.377875:  1847 001812 0788 000717 2070 002022 2398 002342 3214 003463 1873 001886 0000 000000
1517294148.439547:  1847 065496 0788 000095 2070 065433 2398 065496 3214 000090 1873 064805 0000 065518
1517294148.500346:  1847 001813 0788 000730 2070 001984 2398 002336 3214 003448 1873 001881 0000 000000
1517294148.500401:  1847 001813 0788 000730 2070 001984 2398 002336 3214 003448 1873 001881 0000 000000
1517294148.562060:  1850 001850 0816 000816 1999 001999 2395 002395 3184 003184 1868 001868 0000 000000
1517294148.622757:  1850 001815 0816 000744 1999 001950 2395 002335 3184 003436 1868 001871 0000 000000
1517294148.622874:  1850 001815 0816 000744 1999 001950 2395 002335 3184 003436 1868 001871 0000 000000
1517294148.684376:  1850 065496 0816 000095 1999 065433 2395 065506 3184 000090 1868 064815 0000 065518
1517294148.745170:  1850 001817 0816 000758 1999 001919 2395 002334 3184 003421 1868 001866 0000 000000
1517294148.745224:  1850 001817 0816 000758 1999 001919 2395 002334 3184 003421 1868 001866 0000 000000
1517294148.796815:  1852 001852 0846 000846 1928 001928 2391 002391 3153 003153 1863 001863 0000 000000
1517294148.857562:  1852 001818 0846 000772 1928 001884 2391 002332 3153 003407 1863 001862 0000 000000
1517294148.857638:  1852 001818 0846 000772 1928 001884 2391 002332 3153 003407 1863 001862 0000 000000
1517294148.919249:  1852 065496 0846 000095 1928 065423 2391 065496 3153 000090 1863 064815 0000 065518
1517294148.980118:  1852 001820 0846 000786 1928 001850 2391 002331 3153 003388 1863 001854 0000 000000
1517294148.980172:  1852 001820 0846 000786 1928 001850 2391 002331 3153 003388 1863 001854 0000 000000
1517294149.041646:  1854 001854 0875 000875 1855 001855 2387 002387 3122 003122 1857 001857 0000 000000
1517294149.102370:  1854 001819 0875 000800 1855 001810 2387 002326 3122 003372 1857 001845 0000 000000
1517294149.102424:  1854 001819 0875 000800 1855 001810 2387 002326 3122 003372 1857 001845 0000 000000
1517294149.163966:  1854 065496 0875 000095 1855 065423 2387 065496 3122 000090 1857 064825 0000 065518
1517294149.224721:  1854 001822 0875 000815 1855 001774 2387 002325 3122 003357 1857 001832 0000 000000
1517294149.224775:  1854 001822 0875 000815 1855 001774 2387 002325 3122 003357 1857 001832 0000 000000
1517294149.276604:  1856 001856 0906 000906 1782 001782 2382 002382 3089 003089 1851 001851 0000 000000
1517294149.337380:  1856 001824 0906 000829 1782 001740 2382 002341 3089 003343 1851 001828 0000 000000
1517294149.337467:  1856 001824 0906 000829 1782 001740 2382 002341 3089 003343 1851 001828 0000 000000
