1517556098.359260:  0000 001367 0000 002283 0000 000872 0000 001646 0000 001067 0000 000696 0000 000000
1517556098.920002:  1367 001367 2283 002283 0872 000872 1646 001646 1067 001067 0696 000696 0000 000000
1517556098.980839:  1367 001344 2283 002274 0872 000858 1646 001646 1067 001044 0696 000694 0000 000000
1517556098.980908:  1367 001344 2283 002274 0872 000858 1646 001646 1067 001044 0696 000694 0000 000000
1517556099.042631:  1367 065084 2283 000023 0872 065076 1646 065036 1067 000440 0696 064816 0000 065518
1517556099.103373:  1367 001289 2283 002274 0872 000794 1646 001643 1067 000975 0696 000680 0000 000000
1517556099.103445:  1367 001289 2283 002274 0872 000794 1646 001643 1067 000975 0696 000680 0000 000000
1517556099.164998:  1367 001367 2318 002318 0869 000869 1465 001465 1071 001071 0850 000850 0000 000000
1517556099.225807:  1367 001204 2318 002277 0869 000728 1465 001614 1071 000910 0850 000657 0000 000000
1517556099.225862:  1367 001204 2318 002277 0869 000728 1465 001614 1071 000910 0850 000657 0000 000000
1517556099.287514:  1367 065288 2318 000059 0869 065206 1465 065036 1071 000310 0850 065016 0000 065518
1517556099.348297:  1367 001117 2318 002280 0869 000666 1465 001584 1071 000849 0850 000631 0000 000000
1517556099.348389:  1367 001117 2318 002280 0869 000666 1465 001584 1071 000849 0850 000631 0000 000000
1517556099.409803:  1367 001367 2354 002354 0864 000864 1408 001408 1070 001070 1004 001004 0000 000000
1517556099.470612:  1367 001050 2354 002288 0864 000609 1408 001553 1070 000792 1004 000604 0000 000000
1517556099.470686:  1367 001050 2354 002288 0864 000609 1408 001553 1070 000792 1004 000604 0000 000000
1517556099.532350:  1367 065444 2354 000083 0864 065306 1408 065036 1070 000200 1004 065216 0000 065518
1517556099.593128:  1367 001005 2354 002298 0864 000557 1408 001521 1070 000743 1004 000577 0000 000000
1517556099.593212:  1367 001005 2354 002298 0864 000557 1408 001521 1070 000743 1004 000577 0000 000000
1517556099.654765:  1367 001367 2390 002390 0859 000859 1408 001408 1065 001065 1142 001142 0000 000000
1517556099.715568:  1367 000980 2390 002310 0859 000510 1408 001489 1065 000700 1142 000553 0000 000000
1517556099.715665:  1367 000980 2390 002310 0859 000510 1408 001489 1065 000700 1142 000553 0000 000000
1517556099.777396:  1367 065504 2390 000107 0859 065396 1408 065036 1065 000120 1142 065396 0000 065518
1517556099.838059:  1367 000963 2390 002324 0859 000472 1408 001457 1065 000663 1142 000532 0000 000000
1517556099.838114:  1367 000963 2390 002324 0859 000472 1408 001457 1065 000663 1142 000532 0000 000000
1517556099.899555:  1367 001367 2426 002426 0852 000852 1408 001408 1056 001056 1257 001257 0000 000000
1517556099.960351:  1367 000951 2426 002338 0852 000438 1408 001423 1056 000632 1257 000512 0000 000000
1517556099.960405:  1367 000951 2426 002338 0852 000438 1408 001423 1056 000632 1257 000512 0000 000000
1517556100.022068:  1367 000004 2426 000107 0852 065456 1408 065036 1056 000070 1257 000000 0000 065518
1517556100.082757:  1367 000939 2426 002353 0852 000409 1408 001395 1056 000608 1257 000494 0000 000000
1517556100.082812:  1367 000939 2426 002353 0852 000409 1408 001395 1056 000608 1257 000494 0000 000000
1517556100.144661:  1367 001367 2463 002463 0843 000843 1408 001408 1045 001045 1350 001350 0000 000000
1517556100.205451:  1367 000935 2463 002370 0843 000386 1408 001391 1045 000591 1350 000484 0000 000000
1517556100.205505:  1367 000935 2463 002370 0843 000386 1408 001391 1045 000591 1350 000484 0000 000000
1517556100.267314:  1367 000016 2463 000119 0843 065496 1408 065046 1045 000050 1350 000110 0000 065518
1517556100.328077:  1367 000932 2463 002388 0843 000367 1408 001394 1045 000575 1350 000470 0000 000000
1517556100.328143:  1367 000932 2463 002388 0843 000367 1408 001394 1045 000575 1350 000470 0000 000000
1517556100.389516:  1367 001367 2501 002501 0834 000834 1408 001408 1034 001034 1423 001423 0000 000000
1517556100.450308:  1367 000932 2501 002404 0834 000346 1408 001393 1034 000569 1423 000462 0000 000000
1517556100.450382:  1367 000932 2501 002404 0834 000346 1408 001393 1034 000569 1423 000462 0000 000000
1517556100.512103:  1367 000016 2501 000119 0834 065516 1408 065046 1034 000040 1423 000190 0000 065518
1517556100.572921:  1367 000931 2501 002423 0834 000336 1408 001392 1034 000557 1423 000457 0000 000000
1517556100.572992:  1367 000931 2501 002423 0834 000336 1408 001392 1034 000557 1423 000457 0000 000000
1517556100.634674:  1367 001367 2538 002538 0823 000823 1408 001408 1022 001022 1481 001481 0000 000000
1517556100.695397:  1367 000930 2538 002440 0823 000323 1408 001392 1022 000552 1481 000451 0000 000000
1517556100.695466:  1367 000930 2538 002440 0823 000323 1408 001392 1022 000552 1481 000451 0000 000000
1517556100.757059:  1367 000016 2538 000119 0823 065526 1408 065046 1022 000040 1481 000250 0000 065518
1517556100.817774:  1367 000929 2538 002457 0823 000314 1408 001392 1022 000547 1481 000447 0000 000000
1517556100.817845:  1367 000929 2538 002457 0823 000314 1408 001392 1022 000547 1481 000447 0000 000000
1517556100.879371:  1367 001367 2577 002577 0810 000810 1408 001408 1010 001010 1528 001528 0000 000000
1517556100.940198:  1367 000929 2577 002477 0810 000306 1408 001396 1010 000539 1528 000444 0000 000000
1517556100.940274:  1367 000929 2577 002477 0810 000306 1408 001396 1010 000539 1528 000444 0000 000000
1517556101.001872:  1367 000016 2577 000131 0810 000000 1408 065046 1010 000040 1528 000300 0000 065518
1517556101.062668:  1367 000929 2577 002496 0810 000296 1408 001392 1010 000534 1528 000441 0000 000000
1517556101.062726:  1367 000929 2577 002496 0810 000296 1408 001392 1010 000534 1528 000441 0000 000000
1517556101.124309:  1367 001367 2615 002615 0796 000796 1408 001408 0998 000998 1565 001565 0000 000000
1517556101.185074:  1367 000927 2615 002516 0796 000287 1408 001395 0998 000528 1565 000435 0000 000000
1517556101.185149:  1367 000927 2615 002516 0796 000287 1408 001395 0998 000528 1565 000435 0000 000000
1517556101.246636:  1367 000016 2615 000119 0796 000000 1408 065046 0998 000040 1565 000340 0000 065518
1517556101.307435:  1367 000930 2615 002534 0796 000279 1408 001391 0998 000526 1565 000435 0000 000000
1517556101.307489:  1367 000930 2615 002534 0796 000279 1408 001391 0998 000526 1565 000435 0000 000000
1517556101.369357:  1367 001367 2653 002653 0781 000781 1408 001408 0986 000986 1595 001595 0000 000000
1517556101.430136:  1367 000930 2653 002554 0781 000273 1408 001394 0986 000517 1595 000430 0000 000000
1517556101.430210:  1367 000930 2653 002554 0781 000273 1408 001394 0986 000517 1595 000430 0000 000000
1517556101.491866:  1367 000016 2653 000119 0781 000000 1408 065046 0986 000040 1595 000370 0000 065518
1517556101.552639:  1367 000932 2653 002573 0781 000265 1408 001393 0986 000512 1595 000428 0000 000000
1517556101.552726:  1367 000932 2653 002573 0781 000265 1408 001393 0986 000512 1595 000428 0000 000000
1517556101.614343:  1367 001367 2692 002692 0765 000765 1408 001408 0976 000976 1619 001619 0000 000000
1517556101.675254:  1367 000934 2692 002592 0765 000258 1408 001392 0976 000505 1619 000427 0000 000000
1517556101.675325:  1367 000934 2692 002592 0765 000258 1408 001392 0976 000505 1619 000427 0000 000000
1517556101.736939:  1367 000016 2692 000131 0765 000000 1408 065046 0976 000040 1619 000400 0000 065518
1517556101.797767:  1367 000935 2692 002612 0765 000251 1408 001392 0976 000501 1619 000423 0000 000000
1517556101.797819:  1367 000935 2692 002612 0765 000251 1408 001392 0976 000501 1619 000423 0000 000000
1517556101.859265:  1367 001367 2731 002731 0747 000747 1408 001408 0966 000966 1639 001639 0000 000000
1517556101.919962:  1367 000937 2731 002630 0747 000243 1408 001392 0966 000495 1639 000420 0000 000000
1517556101.920057:  1367 000937 2731 002630 0747 000243 1408 001392 0966 000495 1639 000420 0000 000000
1517556101.981569:  1367 000016 2731 000131 0747 065526 1408 065046 0966 000040 1639 000420 0000 065518
1517556102.042268:  1367 000938 2731 002650 0747 000236 1408 001393 0966 000490 1639 000417 0000 000000
1517556102.042320:  1367 000938 2731 002650 0747 000236 1408 001393 0966 000490 1639 000417 0000 000000
1517556102.103711:  1367 001367 2771 002771 0729 000729 1408 001408 0957 000957 1656 001656 0000 000000
1517556102.164513:  1367 000938 2771 002669 0729 000228 1408 001392 0957 000486 1656 000432 0000 000000
1517556102.164566:  1367 000938 2771 002669 0729 000228 1408 001392 0957 000486 1656 000432 0000 000000
1517556102.226198:  1367 000004 2771 000131 0729 065526 1408 065046 0957 000030 1656 000440 0000 065518
1517556102.286925:  1367 000939 2771 002690 0729 000219 1408 001392 0957 000481 1656 000412 0000 000000
1517556102.286993:  1367 000939 2771 002690 0729 000219 1408 001392 0957 000481 1656 000412 0000 000000
1517556102.348556:  1367 001367 2810 002810 0709 000709 1408 001408 0949 000949 1669 001669 0000 000000
1517556102.399461:  1367 000940 2810 002712 0709 000211 1408 001392 0949 000477 1669 000411 0000 000000
1517556102.399552:  1367 000940 2810 002712 0709 000211 1408 001392 0949 000477 1669 000411 0000 000000
1517556102.461105:  1367 000004 2810 000131 0709 065526 1408 065046 0949 000030 1669 000460 0000 065518
1517556102.521874:  1367 000940 2810 002731 0709 000204 1408 001392 0949 000472 1669 000408 0000 000000
1517556102.521929:  1367 000940 2810 002731 0709 000204 1408 001392 0949 000472 1669 000408 0000 000000
1517556102.583540:  1367 001367 2850 002850 0687 000687 1408 001408 0942 000942 1680 001680 0000 000000
1517556102.644297:  1367 000940 2850 002752 0687 000194 1408 001392 0942 000467 1680 000406 0000 000000
1517556102.644377:  1367 000940 2850 002752 0687 000194 1408 001392 0942 000467 1680 000406 0000 000000
1517556102.705950:  1367 000004 2850 000119 0687 065516 1408 065046 0942 000030 1680 000480 0000 065518
1517556102.766814:  1367 000941 2850 002771 0687 000184 1408 001392 0942 000464 1680 000404 0000 000000
1517556102.766855:  1367 000941 2850 002771 0687 000184 1408 001392 0942 000464 1680 000404 0000 000000
1517556102.828449:  1367 001367 2890 002890 0665 000665 1408 001408 0936 000936 1689 001689 0000 000000
1517556102.879430:  1367 000941 2890 002791 0665 000175 1408 001392 0936 000459 1689 000402 0000 000000
1517556102.879501:  1367 000941 2890 002791 0665 000175 1408 001392 0936 000459 1689 000402 0000 000000
1517556102.940897:  1367 000004 2890 000131 0665 065516 1408 065046 0936 000030 1689 000490 0000 065518
1517556103.001692:  1367 000941 2890 002810 0665 000166 1408 001392 0936 000455 1689 000400 0000 000000
1517556103.001888:  1367 000941 2890 002810 0665 000166 1408 001392 0936 000455 1689 000400 0000 000000
1517556103.063502:  1367 001367 2930 002930 0641 000641 1408 001408 0932 000932 1696 001696 0000 000000
1517556103.124241:  1367 000941 2930 002831 0641 000157 1408 001392 0932 000451 1696 000398 0000 000000
1517556103.124329:  1367 000941 2930 002831 0641 000157 1408 001392 0932 000451 1696 000398 0000 000000
1517556103.185837:  1367 000004 2930 000119 0641 065506 1408 065046 0932 000030 1696 000500 0000 065518
1517556103.246697:  1367 000941 2930 002851 0641 000147 1408 001392 0932 000451 1696 000396 0000 000000
1517556103.246756:  1367 000941 2930 002851 0641 000147 1408 001392 0932 000451 1696 000396 0000 000000
1517556103.308377:  1367 001367 2970 002970 0616 000616 1408 001408 0928 000928 1701 001701 0000 000000
1517556103.359282:  1367 000941 2970 002870 0616 000134 1408 001392 0928 000450 1701 000394 0000 000000
1517556103.359375:  1367 000941 2970 002870 0616 000134 1408 001392 0928 000450 1701 000394 0000 000000
1517556103.422786:  1367 000004 2970 000131 0616 065506 1408 065046 0928 000030 1701 000500 0000 065518
1517556103.483439:  1367 000941 2970 002890 0616 000124 1408 001393 0928 000448 1701 000393 0000 000000
1517556103.483477:  1367 000941 2970 002890 0616 000124 1408 001393 0928 000448 1701 000393 0000 000000
1517556103.545605:  1367 001367 3010 003010 0590 000590 1408 001408 0925 000925 1704 001704 0000 000000
1517556103.606184:  1367 000941 3010 002911 0590 000115 1408 001392 0925 000445 1704 000394 0000 000000
1517556103.606228:  1367 000941 3010 002911 0590 000115 1408 001392 0925 000445 1704 000394 0000 000000
1517556103.667972:  1367 000004 3010 000119 0590 065496 1408 065046 0925 000030 1704 000510 0000 065518
1517556103.728574:  1367 000940 3010 002931 0590 000105 1408 001392 0925 000445 1704 000393 0000 000000
1517556103.728629:  1367 000940 3010 002931 0590 000105 1408 001392 0925 000445 1704 000393 0000 000000
1517556103.790544:  1367 001367 3050 003050 0563 000563 1408 001408 0924 000924 1706 001706 0000 000000
1517556103.851163:  1367 000936 3050 002953 0563 000104 1408 001392 0924 000444 1706 000391 0000 000000
1517556103.851269:  1367 000936 3050 002953 0563 000104 1408 001392 0924 000444 1706 000391 0000 000000
1517556103.909787:  1367 000016 3050 000119 0563 065476 1408 065046 0924 000030 1706 000510 0000 065518
1517556103.970553:  1367 000934 3050 002973 0563 000105 1408 001392 0924 000443 1706 000391 0000 000000
1517556103.970613:  1367 000934 3050 002973 0563 000105 1408 001392 0924 000443 1706 000391 0000 000000
1517556104.032115:  1367 001367 3091 003091 0535 000535 1408 001408 0923 000923 1706 001706 0000 000000
1517556104.092849:  1367 000933 3091 002993 0535 000104 1408 001392 0923 000442 1706 000391 0000 000000
1517556104.092954:  1367 000933 3091 002993 0535 000104 1408 001392 0923 000442 1706 000391 0000 000000
1517556104.154639:  1367 000016 3091 000119 0535 065446 1408 065046 0923 000020 1706 000510 0000 065518
1517556104.215419:  1367 000932 3091 003014 0535 000104 1408 001392 0923 000441 1706 000390 0000 000000
1517556104.215474:  1367 000932 3091 003014 0535 000104 1408 001392 0923 000441 1706 000390 0000 000000
1517556104.277298:  1367 001367 3131 003131 0506 000506 1408 001408 0925 000925 1705 001705 0000 000000
1517556104.338140:  1367 000931 3131 003035 0506 000105 1408 001392 0925 000440 1705 000390 0000 000000
1517556104.338240:  1367 000931 3131 003035 0506 000105 1408 001392 0925 000440 1705 000390 0000 000000
1517556104.399637:  1367 000016 3131 000119 0506 065416 1408 065046 0925 000020 1705 000510 0000 065518
1517556104.460450:  1367 000931 3131 003054 0506 000104 1408 001392 0925 000440 1705 000389 0000 000000
1517556104.460526:  1367 000931 3131 003054 0506 000104 1408 001392 0925 000440 1705 000389 0000 000000
1517556104.522082:  1367 001367 3172 003172 0476 000476 1408 001408 0927 000927 1702 001702 0000 000000
1517556104.582793:  1367 000931 3172 003074 0476 000104 1408 001392 0927 000439 1702 000389 0000 000000
1517556104.582878:  1367 000931 3172 003074 0476 000104 1408 001392 0927 000439 1702 000389 0000 000000
1517556104.644626:  1367 000016 3172 000119 0476 065386 1408 065046 0927 000010 1702 000510 0000 065518
1517556104.705392:  1367 000930 3172 003094 0476 000105 1408 001392 0927 000439 1702 000389 0000 000000
1517556104.705483:  1367 000930 3172 003094 0476 000105 1408 001392 0927 000439 1702 000389 0000 000000
1517556104.767103:  1367 001367 3213 003213 0445 000445 1408 001408 0931 000931 1697 001697 0000 000000
1517556104.827899:  1367 000930 3213 003114 0445 000104 1408 001392 0931 000440 1697 000389 0000 000000
1517556104.827978:  1367 000930 3213 003114 0445 000104 1408 001392 0931 000440 1697 000389 0000 000000
1517556104.889581:  1367 000016 3213 000119 0445 065356 1408 065046 0931 000010 1697 000500 0000 065518
1517556104.950404:  1367 000929 3213 003135 0445 000105 1408 001392 0931 000442 1697 000389 0000 000000
1517556104.950482:  1367 000929 3213 003135 0445 000105 1408 001392 0931 000442 1697 000389 0000 000000
