1517554867.192024:  0000 001320 0000 000265 0000 002910 0000 001963 0000 002889 0000 001592 0000 000000
1517554867.752757:  1320 001320 0264 000264 2909 002909 1963 001963 2889 002889 1592 001592 0000 000000
1517554867.813518:  1320 001291 0264 000264 2909 002894 1963 001962 2889 002869 1592 001592 0000 000000
1517554867.813573:  1320 001291 0264 000264 2909 002894 1963 001962 2889 002869 1592 001592 0000 000000
1517554867.875350:  1320 065144 0264 065535 2909 065076 1963 065036 2889 000440 1592 064736 0000 065518
1517554867.936230:  1320 001203 0264 000263 2909 002838 1963 001956 2889 002804 1592 001580 0000 000000
1517554867.936307:  1320 001203 0264 000263 2909 002838 1963 001956 2889 002804 1592 001580 0000 000000
1517554867.997744:  1359 001359 0260 000260 2918 002918 1945 001945 2908 002908 1585 001585 0000 000000
1517554868.058448:  1359 001117 0260 000264 2918 002777 1945 001926 2908 002741 1585 001558 0000 000000
1517554868.058491:  1359 001117 0260 000264 2918 002777 1945 001926 2908 002741 1585 001558 0000 000000
1517554868.119989:  1359 065384 0260 065535 2918 065206 1945 065056 2908 000300 1585 064766 0000 065518
1517554868.180819:  1359 001056 0260 000264 2918 002716 1945 001896 2908 002682 1585 001532 0000 000000
1517554868.180898:  1359 001056 0260 000264 2918 002716 1945 001896 2908 002682 1585 001532 0000 000000
1517554868.242532:  1399 001399 0256 000256 2926 002926 1927 001927 2927 002927 1579 001579 0000 000000
1517554868.303295:  1399 001019 0256 000256 2926 002662 1927 001867 2927 002630 1579 001506 0000 000000
1517554868.303377:  1399 001019 0256 000256 2926 002662 1927 001867 2927 002630 1579 001506 0000 000000
1517554868.364863:  1399 065528 0256 065535 2926 065326 1927 065096 2927 000170 1579 064816 0000 065518
1517554868.425665:  1399 000997 0256 000264 2926 002610 1927 001834 2927 002584 1579 001481 0000 000000
1517554868.425759:  1399 000997 0256 000264 2926 002610 1927 001834 2927 002584 1579 001481 0000 000000
1517554868.487537:  1440 001440 0253 000253 2933 002933 1909 001909 2948 002948 1573 001573 0000 000000
1517554868.548383:  1440 000987 0253 000264 2933 002567 1909 001804 2948 002544 1573 001457 0000 000000
1517554868.548436:  1440 000987 0253 000264 2933 002567 1909 001804 2948 002544 1573 001457 0000 000000
1517554868.609932:  1440 000064 0253 065523 2933 065426 1909 065146 2948 000070 1573 064856 0000 065518
1517554868.670612:  1440 000988 0253 000264 2933 002527 1909 001771 2948 002516 1573 001438 0000 000000
1517554868.670691:  1440 000988 0253 000264 2933 002527 1909 001771 2948 002516 1573 001438 0000 000000
1517554868.732401:  1482 001482 0249 000249 2940 002940 1891 001891 2968 002968 1568 001568 0000 000000
1517554868.793231:  1482 000997 0249 000264 2940 002497 1891 001740 2968 002499 1568 001422 0000 000000
1517554868.793312:  1482 000997 0249 000264 2940 002497 1891 001740 2968 002499 1568 001422 0000 000000
1517554868.854927:  1482 000100 0249 065523 2940 065496 1891 065186 2968 000020 1568 064876 0000 065518
1517554868.915749:  1482 001006 0249 000265 2940 002471 1891 001710 2968 002490 1568 001411 0000 000000
1517554868.915838:  1482 001006 0249 000265 2940 002471 1891 001710 2968 002490 1568 001411 0000 000000
1517554868.977359:  1524 001524 0246 000246 2946 002946 1873 001873 2989 002989 1562 001562 0000 000000
1517554869.038274:  1524 001022 0246 000265 2946 002449 1873 001679 2989 002489 1562 001404 0000 000000
1517554869.038355:  1524 001022 0246 000265 2946 002449 1873 001679 2989 002489 1562 001404 0000 000000
1517554869.099635:  1524 000112 0246 065511 2946 000000 1873 065236 2989 065526 1562 064886 0000 065518
1517554869.160406:  1524 001041 0246 000265 2946 002438 1873 001651 2989 002490 1562 001400 0000 000000
1517554869.160465:  1524 001041 0246 000265 2946 002438 1873 001651 2989 002490 1562 001400 0000 000000
1517554869.212132:  1568 001568 0244 000244 2952 002952 1856 001856 3010 003010 1557 001557 0000 000000
1517554869.272829:  1568 001054 0244 000265 2952 002431 1856 001626 3010 002495 1557 001400 0000 000000
1517554869.272916:  1568 001054 0244 000265 2952 002431 1856 001626 3010 002495 1557 001400 0000 000000
1517554869.334450:  1568 000124 0244 065511 2952 000020 1856 065266 3010 065516 1557 064886 0000 065518
1517554869.395257:  1568 001075 0244 000265 2952 002427 1856 001597 3010 002503 1557 001400 0000 000000
1517554869.395319:  1568 001075 0244 000265 2952 002427 1856 001597 3010 002503 1557 001400 0000 000000
1517554869.457042:  1612 001612 0241 000241 2957 002957 1838 001838 3032 003032 1551 001551 0000 000000
1517554869.517819:  1612 001096 0241 000266 2957 002423 1838 001571 3032 002513 1551 001403 0000 000000
1517554869.517895:  1612 001096 0241 000266 2957 002423 1838 001571 3032 002513 1551 001403 0000 000000
1517554869.579615:  1612 000124 0241 065511 2957 000030 1838 065306 3032 065516 1551 064876 0000 065518
1517554869.640266:  1612 001117 0241 000265 2957 002422 1838 001546 3032 002521 1551 001405 0000 000000
1517554869.640319:  1612 001117 0241 000265 2957 002422 1838 001546 3032 002521 1551 001405 0000 000000
1517554869.692006:  1656 001656 0239 000239 2961 002961 1820 001820 3053 003053 1546 001546 0000 000000
1517554869.752760:  1656 001134 0239 000265 2961 002414 1820 001517 3053 002528 1546 001409 0000 000000
1517554869.752806:  1656 001134 0239 000265 2961 002414 1820 001517 3053 002528 1546 001409 0000 000000
1517554869.814551:  1656 000136 0239 065511 2961 000050 1820 065336 3053 065516 1546 064866 0000 065518
1517554869.875351:  1656 001156 0239 000265 2961 002414 1820 001495 3053 002541 1546 001414 0000 000000
1517554869.875430:  1656 001156 0239 000265 2961 002414 1820 001495 3053 002541 1546 001414 0000 000000
1517554869.936964:  1701 001701 0237 000237 2965 002965 1803 001803 3075 003075 1541 001541 0000 000000
1517554869.997685:  1701 001181 0237 000266 2965 002412 1803 001471 3075 002485 1541 001420 0000 000000
1517554869.997778:  1701 001181 0237 000266 2965 002412 1803 001471 3075 002485 1541 001420 0000 000000
1517554870.059323:  1701 000136 0237 065499 2965 000050 1803 065366 3075 065516 1541 064846 0000 065518
1517554870.120151:  1701 001205 0237 000266 2965 002411 1803 001447 3075 002567 1541 001425 0000 000000
1517554870.120264:  1701 001205 0237 000266 2965 002411 1803 001447 3075 002567 1541 001425 0000 000000
1517554870.181785:  1747 001747 0236 000236 2968 002968 1785 001785 3098 003098 1537 001537 0000 000000
1517554870.242616:  1747 001227 0236 000266 2968 002408 1785 001423 3098 002579 1537 001431 0000 000000
1517554870.242660:  1747 001227 0236 000266 2968 002408 1785 001423 3098 002579 1537 001431 0000 000000
1517554870.304398:  1747 000136 0236 065499 2968 000060 1785 065396 3098 065516 1537 064836 0000 065518
1517554870.365168:  1747 001249 0236 000266 2968 002406 1785 001400 3098 002591 1537 001437 0000 000000
1517554870.365322:  1747 001249 0236 000266 2968 002406 1785 001400 3098 002591 1537 001437 0000 000000
1517554870.426988:  1793 001793 0234 000234 2970 002970 1768 001768 3120 003120 1532 001532 0000 000000
1517554870.487801:  1793 001270 0234 000266 2970 002405 1768 001394 3120 002602 1532 001443 0000 000000
1517554870.487856:  1793 001270 0234 000266 2970 002405 1768 001394 3120 002602 1532 001443 0000 000000
1517554870.549507:  1793 000136 0234 065499 2970 000070 1768 065396 3120 065516 1532 064816 0000 065518
1517554870.610366:  1793 001296 0234 000266 2970 002404 1768 001394 3120 002613 1532 001449 0000 000000
1517554870.610454:  1793 001296 0234 000266 2970 002404 1768 001394 3120 002613 1532 001449 0000 000000
1517554870.672160:  1839 001839 0233 000233 2972 002972 1751 001751 3143 003143 1528 001528 0000 000000
1517554870.732296:  1839 001319 0233 000266 2972 002403 1751 001394 3143 002625 1528 001454 0000 000000
1517554870.732395:  1839 001319 0233 000266 2972 002403 1751 001394 3143 002625 1528 001454 0000 000000
1517554870.794120:  1839 000136 0233 065499 2972 000070 1751 065376 3143 065516 1528 064806 0000 065518
1517554870.854945:  1839 001343 0233 000266 2972 002402 1751 001395 3143 002636 1528 001460 0000 000000
1517554870.855018:  1839 001343 0233 000266 2972 002402 1751 001395 3143 002636 1528 001460 0000 000000
1517554870.916623:  1886 001886 0233 000233 2973 002973 1733 001733 3166 003166 1524 001524 0000 000000
1517554870.977323:  1886 001366 0233 000266 2973 002400 1733 001393 3166 002647 1524 001465 0000 000000
1517554870.977390:  1886 001366 0233 000266 2973 002400 1733 001393 3166 002647 1524 001465 0000 000000
1517554871.038948:  1886 000136 0233 065499 2973 000070 1733 065366 3166 065516 1524 064786 0000 065518
1517554871.099522:  1886 001389 0233 000266 2973 002400 1733 001394 3166 002659 1524 001470 0000 000000
1517554871.099584:  1886 001389 0233 000266 2973 002400 1733 001394 3166 002659 1524 001470 0000 000000
1517554871.161044:  1933 001933 0232 000232 2974 002974 1717 001717 3189 003189 1520 001520 0000 000000
1517554871.212178:  1933 001411 0232 000266 2974 002397 1717 001393 3189 002671 1520 001477 0000 000000
1517554871.212235:  1933 001411 0232 000266 2974 002397 1717 001393 3189 002671 1520 001477 0000 000000
1517554871.273819:  1933 000136 0232 065499 2974 000070 1717 065346 3189 065516 1520 064776 0000 065518
1517554871.334607:  1933 001432 0232 000266 2974 002398 1717 001393 3189 002679 1520 001480 0000 000000
1517554871.334676:  1933 001432 0232 000266 2974 002398 1717 001393 3189 002679 1520 001480 0000 000000
1517554871.396321:  1980 001980 0232 000232 2974 002974 1700 001700 3212 003212 1516 001516 0000 000000
1517554871.457248:  1980 001455 0232 000266 2974 002397 1700 001393 3212 002691 1516 001487 0000 000000
1517554871.457323:  1980 001455 0232 000266 2974 002397 1700 001393 3212 002691 1516 001487 0000 000000
1517554871.519118:  1980 000136 0232 065499 2974 000070 1700 065326 3212 065516 1516 064756 0000 065518
1517554871.579937:  1980 001478 0232 000266 2974 002395 1700 001393 3212 002703 1516 001494 0000 000000
1517554871.580014:  1980 001478 0232 000266 2974 002395 1700 001393 3212 002703 1516 001494 0000 000000
1517554871.641766:  2028 002028 0233 000233 2973 002973 1683 001683 3235 003235 1512 001512 0000 000000
1517554871.702124:  2028 001501 0233 000266 2973 002395 1683 001360 3235 002713 1512 001498 0000 000000
1517554871.702178:  2028 001501 0233 000266 2973 002395 1683 001360 3235 002713 1512 001498 0000 000000
1517554871.763805:  2028 000136 0233 065499 2973 000070 1683 065316 3235 065516 1512 064746 0000 065518
1517554871.824618:  2028 001525 0233 000266 2973 002395 1683 001394 3235 002724 1512 001502 0000 000000
1517554871.824694:  2028 001525 0233 000266 2973 002395 1683 001394 3235 002724 1512 001502 0000 000000
1517554871.886483:  2075 002075 0233 000233 2972 002972 1667 001667 3258 003258 1509 001509 0000 000000
1517554871.947282:  2075 001548 0233 000266 2972 002394 1667 001393 3258 002736 1509 001509 0000 000000
1517554871.947323:  2075 001548 0233 000266 2972 002394 1667 001393 3258 002736 1509 001509 0000 000000
1517554872.009113:  2075 000148 0233 065499 2972 000070 1667 065296 3258 065516 1509 064736 0000 065518
1517554872.069828:  2075 001571 0233 000266 2972 002394 1667 001394 3258 002748 1509 001515 0000 000000
1517554872.069916:  2075 001571 0233 000266 2972 002394 1667 001394 3258 002748 1509 001515 0000 000000
1517554872.131540:  2122 002122 0234 000234 2970 002970 1650 001650 3281 003281 1506 001506 0000 000000
1517554872.191984:  2122 001597 0234 000267 2970 002393 1650 001394 3281 002759 1506 001520 0000 000000
1517554872.192085:  2122 001597 0234 000267 2970 002393 1650 001394 3281 002759 1506 001520 0000 000000
1517554872.255189:  2122 000136 0234 065499 2970 000070 1650 065276 3281 065516 1506 064736 0000 065518
1517554872.315959:  2122 001621 0234 000266 2970 002392 1650 001393 3281 002771 1506 001526 0000 000000
1517554872.316027:  2122 001621 0234 000266 2970 002392 1650 001393 3281 002771 1506 001526 0000 000000
1517554872.377697:  2170 002170 0235 000235 2968 002968 1634 001634 3304 003304 1503 001503 0000 000000
1517554872.438406:  2170 001646 0235 000267 2968 002393 1634 001394 3304 002783 1503 001532 0000 000000
1517554872.438487:  2170 001646 0235 000267 2968 002393 1634 001394 3304 002783 1503 001532 0000 000000
1517554872.500148:  2170 000136 0235 065499 2968 000070 1634 065266 3304 065516 1503 064736 0000 065518
1517554872.561040:  2170 001673 0235 000267 2968 002391 1634 001394 3304 002794 1503 001537 0000 000000
1517554872.561093:  2170 001673 0235 000267 2968 002391 1634 001394 3304 002794 1503 001537 0000 000000
1517554872.622683:  2217 002217 0237 000237 2965 002965 1619 001619 3327 003327 1500 001500 0000 000000
1517554872.683295:  2217 001698 0237 000267 2965 002390 1619 001394 3327 002806 1500 001543 0000 000000
1517554872.683363:  2217 001698 0237 000267 2965 002390 1619 001394 3327 002806 1500 001543 0000 000000
1517554872.742484:  2217 000136 0237 065511 2965 000070 1619 065246 3327 065516 1500 064736 0000 065518
1517554872.803257:  2217 001721 0237 000267 2965 002389 1619 001394 3327 002816 1500 001549 0000 000000
1517554872.803380:  2217 001721 0237 000267 2965 002389 1619 001394 3327 002816 1500 001549 0000 000000
1517554872.865017:  2264 002264 0239 000239 2961 002961 1603 001603 3350 003350 1498 001498 0000 000000
1517554872.925876:  2264 001745 0239 000267 2961 002389 1603 001394 3350 002828 1498 001554 0000 000000
1517554872.925946:  2264 001745 0239 000267 2961 002389 1603 001394 3350 002828 1498 001554 0000 000000
1517554872.987537:  2264 000136 0239 065511 2961 000070 1603 065236 3350 065516 1498 064736 0000 065518
1517554873.048264:  2264 001770 0239 000267 2961 002388 1603 001393 3350 002840 1498 001560 0000 000000
1517554873.048305:  2264 001770 0239 000267 2961 002388 1603 001393 3350 002840 1498 001560 0000 000000
1517554873.109745:  2311 002311 0241 000241 2957 002957 1587 001587 3373 003373 1495 001495 0000 000000
1517554873.170505:  2311 001792 0241 000267 2957 002387 1587 001393 3373 002854 1495 001567 0000 000000
1517554873.170574:  2311 001792 0241 000267 2957 002387 1587 001393 3373 002854 1495 001567 0000 000000
1517554873.222271:  2311 000124 0241 065511 2957 000060 1587 065216 3373 065516 1495 064736 0000 065518
1517554873.283078:  2311 001814 0241 000267 2957 002387 1587 001394 3373 002866 1495 001572 0000 000000
1517554873.283132:  2311 001814 0241 000267 2957 002387 1587 001394 3373 002866 1495 001572 0000 000000
1517554873.344817:  2357 002357 0243 000243 2952 002952 1572 001572 3395 003395 1493 001493 0000 000000
1517554873.405624:  2357 001836 0243 000267 2952 002386 1572 001394 3395 002877 1493 001578 0000 000000
1517554873.405695:  2357 001836 0243 000267 2952 002386 1572 001394 3395 002877 1493 001578 0000 000000
1517554873.467269:  2357 000136 0243 065511 2952 000060 1572 065206 3395 065516 1493 064736 0000 065518
1517554873.527979:  2357 001858 0243 000267 2952 002384 1572 001394 3395 002888 1493 001583 0000 000000
1517554873.528040:  2357 001858 0243 000267 2952 002384 1572 001394 3395 002888 1493 001583 0000 000000
1517554873.589739:  2403 002403 0246 000246 2947 002947 1557 001557 3417 003417 1491 001491 0000 000000
1517554873.650609:  2403 001883 0246 000267 2947 002384 1557 001394 3417 002899 1491 001589 0000 000000
1517554873.650746:  2403 001883 0246 000267 2947 002384 1557 001394 3417 002899 1491 001589 0000 000000
1517554873.712180:  2403 000136 0246 065523 2947 000060 1557 065186 3417 065516 1491 064736 0000 065518
1517554873.773034:  2403 001905 0246 000268 2947 002383 1557 001394 3417 002911 1491 001595 0000 000000
1517554873.773099:  2403 001905 0246 000268 2947 002383 1557 001394 3417 002911 1491 001595 0000 000000
