1520320945.503648:  0000 001392 0000 000136 0000 001952 0000 001128 0000 001832 0000 003552 0000 000000
1520320946.064246:  0000 065036 0000 000500 0000 065036 0000 065036 0000 000500 0000 065455 0000 000069
1520320946.124966:  1393 001393 0181 000181 1947 001947 1408 001408 1833 001833 0000 000000 0000 000000
1520320946.185763:  1393 065036 0181 000500 1947 065036 1408 065036 1833 000500 0000 065455 0000 000069
1520320946.246543:  1393 001392 0181 000136 1947 001952 1408 001128 1833 001832 0000 003552 0000 000000
1520320946.246592:  1393 001392 0181 000136 1947 001952 1408 001128 1833 001832 0000 003552 0000 000000
1520320946.308191:  1393 065036 0181 000500 1947 065036 1408 065036 1833 000500 0000 065455 0000 000069
1520320946.368940:  1400 001400 0190 000190 1930 001930 1408 001408 1839 001839 0000 000000 0000 000000
1520320946.429713:  1400 065036 0190 000500 1930 065036 1408 065036 1839 000500 0000 065455 0000 000069
1520320946.490457:  1400 001392 0190 000136 1930 001952 1408 001128 1839 001832 0000 003552 0000 000000
1520320946.490502:  1400 001392 0190 000136 1930 001952 1408 001128 1839 001832 0000 003552 0000 000000
1520320946.543888:  1400 065036 0190 000500 1930 065036 1408 065036 1839 000500 0000 065455 0000 000069
1520320946.604679:  1407 001407 0199 000199 1912 001912 1408 001408 1845 001845 0000 000000 0000 000000
1520320946.665476:  1407 065036 0199 000500 1912 065036 1408 065036 1845 000500 0000 065455 0000 000069
1520320946.726153:  1407 001392 0199 000136 1912 001952 1408 001128 1845 001832 0000 003552 0000 000000
1520320946.726202:  1407 001392 0199 000136 1912 001952 1408 001128 1845 001832 0000 003552 0000 000000
1520320946.787813:  1407 065036 0199 000500 1912 065036 1408 065036 1845 000500 0000 065455 0000 000069
1520320946.848662:  1413 001413 0208 000208 1895 001895 1408 001408 1851 001851 0000 000000 0000 000000
1520320946.909455:  1413 065036 0208 000500 1895 065036 1408 065036 1851 000500 0000 065455 0000 000069
1520320946.970252:  1413 001392 0208 000136 1895 001952 1408 001128 1851 001832 0000 003552 0000 000000
1520320946.970296:  1413 001392 0208 000136 1895 001952 1408 001128 1851 001832 0000 003552 0000 000000
1520320947.023822:  1413 065036 0208 000500 1895 065036 1408 065036 1851 000500 0000 065455 0000 000069
1520320947.084542:  1419 001419 0217 000217 1877 001877 1408 001408 1857 001857 0000 000000 0000 000000
1520320947.145195:  1419 065036 0217 000500 1877 065036 1408 065036 1857 000500 0000 065455 0000 000069
1520320947.205970:  1419 001392 0217 000136 1877 001952 1408 001128 1857 001832 0000 003552 0000 000000
1520320947.206015:  1419 001392 0217 000136 1877 001952 1408 001128 1857 001832 0000 003552 0000 000000
1520320947.267674:  1419 065036 0217 000500 1877 065036 1408 065036 1857 000500 0000 065455 0000 000069
1520320947.328340:  1426 001426 0226 000226 1859 001859 1408 001408 1863 001863 0000 000000 0000 000000
1520320947.389028:  1426 065036 0226 000500 1859 065036 1408 065036 1863 000500 0000 065455 0000 000069
1520320947.449732:  1426 001392 0226 000136 1859 001952 1408 001128 1863 001832 0000 003552 0000 000000
1520320947.449792:  1426 001392 0226 000136 1859 001952 1408 001128 1863 001832 0000 003552 0000 000000
1520320947.503598:  1426 065036 0226 000500 1859 065036 1408 065036 1863 000500 0000 065455 0000 000069
1520320947.564233:  1432 001432 0235 000235 1840 001840 1408 001408 1868 001868 0000 000000 0000 000000
1520320947.624973:  1432 065036 0235 000500 1840 065036 1408 065036 1868 000500 0000 065455 0000 000069
1520320947.685766:  1432 001392 0235 000136 1840 001952 1408 001128 1868 001832 0000 003552 0000 000000
1520320947.685828:  1432 001392 0235 000136 1840 001952 1408 001128 1868 001832 0000 003552 0000 000000
1520320947.747799:  1432 065036 0235 000500 1840 065036 1408 065036 1868 000500 0000 065455 0000 000069
1520320947.808575:  1438 001438 0245 000245 1822 001822 1408 001408 1873 001873 0000 000000 0000 000000
1520320947.869355:  1438 065036 0245 000500 1822 065036 1408 065036 1873 000500 0000 065455 0000 000069
1520320947.930090:  1438 001392 0245 000136 1822 001952 1408 001128 1873 001832 0000 003552 0000 000000
1520320947.930177:  1438 001392 0245 000136 1822 001952 1408 001128 1873 001832 0000 003552 0000 000000
1520320947.992155:  1438 065036 0245 000500 1822 065036 1408 065036 1873 000500 0000 065455 0000 000069
1520320948.044009:  1443 001443 0254 000254 1803 001803 1408 001408 1879 001879 0000 000000 0000 000000
1520320948.104687:  1443 065036 0254 000500 1803 065036 1408 065036 1879 000500 0000 065455 0000 000069
1520320948.165432:  1443 001392 0254 000136 1803 001952 1408 001128 1879 001832 0000 003552 0000 000000
1520320948.165493:  1443 001392 0254 000136 1803 001952 1408 001128 1879 001832 0000 003552 0000 000000
1520320948.227284:  1443 065036 0254 000500 1803 065036 1408 065036 1879 000500 0000 065455 0000 000069
1520320948.288075:  1449 001449 0264 000264 1784 001784 1408 001408 1884 001884 0000 000000 0000 000000
1520320948.348848:  1449 065036 0264 000500 1784 065036 1408 065036 1884 000500 0000 065455 0000 000069
1520320948.409540:  1449 001392 0264 000136 1784 001952 1408 001128 1884 001832 0000 003552 0000 000000
1520320948.409585:  1449 001392 0264 000136 1784 001952 1408 001128 1884 001832 0000 003552 0000 000000
1520320948.471273:  1449 065036 0264 000500 1784 065036 1408 065036 1884 000500 0000 065455 0000 000069
1520320948.523820:  1455 001455 0273 000273 1765 001765 1408 001408 1889 001889 0000 000000 0000 000000
1520320948.584585:  1455 065036 0273 000500 1765 065036 1408 065036 1889 000500 0000 065455 0000 000069
1520320948.645360:  1455 001392 0273 000136 1765 001952 1408 001128 1889 001832 0000 003552 0000 000000
1520320948.645406:  1455 001392 0273 000136 1765 001952 1408 001128 1889 001832 0000 003552 0000 000000
1520320948.707439:  1455 065036 0273 000500 1765 065036 1408 065036 1889 000500 0000 065455 0000 000069
1520320948.768252:  1460 001460 0283 000283 1745 001745 1408 001408 1894 001894 0000 000000 0000 000000
1520320948.829024:  1460 065036 0283 000500 1745 065036 1408 065036 1894 000500 0000 065455 0000 000069
1520320948.889865:  1460 001392 0283 000136 1745 001952 1408 001128 1894 001832 0000 003552 0000 000000
1520320948.889911:  1460 001392 0283 000136 1745 001952 1408 001128 1894 001832 0000 003552 0000 000000
1520320948.951779:  1460 065036 0283 000500 1745 065036 1408 065036 1894 000500 0000 065455 0000 000069
1520320949.003638:  1465 001465 0293 000293 1726 001726 1408 001408 1899 001899 0000 000000 0000 000000
1520320949.064423:  1465 065036 0293 000500 1726 065036 1408 065036 1899 000500 0000 065455 0000 000069
1520320949.125125:  1465 001392 0293 000136 1726 001952 1408 001128 1899 001832 0000 003552 0000 000000
1520320949.125180:  1465 001392 0293 000136 1726 001952 1408 001128 1899 001832 0000 003552 0000 000000
1520320949.186913:  1465 065036 0293 000500 1726 065036 1408 065036 1899 000500 0000 065455 0000 000069
1520320949.247626:  1471 001471 0303 000303 1706 001706 1408 001408 1904 001904 0000 000000 0000 000000
1520320949.308398:  1471 065036 0303 000500 1706 065036 1408 065036 1904 000500 0000 065455 0000 000069
1520320949.369284:  1471 001392 0303 000136 1706 001952 1408 001128 1904 001832 0000 003552 0000 000000
1520320949.369326:  1471 001392 0303 000136 1706 001952 1408 001128 1904 001832 0000 003552 0000 000000
1520320949.431309:  1471 065036 0303 000500 1706 065036 1408 065036 1904 000500 0000 065455 0000 000069
1520320949.492120:  1476 001476 0313 000313 1686 001686 1408 001408 1909 001909 0000 000000 0000 000000
1520320949.544029:  1476 065036 0313 000500 1686 065036 1408 065036 1909 000500 0000 065455 0000 000069
1520320949.604777:  1476 001392 0313 000136 1686 001952 1408 001128 1909 001832 0000 003552 0000 000000
1520320949.604839:  1476 001392 0313 000136 1686 001952 1408 001128 1909 001832 0000 003552 0000 000000
1520320949.666582:  1476 065036 0313 000500 1686 065036 1408 065036 1909 000500 0000 065455 0000 000069
1520320949.727327:  1481 001481 0323 000323 1666 001666 1408 001408 1913 001913 0000 000000 0000 000000
1520320949.788072:  1481 065036 0323 000500 1666 065036 1408 065036 1913 000500 0000 065455 0000 000069
1520320949.848880:  1481 001392 0323 000136 1666 001952 1408 001128 1913 001832 0000 003552 0000 000000
1520320949.848936:  1481 001392 0323 000136 1666 001952 1408 001128 1913 001832 0000 003552 0000 000000
1520320949.910463:  1481 065036 0323 000500 1666 065036 1408 065036 1913 000500 0000 065455 0000 000069
1520320949.971265:  1486 001486 0334 000334 1646 001646 1408 001408 1918 001918 0000 000000 0000 000000
1520320950.023772:  1486 065036 0334 000500 1646 065036 1408 065036 1918 000500 0000 065455 0000 000069
1520320950.084396:  1486 001392 0334 000136 1646 001952 1408 001128 1918 001832 0000 003552 0000 000000
1520320950.084449:  1486 001392 0334 000136 1646 001952 1408 001128 1918 001832 0000 003552 0000 000000
1520320950.146067:  1486 065036 0334 000500 1646 065036 1408 065036 1918 000500 0000 065455 0000 000069
1520320950.206764:  1490 001490 0344 000344 1625 001625 1408 001408 1923 001923 0000 000000 0000 000000
1520320950.267370:  1490 065036 0344 000500 1625 065036 1408 065036 1923 000500 0000 065455 0000 000069
1520320950.328016:  1490 001392 0344 000136 1625 001952 1408 001128 1923 001832 0000 003552 0000 000000
1520320950.328074:  1490 001392 0344 000136 1625 001952 1408 001128 1923 001832 0000 003552 0000 000000
1520320950.389633:  1490 065036 0344 000500 1625 065036 1408 065036 1923 000500 0000 065455 0000 000069
1520320950.450233:  1495 001495 0355 000355 1605 001605 1408 001408 1927 001927 0000 000000 0000 000000
1520320950.503631:  1495 065036 0355 000500 1605 065036 1408 065036 1927 000500 0000 065455 0000 000069
1520320950.564380:  1495 001392 0355 000136 1605 001952 1408 001128 1927 001832 0000 003552 0000 000000
1520320950.564450:  1495 001392 0355 000136 1605 001952 1408 001128 1927 001832 0000 003552 0000 000000
1520320950.626133:  1495 065036 0355 000500 1605 065036 1408 065036 1927 000500 0000 065455 0000 000069
1520320950.686965:  1500 001500 0365 000365 1584 001584 1408 001408 1932 001932 0000 000000 0000 000000
1520320950.747706:  1500 065036 0365 000500 1584 065036 1408 065036 1932 000500 0000 065455 0000 000069
1520320950.808424:  1500 001392 0365 000136 1584 001952 1408 001128 1932 001832 0000 003552 0000 000000
1520320950.808470:  1500 001392 0365 000136 1584 001952 1408 001128 1932 001832 0000 003552 0000 000000
1520320950.870532:  1500 065036 0365 000500 1584 065036 1408 065036 1932 000500 0000 065455 0000 000069
1520320950.931341:  1504 001504 0376 000376 1563 001563 1408 001408 1936 001936 0000 000000 0000 000000
1520320950.992190:  1504 065036 0376 000500 1563 065036 1408 065036 1936 000500 0000 065455 0000 000069
1520320951.044008:  1504 001392 0376 000136 1563 001952 1408 001128 1936 001832 0000 003552 0000 000000
1520320951.044055:  1504 001392 0376 000136 1563 001952 1408 001128 1936 001832 0000 003552 0000 000000
1520320951.105826:  1504 065036 0376 000500 1563 065036 1408 065036 1936 000500 0000 065455 0000 000069
1520320951.166518:  1509 001509 0387 000387 1542 001542 1408 001408 1941 001941 0000 000000 0000 000000
1520320951.227267:  1509 065036 0387 000500 1542 065036 1408 065036 1941 000500 0000 065455 0000 000069
1520320951.288113:  1509 001392 0387 000136 1542 001952 1408 001128 1941 001832 0000 003552 0000 000000
1520320951.288157:  1509 001392 0387 000136 1542 001952 1408 001128 1941 001832 0000 003552 0000 000000
1520320951.350134:  1509 065036 0387 000500 1542 065036 1408 065036 1941 000500 0000 065455 0000 000069
