1517295414.584720:  0000 001764 0000 000326 0000 003260 0000 002491 0000 003611 0000 001943 0000 000000
1517295415.185369:  1764 001764 0325 000325 3260 003260 2491 002491 3611 003611 1942 001942 0000 000000
1517295415.286275:  1764 001769 0325 000332 3260 003241 2491 002491 3611 003630 1942 001953 0000 000000
1517295415.286343:  1764 001769 0325 000332 3260 003241 2491 002491 3611 003630 1942 001953 0000 000000
1517295415.388150:  1764 065472 0325 000071 3260 065423 2491 065456 3611 065416 1942 064736 0000 065518
1517295415.488912:  1764 001768 0325 000353 3260 003170 2491 002491 3611 003689 1942 001964 0000 000000
1517295415.488971:  1764 001768 0325 000353 3260 003170 2491 002491 3611 003689 1942 001964 0000 000000
1517295415.584729:  1771 001771 0348 000348 3211 003211 2487 002487 3599 003599 1940 001940 0000 000000
1517295415.685515:  1771 001767 0348 000370 3211 003114 2487 002491 3599 003738 1940 001992 0000 000000
1517295415.685604:  1771 001767 0348 000370 3211 003114 2487 002491 3599 003738 1940 001992 0000 000000
1517295415.787402:  1771 065496 0348 000059 3211 065483 2487 065456 3599 065526 1940 064736 0000 065518
1517295415.888135:  1771 001766 0348 000382 3211 003069 2487 002492 3599 003775 1940 002013 0000 000000
1517295415.888207:  1771 001766 0348 000382 3211 003069 2487 002492 3599 003775 1940 002013 0000 000000
1517295415.989963:  1777 001777 0372 000372 3161 003161 2484 002484 3586 003586 1938 001938 0000 000000
1517295416.084711:  1777 001765 0372 000398 3161 003029 2484 002491 3586 003796 1938 002023 0000 000000
1517295416.084800:  1777 001765 0372 000398 3161 003029 2484 002491 3586 003796 1938 002023 0000 000000
1517295416.186612:  1777 065484 0372 000047 3161 065513 2484 065456 3586 000050 1938 064736 0000 065518
1517295416.287501:  1777 001765 0372 000411 3161 002996 2484 002487 3586 003803 1938 002038 0000 000000
1517295416.287588:  1777 001765 0372 000411 3161 002996 2484 002487 3586 003803 1938 002038 0000 000000
1517295416.389201:  1783 001783 0395 000395 3109 003109 2481 002481 3572 003572 1936 001936 0000 000000
1517295416.490071:  1783 001764 0395 000424 3109 002964 2481 002477 3572 003805 1936 002036 0000 000000
1517295416.490141:  1783 001764 0395 000424 3109 002964 2481 002477 3572 003805 1936 002036 0000 000000
1517295416.584712:  1783 065496 0395 000047 3109 065523 2481 065456 3572 000060 1936 064736 0000 065518
1517295416.685544:  1783 001764 0395 000436 3109 002937 2481 002471 3572 003803 1936 002043 0000 000000
1517295416.685613:  1783 001764 0395 000436 3109 002937 2481 002471 3572 003803 1936 002043 0000 000000
1517295416.787470:  1789 001789 0418 000418 3056 003056 2478 002478 3557 003557 1934 001934 0000 000000
1517295416.888207:  1789 001766 0418 000447 3056 002909 2478 002464 3557 003796 1934 002041 0000 000000
1517295416.888261:  1789 001766 0418 000447 3056 002909 2478 002464 3557 003796 1934 002041 0000 000000
1517295416.989874:  1789 065496 0418 000047 3056 065523 2478 065466 3557 000070 1934 064736 0000 065518
1517295417.084726:  1789 001768 0418 000458 3056 002881 2478 002458 3557 003787 1934 002032 0000 000000
1517295417.084800:  1789 001768 0418 000458 3056 002881 2478 002458 3557 003787 1934 002032 0000 000000
1517295417.186526:  1794 001794 0442 000442 3002 003002 2475 002475 3541 003541 1931 001931 0000 000000
1517295417.287366:  1794 001769 0442 000469 3002 002855 2475 002451 3541 003778 1931 002033 0000 000000
1517295417.287442:  1794 001769 0442 000469 3002 002855 2475 002451 3541 003778 1931 002033 0000 000000
1517295417.389320:  1794 065496 0442 000047 3002 065523 2475 065476 3541 000070 1931 064736 0000 065518
1517295417.490121:  1794 001772 0442 000481 3002 002830 2475 002446 3541 003770 1931 002024 0000 000000
1517295417.490215:  1794 001772 0442 000481 3002 002830 2475 002446 3541 003770 1931 002024 0000 000000
1517295417.584728:  1799 001799 0465 000465 2946 002946 2473 002473 3524 003524 1929 001929 0000 000000
1517295417.685566:  1799 001773 0465 000491 2946 002804 2473 002440 3524 003763 1929 002024 0000 000000
1517295417.685642:  1799 001773 0465 000491 2946 002804 2473 002440 3524 003763 1929 002024 0000 000000
1517295417.787300:  1799 065496 0465 000047 2946 000047 2473 065486 3524 000070 1929 064736 0000 065518
1517295417.888160:  1799 001776 0465 000502 2946 002777 2473 002437 3524 003754 1929 002019 0000 000000
1517295417.888248:  1799 001776 0465 000502 2946 002777 2473 002437 3524 003754 1929 002019 0000 000000
1517295417.989937:  1804 001804 0489 000489 2889 002889 2470 002470 3505 003505 1926 001926 0000 000000
1517295418.084714:  1804 001779 0489 000516 2889 002748 2470 002434 3505 003745 1926 002012 0000 000000
1517295418.084747:  1804 001779 0489 000516 2889 002748 2470 002434 3505 003745 1926 002012 0000 000000
1517295418.186490:  1804 065496 0489 000047 2889 065513 2470 065486 3505 000070 1926 064736 0000 065518
1517295418.287268:  1804 001781 0489 000528 2889 002721 2470 002430 3505 003737 1926 002010 0000 000000
1517295418.287341:  1804 001781 0489 000528 2889 002721 2470 002430 3505 003737 1926 002010 0000 000000
1517295418.389016:  1808 001808 0514 000514 2831 002831 2467 002467 3486 003486 1923 001923 0000 000000
1517295418.489855:  1808 001785 0514 000541 2831 002692 2467 002427 3486 003729 1923 002074 0000 000000
1517295418.489909:  1808 001785 0514 000541 2831 002692 2467 002427 3486 003729 1923 002074 0000 000000
1517295418.584716:  1808 065496 0514 000047 2831 065513 2467 065486 3486 000070 1923 064736 0000 065518
1517295418.685469:  1808 001790 0514 000555 2831 002664 2467 002426 3486 003721 1923 002008 0000 000000
1517295418.685525:  1808 001790 0514 000555 2831 002664 2467 002426 3486 003721 1923 002008 0000 000000
1517295418.787197:  1813 001813 0538 000538 2771 002771 2464 002464 3465 003465 1920 001920 0000 000000
1517295418.887939:  1813 001798 0538 000567 2771 002634 2464 002424 3465 003707 1920 001996 0000 000000
1517295418.888011:  1813 001798 0538 000567 2771 002634 2464 002424 3465 003707 1920 001996 0000 000000
1517295418.989737:  1813 065484 0538 000047 2771 065513 2464 065486 3465 000070 1920 064736 0000 065518
1517295419.084714:  1813 001806 0538 000580 2771 002606 2464 002423 3465 003694 1920 001990 0000 000000
1517295419.084801:  1813 001806 0538 000580 2771 002606 2464 002423 3465 003694 1920 001990 0000 000000
1517295419.186522:  1817 001817 0563 000563 2710 002710 2462 002462 3444 003444 1917 001917 0000 000000
1517295419.287403:  1817 001806 0563 000591 2710 002576 2462 002422 3444 003684 1917 001984 0000 000000
1517295419.287484:  1817 001806 0563 000591 2710 002576 2462 002422 3444 003684 1917 001984 0000 000000
1517295419.389247:  1817 065484 0563 000047 2710 065503 2462 065496 3444 000070 1917 064736 0000 065518
1517295419.490080:  1817 001806 0563 000602 2710 002546 2462 002419 3444 003674 1917 001979 0000 000000
1517295419.490174:  1817 001806 0563 000602 2710 002546 2462 002419 3444 003674 1917 001979 0000 000000
1517295419.584708:  1820 001820 0588 000588 2648 002648 2459 002459 3422 003422 1914 001914 0000 000000
1517295419.685616:  1820 001806 0588 000613 2648 002517 2459 002417 3422 003664 1914 001978 0000 000000
1517295419.685693:  1820 001806 0588 000613 2648 002517 2459 002417 3422 003664 1914 001978 0000 000000
1517295419.787362:  1820 065484 0588 000059 2648 065503 2459 065496 3422 000070 1914 064736 0000 065518
1517295419.888149:  1820 001806 0588 000626 2648 002485 2459 002415 3422 003653 1914 001968 0000 000000
1517295419.888217:  1820 001806 0588 000626 2648 002485 2459 002415 3422 003653 1914 001968 0000 000000
1517295419.989689:  1824 001824 0613 000613 2585 002585 2456 002456 3398 003398 1911 001911 0000 000000
1517295420.084719:  1824 001806 0613 000639 2585 002456 2456 002413 3398 003641 1911 001963 0000 000000
1517295420.084804:  1824 001806 0613 000639 2585 002456 2456 002413 3398 003641 1911 001963 0000 000000
1517295420.186326:  1824 065496 0613 000059 2585 065503 2456 065496 3398 000070 1911 064736 0000 065518
1517295420.287119:  1824 001806 0613 000652 2585 002426 2456 002411 3398 003628 1911 001960 0000 000000
1517295420.287187:  1824 001806 0613 000652 2585 002426 2456 002411 3398 003628 1911 001960 0000 000000
1517295420.388598:  1827 001827 0638 000638 2520 002520 2453 002453 3374 003374 1907 001907 0000 000000
1517295420.489362:  1827 001807 0638 000665 2520 002393 2453 002409 3374 003614 1907 001950 0000 000000
1517295420.489430:  1827 001807 0638 000665 2520 002393 2453 002409 3374 003614 1907 001950 0000 000000
1517295420.584728:  1827 065496 0638 000047 2520 065503 2453 065496 3374 000070 1907 064736 0000 065518
1517295420.685599:  1827 001809 0638 000678 2520 002360 2453 002408 3374 003601 1907 001946 0000 000000
1517295420.685674:  1827 001809 0638 000678 2520 002360 2453 002408 3374 003601 1907 001946 0000 000000
1517295420.787252:  1831 001831 0664 000664 2455 002455 2450 002450 3349 003349 1904 001904 0000 000000
1517295420.888026:  1831 001812 0664 000691 2455 002327 2450 002407 3349 003588 1904 001938 0000 000000
1517295420.888103:  1831 001812 0664 000691 2455 002327 2450 002407 3349 003588 1904 001938 0000 000000
1517295420.990069:  1831 065484 0664 000047 2455 065503 2450 065496 3349 000070 1904 064736 0000 065518
1517295421.084709:  1831 001815 0664 000704 2455 002295 2450 002406 3349 003578 1904 001931 0000 000000
1517295421.084762:  1831 001815 0664 000704 2455 002295 2450 002406 3349 003578 1904 001931 0000 000000
1517295421.186253:  1834 001834 0691 000691 2389 002389 2447 002447 3323 003323 1900 001900 0000 000000
1517295421.287007:  1834 001818 0691 000715 2389 002264 2447 002404 3323 003567 1900 001928 0000 000000
1517295421.287059:  1834 001818 0691 000715 2389 002264 2447 002404 3323 003567 1900 001928 0000 000000
1517295421.388540:  1834 065484 0691 000047 2389 065493 2447 065496 3323 000080 1900 064736 0000 065518
1517295421.489259:  1834 001820 0691 000731 2389 002229 2447 002403 3323 003551 1900 001920 0000 000000
1517295421.489349:  1834 001820 0691 000731 2389 002229 2447 002403 3323 003551 1900 001920 0000 000000
1517295421.584723:  1837 001837 0717 000717 2321 002321 2444 002444 3296 003296 1896 001896 0000 000000
1517295421.685493:  1837 001822 0717 000744 2321 002196 2444 002401 3296 003538 1896 001914 0000 000000
1517295421.685574:  1837 001822 0717 000744 2321 002196 2444 002401 3296 003538 1896 001914 0000 000000
1517295421.787143:  1837 065484 0717 000059 2321 065493 2444 065496 3296 000070 1896 064736 0000 065518
1517295421.887974:  1837 001825 0717 000757 2321 002162 2444 002400 3296 003525 1896 001908 0000 000000
1517295421.888051:  1837 001825 0717 000757 2321 002162 2444 002400 3296 003525 1896 001908 0000 000000
1517295421.989680:  1839 001839 0744 000744 2253 002253 2441 002441 3268 003268 1892 001892 0000 000000
1517295422.084679:  1839 001828 0744 000770 2253 002127 2441 002399 3268 003510 1892 001901 0000 000000
1517295422.084743:  1839 001828 0744 000770 2253 002127 2441 002399 3268 003510 1892 001901 0000 000000
1517295422.186371:  1839 065484 0744 000059 2253 065493 2441 065496 3268 000080 1892 064736 0000 065518
1517295422.287190:  1839 001831 0744 000783 2253 002094 2441 002397 3268 003496 1892 001892 0000 000000
1517295422.287279:  1839 001831 0744 000783 2253 002094 2441 002397 3268 003496 1892 001892 0000 000000
1517295422.389017:  1842 001842 0772 000772 2183 002183 2438 002438 3239 003239 1888 001888 0000 000000
1517295422.489827:  1842 001832 0772 000797 2183 002059 2438 002398 3239 003482 1888 001887 0000 000000
1517295422.489933:  1842 001832 0772 000797 2183 002059 2438 002398 3239 003482 1888 001887 0000 000000
1517295422.584717:  1842 065484 0772 000059 2183 065493 2438 065496 3239 000080 1888 064736 0000 065518
1517295422.685509:  1842 001831 0772 000810 2183 002025 2438 002396 3239 003468 1888 001879 0000 000000
1517295422.685570:  1842 001831 0772 000810 2183 002025 2438 002396 3239 003468 1888 001879 0000 000000
1517295422.787300:  1845 001845 0800 000800 2113 002113 2435 002435 3209 003209 1884 001884 0000 000000
1517295422.888130:  1845 001832 0800 000823 2113 001990 2435 002395 3209 003454 1884 001872 0000 000000
1517295422.888219:  1845 001832 0800 000823 2113 001990 2435 002395 3209 003454 1884 001872 0000 000000
1517295422.990006:  1845 065484 0800 000059 2113 065493 2435 065486 3209 000080 1884 064746 0000 065518
1517295423.084729:  1845 001832 0800 000837 2113 001954 2435 002395 3209 003440 1884 001869 0000 000000
1517295423.084817:  1845 001832 0800 000837 2113 001954 2435 002395 3209 003440 1884 001869 0000 000000
1517295423.186609:  1847 001847 0828 000828 2042 002042 2431 002431 3178 003178 1880 001880 0000 000000
1517295423.287459:  1847 001832 0828 000851 2042 001921 2431 002393 3178 003426 1880 001859 0000 000000
1517295423.287524:  1847 001832 0828 000851 2042 001921 2431 002393 3178 003426 1880 001859 0000 000000
1517295423.389223:  1847 065484 0828 000059 2042 065493 2431 065486 3178 000080 1880 064756 0000 065518
1517295423.489979:  1847 001832 0828 000864 2042 001884 2431 002391 3178 003410 1880 001855 0000 000000
1517295423.490054:  1847 001832 0828 000864 2042 001884 2431 002391 3178 003410 1880 001855 0000 000000
1517295423.584708:  1849 001849 0857 000857 1970 001970 2428 002428 3147 003147 1875 001875 0000 000000
1517295423.685616:  1849 001831 0857 000877 1970 001849 2428 002387 3147 003395 1875 001844 0000 000000
1517295423.685685:  1849 001831 0857 000877 1970 001849 2428 002387 3147 003395 1875 001844 0000 000000
1517295423.787581:  1849 065484 0857 000059 1970 065493 2428 065496 3147 000080 1875 064766 0000 065518
1517295423.888395:  1849 001831 0857 000890 1970 001811 2428 002384 3147 003380 1875 001838 0000 000000
1517295423.888462:  1849 001831 0857 000890 1970 001811 2428 002384 3147 003380 1875 001838 0000 000000
1517295423.990426:  1852 001852 0886 000886 1897 001897 2424 002424 3114 003114 1870 001870 0000 000000
1517295424.084692:  1852 001833 0886 000904 1897 001777 2424 002382 3114 003361 1870 001830 0000 000000
1517295424.084791:  1852 001833 0886 000904 1897 001777 2424 002382 3114 003361 1870 001830 0000 000000
1517295424.186334:  1852 065496 0886 000059 1897 065493 2424 065496 3114 000080 1870 064776 0000 065518
1517295424.287138:  1852 001833 0886 000917 1897 001739 2424 002379 3114 003346 1870 001820 0000 000000
1517295424.287245:  1852 001833 0886 000917 1897 001739 2424 002379 3114 003346 1870 001820 0000 000000
1517295424.388962:  1854 001854 0916 000916 1824 001824 2420 002420 3080 003080 1865 001865 0000 000000
1517295424.489722:  1854 001836 0916 000936 1824 001703 2420 002379 3080 003331 1865 001815 0000 000000
1517295424.489787:  1854 001836 0916 000936 1824 001703 2420 002379 3080 003331 1865 001815 0000 000000
1517295424.584726:  1854 065484 0916 000059 1824 065493 2420 065486 3080 000090 1865 064776 0000 065518
1517295424.685631:  1854 001837 0916 000950 1824 001667 2420 002378 3080 003313 1865 001805 0000 000000
1517295424.685705:  1854 001837 0916 000950 1824 001667 2420 002378 3080 003313 1865 001805 0000 000000
1517295424.787320:  1856 001856 0947 000947 1750 001750 2416 002416 3045 003045 1860 001860 0000 000000
1517295424.888091:  1856 001839 0947 000965 1750 001630 2416 002375 3045 003293 1860 001796 0000 000000
1517295424.888159:  1856 001839 0947 000965 1750 001630 2416 002375 3045 003293 1860 001796 0000 000000
1517295424.989867:  1856 065484 0947 000059 1750 065493 2416 065486 3045 000080 1860 064796 0000 065518
1517295425.084709:  1856 001841 0947 000980 1750 001594 2416 002375 3045 003281 1860 001797 0000 000000
1517295425.084803:  1856 001841 0947 000980 1750 001594 2416 002375 3045 003281 1860 001797 0000 000000
