1517555357.857022:  0000 001329 0000 000268 0000 002912 0000 001965 0000 002896 0000 001597 0000 000000
1517555358.417820:  0000 065036 0000 065535 0000 065036 0000 065036 0000 000500 0000 064736 0000 065518
1517555358.478595:  0000 001297 0000 000267 0000 002893 0000 001969 0000 002873 0000 001595 0000 000000
1517555358.478663:  0000 001297 0000 000267 0000 002893 0000 001969 0000 002873 0000 001595 0000 000000
1517555358.540469:  1339 001339 0279 000279 2888 002888 1959 001959 2898 002898 1594 001594 0000 000000
1517555358.601315:  1339 001210 0279 000266 2888 002838 1959 001963 2898 002808 1594 001581 0000 000000
1517555358.601369:  1339 001210 0279 000266 2888 002838 1959 001963 2898 002808 1594 001581 0000 000000
1517555358.662943:  1339 065252 0279 000023 2888 065086 1959 065036 2898 000380 1594 064746 0000 065518
1517555358.723724:  1339 001120 0279 000267 2888 002775 1959 001933 2898 002743 1594 001561 0000 000000
1517555358.723856:  1339 001120 0279 000267 2888 002775 1959 001933 2898 002743 1594 001561 0000 000000
1517555358.785854:  1358 001358 0302 000302 2841 002841 1948 001948 2902 002902 1587 001587 0000 000000
1517555358.846658:  1358 001056 0302 000268 2841 002711 1948 001903 2902 002683 1587 001534 0000 000000
1517555358.846731:  1358 001056 0302 000268 2841 002711 1948 001903 2902 002683 1587 001534 0000 000000
1517555358.907562:  1358 065432 0302 000047 2841 065176 1948 065086 2902 000250 1587 064796 0000 065518
1517555358.968494:  1358 001012 0302 000271 2841 002645 1948 001873 2902 002626 1587 001506 0000 000000
1517555358.968562:  1358 001012 0302 000271 2841 002645 1948 001873 2902 002626 1587 001506 0000 000000
1517555359.030332:  1376 001376 0325 000325 2791 002791 1937 001937 2904 002904 1581 001581 0000 000000
1517555359.090990:  1376 000980 0325 000273 2791 002585 1937 001832 2904 002576 1581 001479 0000 000000
1517555359.091132:  1376 000980 0325 000273 2791 002585 1937 001832 2904 002576 1581 001479 0000 000000
1517555359.152821:  1376 065528 0325 000071 2791 065246 1937 065136 2904 000150 1581 064846 0000 065518
1517555359.213640:  1376 000961 0325 000278 2791 002526 1937 001811 2904 002531 1581 001455 0000 000000
1517555359.213714:  1376 000961 0325 000278 2791 002526 1937 001811 2904 002531 1581 001455 0000 000000
1517555359.275253:  1393 001393 0348 000348 2741 002741 1926 001926 2905 002905 1574 001574 0000 000000
1517555359.335985:  1393 000952 0348 000283 2741 002469 1926 001778 2905 002497 1574 001432 0000 000000
1517555359.336066:  1393 000952 0348 000283 2741 002469 1926 001778 2905 002497 1574 001432 0000 000000
1517555359.397323:  1393 000040 0348 000083 2741 065306 1926 065186 2905 000010 1574 064876 0000 065518
1517555359.458119:  1393 000948 0348 000288 2741 002419 1926 001751 2905 002471 1574 001414 0000 000000
1517555359.458187:  1393 000948 0348 000288 2741 002419 1926 001751 2905 002471 1574 001414 0000 000000
1517555359.519782:  1410 001410 0372 000372 2689 002689 1916 001916 2906 002906 1567 001567 0000 000000
1517555359.580524:  1410 000948 0372 000296 2689 002367 1916 001718 2906 002452 1567 001400 0000 000000
1517555359.580592:  1410 000948 0372 000296 2689 002367 1916 001718 2906 002452 1567 001400 0000 000000
1517555359.642217:  1410 000052 0372 000095 2689 065356 1916 065236 2906 000040 1567 064906 0000 065518
1517555359.702969:  1410 000950 0372 000303 2689 002321 1916 001691 2906 002437 1567 001387 0000 000000
1517555359.703036:  1410 000950 0372 000303 2689 002321 1916 001691 2906 002437 1567 001387 0000 000000
1517555359.764626:  1425 001425 0396 000396 2635 002635 1905 001905 2905 002905 1559 001559 0000 000000
1517555359.825455:  1425 000955 0396 000312 2635 002277 1905 001661 2905 002360 1559 001378 0000 000000
1517555359.825525:  1425 000955 0396 000312 2635 002277 1905 001661 2905 002360 1559 001378 0000 000000
1517555359.877188:  1425 000064 0396 000107 2635 065386 1905 065286 2905 000030 1559 064916 0000 065518
1517555359.937981:  1425 000961 0396 000320 2635 002238 1905 001638 2905 002424 1559 001372 0000 000000
1517555359.938051:  1425 000961 0396 000320 2635 002238 1905 001638 2905 002424 1559 001372 0000 000000
1517555359.999783:  1440 001440 0421 000421 2581 002581 1895 001895 2903 002903 1552 001552 0000 000000
1517555360.060502:  1440 000968 0421 000331 2581 002199 1895 001611 2903 002421 1552 001368 0000 000000
1517555360.060591:  1440 000968 0421 000331 2581 002199 1895 001611 2903 002421 1552 001368 0000 000000
1517555360.122336:  1440 000064 0421 000107 2581 065406 1895 065326 2903 000020 1552 064916 0000 065518
1517555360.183083:  1440 000974 0421 000342 2581 002161 1895 001586 2903 002419 1552 001365 0000 000000
1517555360.183162:  1440 000974 0421 000342 2581 002161 1895 001586 2903 002419 1552 001365 0000 000000
1517555360.244975:  1453 001453 0446 000446 2525 002525 1884 001884 2901 002901 1543 001543 0000 000000
1517555360.305882:  1453 000982 0446 000352 2525 002124 1884 001562 2901 002416 1543 001364 0000 000000
1517555360.305950:  1453 000982 0446 000352 2525 002124 1884 001562 2901 002416 1543 001364 0000 000000
1517555360.367123:  1453 000064 0446 000119 2525 065416 1884 065366 2901 000020 1543 064906 0000 065518
1517555360.427866:  1453 000988 0446 000365 2525 002091 1884 001537 2901 002414 1543 001361 0000 000000
1517555360.427932:  1453 000988 0446 000365 2525 002091 1884 001537 2901 002414 1543 001361 0000 000000
1517555360.489779:  1467 001467 0471 000471 2468 002468 1873 001873 2898 002898 1535 001535 0000 000000
1517555360.550685:  1467 000994 0471 000378 2468 002057 1873 001516 2898 002413 1535 001362 0000 000000
1517555360.550777:  1467 000994 0471 000378 2468 002057 1873 001516 2898 002413 1535 001362 0000 000000
1517555360.612341:  1467 000064 0471 000119 2468 065426 1873 065396 2898 000020 1535 064906 0000 065518
1517555360.673114:  1467 001001 0471 000391 2468 002026 1873 001497 2898 002427 1535 001358 0000 000000
1517555360.673181:  1467 001001 0471 000391 2468 002026 1873 001497 2898 002427 1535 001358 0000 000000
1517555360.734662:  1479 001479 0496 000496 2409 002409 1863 001863 2894 002894 1526 001526 0000 000000
1517555360.795397:  1479 001006 0496 000404 2409 001992 1863 001472 2894 002406 1526 001357 0000 000000
1517555360.795470:  1479 001006 0496 000404 2409 001992 1863 001472 2894 002406 1526 001357 0000 000000
1517555360.857016:  1479 000064 0496 000107 2409 065436 1863 065426 2894 000020 1526 064896 0000 065518
1517555360.917778:  1479 001013 0496 000417 2409 001961 1863 001454 2894 002404 1526 001356 0000 000000
1517555360.917833:  1479 001013 0496 000417 2409 001961 1863 001454 2894 002404 1526 001356 0000 000000
1517555360.979396:  1491 001491 0522 000522 2350 002350 1852 001852 2889 002889 1516 001516 0000 000000
1517555361.040157:  1491 001019 0522 000431 2350 001930 1852 001435 2889 002401 1516 001355 0000 000000
1517555361.040196:  1491 001019 0522 000431 2350 001930 1852 001435 2889 002401 1516 001355 0000 000000
1517555361.101886:  1491 000064 0522 000107 2350 065436 1852 065456 2889 000020 1516 064886 0000 065518
1517555361.162628:  1491 001025 0522 000444 2350 001898 1852 001418 2889 002399 1516 001353 0000 000000
1517555361.162712:  1491 001025 0522 000444 2350 001898 1852 001418 2889 002399 1516 001353 0000 000000
1517555361.224421:  1502 001502 0549 000549 2289 002289 1841 001841 2884 002884 1506 001506 0000 000000
1517555361.285276:  1502 001033 0549 000457 2289 001869 1841 001401 2884 002396 1506 001351 0000 000000
1517555361.285363:  1502 001033 0549 000457 2289 001869 1841 001401 2884 002396 1506 001351 0000 000000
1517555361.346983:  1502 000064 0549 000107 2289 065436 1841 065466 2884 000020 1506 064886 0000 065518
1517555361.407561:  1502 001039 0549 000472 2289 001838 1841 001395 2884 002395 1506 001352 0000 000000
1517555361.407629:  1502 001039 0549 000472 2289 001838 1841 001395 2884 002395 1506 001352 0000 000000
1517555361.469320:  1513 001513 0575 000575 2227 002227 1830 001830 2879 002879 1496 001496 0000 000000
1517555361.530181:  1513 001047 0575 000485 2227 001807 1830 001394 2879 002393 1496 001350 0000 000000
1517555361.530278:  1513 001047 0575 000485 2227 001807 1830 001394 2879 002393 1496 001350 0000 000000
1517555361.591835:  1513 000052 0575 000107 2227 065436 1830 065466 2879 000020 1496 064876 0000 065518
1517555361.652620:  1513 001018 0575 000499 2227 001774 1830 001394 2879 002390 1496 001348 0000 000000
1517555361.652675:  1513 001018 0575 000499 2227 001774 1830 001394 2879 002390 1496 001348 0000 000000
1517555361.714110:  1523 001523 0602 000602 2164 002164 1819 001819 2873 002873 1485 001485 0000 000000
1517555361.774784:  1523 001063 0602 000514 2164 001743 1819 001394 2873 002390 1485 001348 0000 000000
1517555361.774875:  1523 001063 0602 000514 2164 001743 1819 001394 2873 002390 1485 001348 0000 000000
1517555361.836554:  1523 000052 0602 000107 2164 065436 1819 065446 2873 000020 1485 064866 0000 065518
1517555361.887204:  1523 001072 0602 000526 2164 001711 1819 001394 2873 002390 1485 001348 0000 000000
1517555361.887259:  1523 001072 0602 000526 2164 001711 1819 001394 2873 002390 1485 001348 0000 000000
1517555361.948778:  1533 001533 0630 000630 2100 002100 1808 001808 2867 002867 1474 001474 0000 000000
1517555362.009548:  1533 001077 0630 000537 2100 001682 1808 001394 2867 002387 1474 001348 0000 000000
1517555362.009620:  1533 001077 0630 000537 2100 001682 1808 001394 2867 002387 1474 001348 0000 000000
1517555362.071255:  1533 000040 0630 000107 2100 065436 1808 065436 2867 000030 1474 064886 0000 065518
1517555362.132048:  1533 001082 0630 000551 2100 001719 1808 001394 2867 002384 1474 001346 0000 000000
1517555362.132118:  1533 001082 0630 000551 2100 001719 1808 001394 2867 002384 1474 001346 0000 000000
1517555362.193612:  1543 001543 0658 000658 2035 002035 1796 001796 2860 002860 1463 001463 0000 000000
1517555362.254469:  1543 001086 0658 000565 2035 001619 1796 001394 2860 002380 1463 001344 0000 000000
1517555362.254556:  1543 001086 0658 000565 2035 001619 1796 001394 2860 002380 1463 001344 0000 000000
1517555362.316397:  1543 000052 0658 000107 2035 065426 1796 065426 2860 000030 1463 064846 0000 065518
1517555362.377123:  1543 001087 0658 000580 2035 001588 1796 001394 2860 002377 1463 001343 0000 000000
1517555362.377238:  1543 001087 0658 000580 2035 001588 1796 001394 2860 002377 1463 001343 0000 000000
1517555362.439094:  1552 001552 0686 000686 1969 001969 1784 001784 2853 002853 1451 001451 0000 000000
1517555362.499862:  1552 001088 0686 000594 1969 001555 1784 001393 2853 002373 1451 001341 0000 000000
1517555362.499938:  1552 001088 0686 000594 1969 001555 1784 001393 2853 002373 1451 001341 0000 000000
1517555362.561419:  1552 000052 0686 000107 1969 065426 1784 065416 2853 000030 1451 064836 0000 065518
1517555362.622146:  1552 001094 0686 000609 1969 001522 1784 001394 2853 002370 1451 001340 0000 000000
1517555362.622214:  1552 001094 0686 000609 1969 001522 1784 001394 2853 002370 1451 001340 0000 000000
1517555362.683756:  1560 001560 0715 000715 1903 001903 1772 001772 2846 002846 1438 001438 0000 000000
1517555362.744475:  1560 001097 0715 000622 1903 001488 1772 001393 2846 002366 1438 001338 0000 000000
1517555362.744543:  1560 001097 0715 000622 1903 001488 1772 001393 2846 002366 1438 001338 0000 000000
1517555362.806117:  1560 000052 0715 000119 1903 065426 1772 065406 2846 000030 1438 064826 0000 065518
1517555362.856992:  1560 001101 0715 000636 1903 001456 1772 001394 2846 002363 1438 001336 0000 000000
1517555362.857080:  1560 001101 0715 000636 1903 001456 1772 001394 2846 002363 1438 001336 0000 000000
1517555362.918563:  1568 001568 0744 000744 1835 001835 1760 001760 2838 002838 1425 001425 0000 000000
1517555362.979309:  1568 001072 0744 000650 1835 001428 1760 001395 2838 002360 1425 001334 0000 000000
1517555362.979372:  1568 001072 0744 000650 1835 001428 1760 001395 2838 002360 1425 001334 0000 000000
1517555363.041140:  1568 000052 0744 000119 1835 065426 1760 065396 2838 000030 1425 064816 0000 065518
1517555363.101893:  1568 001115 0744 000663 1835 001394 1760 001394 2838 002357 1425 001333 0000 000000
1517555363.101966:  1568 001115 0744 000663 1835 001394 1760 001394 2838 002357 1425 001333 0000 000000
1517555363.163668:  1576 001576 0774 000774 1766 001766 1747 001747 2831 002831 1411 001411 0000 000000
1517555363.224561:  1576 001121 0774 000678 1766 001359 1747 001393 2831 002353 1411 001331 0000 000000
1517555363.224634:  1576 001121 0774 000678 1766 001359 1747 001393 2831 002353 1411 001331 0000 000000
1517555363.286148:  1576 000040 0774 000119 1766 065426 1747 065376 2831 000030 1411 064806 0000 065518
1517555363.346785:  1576 001126 0774 000692 1766 001329 1747 001395 2831 002349 1411 001329 0000 000000
1517555363.346854:  1576 001126 0774 000692 1766 001329 1747 001395 2831 002349 1411 001329 0000 000000
1517555363.407603:  1584 001584 0805 000805 1697 001697 1734 001734 2823 002823 1397 001397 0000 000000
1517555363.468352:  1584 001130 0805 000706 1697 001291 1734 001392 2823 002345 1397 001327 0000 000000
1517555363.468410:  1584 001130 0805 000706 1697 001291 1734 001392 2823 002345 1397 001327 0000 000000
1517555363.529959:  1584 000040 0805 000119 1697 065416 1734 065366 2823 000030 1397 064796 0000 065518
1517555363.590840:  1584 001137 0805 000721 1697 001260 1734 001393 2823 002342 1397 001326 0000 000000
1517555363.590948:  1584 001137 0805 000721 1697 001260 1734 001393 2823 002342 1397 001326 0000 000000
1517555363.652853:  1591 001591 0836 000836 1627 001627 1721 001721 2815 002815 1383 001383 0000 000000
1517555363.713627:  1591 001141 0836 000735 1627 001223 1721 001391 2815 002339 1383 001326 0000 000000
1517555363.713700:  1591 001141 0836 000735 1627 001223 1721 001391 2815 002339 1383 001326 0000 000000
1517555363.775425:  1591 000040 0836 000119 1627 065416 1721 065356 2815 000030 1383 064786 0000 065518
1517555363.836205:  1591 001145 0836 000751 1627 001190 1721 001393 2815 002336 1383 001325 0000 000000
1517555363.836322:  1591 001145 0836 000751 1627 001190 1721 001393 2815 002336 1383 001325 0000 000000
1517555363.897362:  1599 001599 0867 000867 1556 001556 1707 001707 2807 002807 1367 001367 0000 000000
1517555363.958162:  1599 001148 0867 000766 1556 001157 1707 001393 2807 002331 1367 001321 0000 000000
1517555363.958235:  1599 001148 0867 000766 1556 001157 1707 001393 2807 002331 1367 001321 0000 000000
1517555364.019886:  1599 000040 0867 000131 1556 065416 1707 065336 2807 000030 1367 064776 0000 065518
1517555364.080652:  1599 001150 0867 000773 1556 001123 1707 001393 2807 002327 1367 001318 0000 000000
1517555364.080722:  1599 001150 0867 000773 1556 001123 1707 001393 2807 002327 1367 001318 0000 000000
1517555364.142427:  1605 001605 0900 000900 1485 001485 1693 001693 2800 002800 1351 001351 0000 000000
1517555364.203175:  1605 001151 0900 000798 1485 001089 1693 001393 2800 002324 1351 001317 0000 000000
1517555364.203264:  1605 001151 0900 000798 1485 001089 1693 001393 2800 002324 1351 001317 0000 000000
1517555364.264851:  1605 000040 0900 000131 1485 065406 1693 065326 2800 000030 1351 064756 0000 065518
1517555364.325575:  1605 001154 0900 000812 1485 001054 1693 001393 2800 002320 1351 001315 0000 000000
1517555364.325653:  1605 001154 0900 000812 1485 001054 1693 001393 2800 002320 1351 001315 0000 000000
1517555364.387276:  1612 001612 0933 000933 1412 001412 1678 001678 2792 002792 1335 001335 0000 000000
1517555364.448002:  1612 001157 0933 000830 1412 001018 1678 001393 2792 002317 1335 001314 0000 000000
1517555364.448072:  1612 001157 0933 000830 1412 001018 1678 001393 2792 002317 1335 001314 0000 000000
