1517558752.440936:  0000 001359 0000 000162 0000 001620 0000 002144 0000 002897 0000 001597 0000 000000
1517558753.001649:  0000 065036 0000 065187 0000 065046 0000 065036 0000 000500 0000 064736 0000 065518
1517558753.062470:  0000 001326 0000 000148 0000 001588 0000 002150 0000 002876 0000 001597 0000 000000
1517558753.062537:  0000 001326 0000 000148 0000 001588 0000 002150 0000 002876 0000 001597 0000 000000
1517558753.124217:  1367 001367 0191 000191 1673 001673 2155 002155 2962 002962 1580 001580 0000 000000
1517558753.185000:  1367 001233 0191 000128 1673 001523 2155 002141 2962 002815 1580 001584 0000 000000
1517558753.185092:  1367 001233 0191 000128 1673 001523 2155 002141 2962 002815 1580 001584 0000 000000
1517558753.246692:  1367 065264 0191 065271 1673 065266 2155 065136 2962 000250 1580 064736 0000 065518
1517558753.307461:  1367 001142 0191 000103 1673 001460 2155 002110 2962 002745 1580 001561 0000 000000
1517558753.307528:  1367 001142 0191 000103 1673 001460 2155 002110 2962 002745 1580 001561 0000 000000
1517558753.369092:  1384 001384 0218 000218 1774 001774 2174 002174 3091 003091 1548 001548 0000 000000
1517558753.429934:  1384 001080 0218 000102 1774 001407 2174 002074 3091 002699 1548 001536 0000 000000
1517558753.430010:  1384 001080 0218 000102 1774 001407 2174 002074 3091 002699 1548 001536 0000 000000
1517558753.491539:  1384 065432 0218 065319 1774 065466 2174 065156 3091 000030 1548 064736 0000 065518
1517558753.552326:  1384 001040 0218 000103 1774 001373 2174 002040 3091 002675 1548 001515 0000 000000
1517558753.552402:  1384 001040 0218 000103 1774 001373 2174 002040 3091 002675 1548 001515 0000 000000
1517558753.614192:  1400 001400 0250 000250 1870 001870 2190 002190 3217 003217 1519 001519 0000 000000
1517558753.674954:  1400 001008 0250 000101 1870 001352 2190 002005 3217 002682 1519 001501 0000 000000
1517558753.675053:  1400 001008 0250 000101 1870 001352 2190 002005 3217 002682 1519 001501 0000 000000
1517558753.736834:  1400 065516 0250 065355 1870 000070 2190 065236 3217 065456 1519 064736 0000 065518
1517558753.797584:  1400 000992 0250 000101 1870 001339 2190 001971 3217 002708 1519 001500 0000 000000
1517558753.797650:  1400 000992 0250 000101 1870 001339 2190 001971 3217 002708 1519 001500 0000 000000
1517558753.859235:  1415 001415 0287 000287 1958 001958 2202 002202 3340 003340 1492 001492 0000 000000
1517558753.920058:  1415 000986 0287 000102 1958 001339 2202 001937 3340 002739 1492 001506 0000 000000
1517558753.920121:  1415 000986 0287 000102 1958 001339 2202 001937 3340 002739 1492 001506 0000 000000
1517558753.981247:  1415 000016 0287 065403 1958 000090 2202 065316 3340 065396 1492 064736 0000 065518
1517558754.042063:  1415 000983 0287 000101 1958 001339 2202 001910 3340 002774 1492 001517 0000 000000
1517558754.042108:  1415 000983 0287 000101 1958 001339 2202 001910 3340 002774 1492 001517 0000 000000
1517558754.103653:  1430 001430 0328 000328 2039 002039 2212 002212 3457 003457 1466 001466 0000 000000
1517558754.164411:  1430 000985 0328 000101 2039 001347 2212 001883 3457 002814 1466 001532 0000 000000
1517558754.164482:  1430 000985 0328 000101 2039 001347 2212 001883 3457 002814 1466 001532 0000 000000
1517558754.225963:  1430 000040 0328 065451 2039 000220 2212 065376 3457 065366 1466 064736 0000 065518
1517558754.286724:  1430 000988 0328 000102 2039 001362 2212 001858 3457 002854 1466 001548 0000 000000
1517558754.286798:  1430 000988 0328 000102 2039 001362 2212 001858 3457 002854 1466 001548 0000 000000
1517558754.348552:  1443 001443 0375 000375 2113 002113 2219 002219 3569 003569 1441 001441 0000 000000
1517558754.409310:  1443 000993 0375 000102 2113 001379 2219 001834 3569 002897 1441 001567 0000 000000
1517558754.409413:  1443 000993 0375 000102 2113 001379 2219 001834 3569 002897 1441 001567 0000 000000
1517558754.461095:  1443 000040 0375 065511 2113 000250 2219 065426 3569 065336 1441 064736 0000 065518
1517558754.521870:  1443 001000 0375 000102 2113 001400 2219 001815 3569 002936 1441 001585 0000 000000
1517558754.521935:  1443 001000 0375 000102 2113 001400 2219 001815 3569 002936 1441 001585 0000 000000
1517558754.583698:  1456 001456 0427 000427 2179 002179 2224 002224 3674 003674 1417 001417 0000 000000
1517558754.644505:  1456 001004 0427 000102 2179 001424 2224 001798 3674 002982 1417 001606 0000 000000
1517558754.644585:  1456 001004 0427 000102 2179 001424 2224 001798 3674 002982 1417 001606 0000 000000
1517558754.706239:  1456 000040 0427 000047 2179 000270 2224 065466 3674 065316 1417 064736 0000 065518
1517558754.767093:  1456 001010 0427 000102 2179 001451 2224 001780 3674 003027 1417 001627 0000 000000
1517558754.767160:  1456 001010 0427 000102 2179 001451 2224 001780 3674 003027 1417 001627 0000 000000
1517558754.828778:  1469 001469 0485 000485 2237 002237 2227 002227 3771 003771 1395 001395 0000 000000
1517558754.889513:  1469 001015 0485 000102 2237 001477 2227 001766 3771 003071 1395 001648 0000 000000
1517558754.889582:  1469 001015 0485 000102 2237 001477 2227 001766 3771 003071 1395 001648 0000 000000
1517558754.951008:  1469 000040 0485 000119 2237 000270 2227 065496 3771 065316 1395 064736 0000 065518
1517558755.011746:  1469 001022 0485 000107 2237 001504 2227 001755 3771 003117 1395 001671 0000 000000
1517558755.011824:  1469 001022 0485 000107 2237 001504 2227 001755 3771 003117 1395 001671 0000 000000
1517558755.073523:  1481 001481 0548 000548 2286 002286 2228 002228 3861 003861 1373 001373 0000 000000
1517558755.134281:  1481 001030 0548 000123 2286 001530 2228 001744 3861 003164 1373 001692 0000 000000
1517558755.134336:  1481 001030 0548 000123 2286 001530 2228 001744 3861 003164 1373 001692 0000 000000
1517558755.196057:  1481 000040 0548 000155 2286 000260 2228 065526 3861 065326 1373 064736 0000 065518
1517558755.256858:  1481 001036 0548 000146 2286 001556 2228 001730 3861 003209 1373 001715 0000 000000
1517558755.256911:  1481 001036 0548 000146 2286 001556 2228 001730 3861 003209 1373 001715 0000 000000
1517558755.318586:  1492 001492 0617 000617 2327 002327 2228 002228 3942 003942 1351 001351 0000 000000
1517558755.379301:  1492 001042 0617 000168 2327 001582 2228 001721 3942 003252 1351 001737 0000 000000
1517558755.379392:  1492 001042 0617 000168 2327 001582 2228 001721 3942 003252 1351 001737 0000 000000
1517558755.440915:  1492 000040 0617 000191 2327 000250 2228 000010 3942 065336 1351 064736 0000 065518
1517558755.501794:  1492 001050 0617 000191 2327 001604 2228 001713 3942 003296 1351 001759 0000 000000
1517558755.501857:  1492 001050 0617 000191 2327 001604 2228 001713 3942 003296 1351 001759 0000 000000
1517558755.563363:  1503 001503 0691 000691 2360 002360 2227 002227 4015 004015 1331 001331 0000 000000
1517558755.624121:  1503 001053 0691 000221 2360 001627 2227 001708 4015 003339 1331 001780 0000 000000
1517558755.624175:  1503 001053 0691 000221 2360 001627 2227 001708 4015 003339 1331 001780 0000 000000
1517558755.685844:  1503 000040 0691 000215 2360 000230 2227 000020 4015 065356 1331 064736 0000 065518
1517558755.746620:  1503 001065 0691 000249 2360 001647 2227 001702 4015 003381 1331 001801 0000 000000
1517558755.746695:  1503 001065 0691 000249 2360 001647 2227 001702 4015 003381 1331 001801 0000 000000
1517558755.808397:  1513 001513 0770 000770 2383 002383 2224 002224 4079 004079 1311 001311 0000 000000
1517558755.869210:  1513 001069 0770 000279 2383 001665 2224 001697 4079 003422 1311 001821 0000 000000
1517558755.869277:  1513 001069 0770 000279 2383 001665 2224 001697 4079 003422 1311 001821 0000 000000
1517558755.931145:  1513 000028 0770 000239 2383 000210 2224 000020 4079 065406 1311 064736 0000 065518
1517558755.991486:  1513 001073 0770 000313 2383 001683 2224 001691 4079 003460 1311 001842 0000 000000
1517558755.991538:  1513 001073 0770 000313 2383 001683 2224 001691 4079 003460 1311 001842 0000 000000
1517558756.053278:  1523 001523 0853 000853 2397 002397 2220 002220 4079 004079 1292 001292 0000 000000
1517558756.114070:  1523 001075 0853 000348 2397 001698 2220 001687 4079 003494 1292 001861 0000 000000
1517558756.114153:  1523 001075 0853 000348 2397 001698 2220 001687 4079 003494 1292 001861 0000 000000
1517558756.175871:  1523 000040 0853 000263 2397 000190 2220 000030 4079 065476 1292 064736 0000 065518
1517558756.236668:  1523 001081 0853 000383 2397 001710 2220 001682 4079 003524 1292 001878 0000 000000
1517558756.236736:  1523 001081 0853 000383 2397 001710 2220 001682 4079 003524 1292 001878 0000 000000
1517558756.298314:  1532 001532 0941 000941 2402 002402 2215 002215 4079 004079 1274 001274 0000 000000
1517558756.359048:  1532 001087 0941 000422 2402 001721 2215 001676 4079 003548 1274 001893 0000 000000
1517558756.359104:  1532 001087 0941 000422 2402 001721 2215 001676 4079 003548 1274 001893 0000 000000
1517558756.420747:  1532 000028 0941 000275 2402 000170 2215 000030 4079 065516 1274 064736 0000 065518
1517558756.481243:  1532 001088 0941 000460 2402 001728 2215 001673 4079 003566 1274 001906 0000 000000
1517558756.481316:  1532 001088 0941 000460 2402 001728 2215 001673 4079 003566 1274 001906 0000 000000
1517558756.542992:  1541 001541 1032 001032 2398 002398 2209 002209 4079 004079 1257 001257 0000 000000
1517558756.603732:  1541 001091 1032 000501 2398 001733 2209 001669 4079 003580 1257 001917 0000 000000
1517558756.603800:  1541 001091 1032 000501 2398 001733 2209 001669 4079 003580 1257 001917 0000 000000
1517558756.665435:  1541 000040 1032 000287 2398 000150 2209 000030 4079 000010 1257 064736 0000 065518
1517558756.726171:  1541 001100 1032 000540 2398 001738 2209 001665 4079 003588 1257 001925 0000 000000
1517558756.726214:  1541 001100 1032 000540 2398 001738 2209 001665 4079 003588 1257 001925 0000 000000
1517558756.787728:  1550 001550 1126 001126 2385 002385 2203 002203 4079 004079 1241 001241 0000 000000
1517558756.848503:  1550 001107 1126 000582 2385 001742 2203 001663 4079 003594 1241 001931 0000 000000
1517558756.848556:  1550 001107 1126 000582 2385 001742 2203 001663 4079 003594 1241 001931 0000 000000
1517558756.910263:  1550 000028 1126 000311 2385 000130 2203 000030 4079 000020 1241 064736 0000 065518
1517558756.961065:  1550 001114 1126 000625 2385 001744 2203 001661 4079 003598 1241 001934 0000 000000
1517558756.961131:  1550 001114 1126 000625 2385 001744 2203 001661 4079 003598 1241 001934 0000 000000
1517558757.022698:  1558 001558 1223 001223 2363 002363 2197 002197 4079 004079 1226 001226 0000 000000
1517558757.083497:  1558 001119 1223 000666 2363 001744 2197 001658 4079 003600 1226 001937 0000 000000
1517558757.083552:  1558 001119 1223 000666 2363 001744 2197 001658 4079 003600 1226 001937 0000 000000
1517558757.145104:  1558 000028 1223 000323 2363 000100 2197 000030 4079 000030 1226 064736 0000 065518
1517558757.205935:  1558 001124 1223 000712 2363 001745 2197 001657 4079 003600 1226 001939 0000 000000
1517558757.206082:  1558 001124 1223 000712 2363 001745 2197 001657 4079 003600 1226 001939 0000 000000
1517558757.267838:  1566 001566 1321 001321 2332 002332 2190 002190 4079 004079 1212 001212 0000 000000
1517558757.328599:  1566 001125 1321 000758 2332 001745 2190 001654 4079 003600 1212 001940 0000 000000
1517558757.328754:  1566 001125 1321 000758 2332 001745 2190 001654 4079 003600 1212 001940 0000 000000
1517558757.390352:  1566 000028 1321 000335 2332 000060 2190 000030 4079 000030 1212 064736 0000 065518
1517558757.450993:  1566 001126 1321 000803 2332 001745 2190 001652 4079 003600 1212 001941 0000 000000
1517558757.451072:  1566 001126 1321 000803 2332 001745 2190 001652 4079 003600 1212 001941 0000 000000
1517558757.512698:  1574 001574 1421 001421 2292 002292 2184 002184 4079 004079 1200 001200 0000 000000
1517558757.573428:  1574 001128 1421 000851 2292 001744 2184 001650 4079 003601 1200 001941 0000 000000
1517558757.573483:  1574 001128 1421 000851 2292 001744 2184 001650 4079 003601 1200 001941 0000 000000
1517558757.635237:  1574 000028 1421 000335 2292 000020 2184 000030 4079 000030 1200 064736 0000 065518
1517558757.696157:  1574 001130 1421 000899 2292 001742 2184 001649 4079 003601 1200 001942 0000 000000
1517558757.696229:  1574 001130 1421 000899 2292 001742 2184 001649 4079 003601 1200 001942 0000 000000
1517558757.758041:  1581 001581 1522 001522 2243 002243 2177 002177 4079 004079 1189 001189 0000 000000
1517558757.818903:  1581 001132 1522 000948 2243 001736 2177 001645 4079 003600 1189 001941 0000 000000
1517558757.818958:  1581 001132 1522 000948 2243 001736 2177 001645 4079 003600 1189 001941 0000 000000
1517558757.880788:  1581 000040 1522 000335 2243 065516 2177 000030 4079 000030 1189 064736 0000 065518
1517558757.940888:  1581 001138 1522 000996 2243 001723 2177 001642 4079 003583 1189 001941 0000 000000
1517558757.940969:  1581 001138 1522 000996 2243 001723 2177 001642 4079 003583 1189 001941 0000 000000
1517558758.002448:  1588 001588 1623 001623 2187 002187 2172 002172 4079 004079 1180 001180 0000 000000
1517558758.063205:  1588 001144 1623 001046 2187 001711 2172 001639 4079 003600 1180 001941 0000 000000
1517558758.063241:  1588 001144 1623 001046 2187 001711 2172 001639 4079 003600 1180 001941 0000 000000
1517558758.124757:  1588 000028 1623 000347 2187 065486 2172 000030 4079 000030 1180 064736 0000 065518
1517558758.185447:  1588 001150 1623 001095 2187 001694 2172 001637 4079 003600 1180 001942 0000 000000
1517558758.185520:  1588 001150 1623 001095 2187 001694 2172 001637 4079 003600 1180 001942 0000 000000
1517558758.247067:  1595 001595 1725 001725 2122 002122 2166 002166 4079 004079 1173 001173 0000 000000
1517558758.307928:  1595 001154 1725 001144 2122 001679 2166 001634 4079 003600 1173 001941 0000 000000
1517558758.307995:  1595 001154 1725 001144 2122 001679 2166 001634 4079 003600 1173 001941 0000 000000
1517558758.369642:  1595 000028 1725 000347 2122 065456 2166 000030 4079 000030 1173 064736 0000 065518
1517558758.430298:  1595 001160 1725 001194 2122 001644 2166 001631 4079 003600 1173 001942 0000 000000
1517558758.430353:  1595 001160 1725 001194 2122 001644 2166 001631 4079 003600 1173 001942 0000 000000
1517558758.491551:  1602 001602 1826 001826 2049 002049 2161 002161 4079 004079 1167 001167 0000 000000
1517558758.552298:  1602 001165 1826 001245 2049 001617 2161 001628 4079 003600 1167 001942 0000 000000
1517558758.552366:  1602 001165 1826 001245 2049 001617 2161 001628 4079 003600 1167 001942 0000 000000
1517558758.613819:  1602 000028 1826 000347 2049 065436 2161 000030 4079 000030 1167 064736 0000 065518
1517558758.674578:  1602 001166 1826 001295 2049 001588 2161 001625 4079 003600 1167 001942 0000 000000
1517558758.674648:  1602 001166 1826 001295 2049 001588 2161 001625 4079 003600 1167 001942 0000 000000
1517558758.736378:  1608 001608 1928 001928 1968 001968 2157 002157 4079 004079 1163 001163 0000 000000
1517558758.797248:  1608 001170 1928 001345 1968 001555 2157 001623 4079 003600 1163 001942 0000 000000
1517558758.797316:  1608 001170 1928 001345 1968 001555 2157 001623 4079 003600 1163 001942 0000 000000
1517558758.858849:  1608 000028 1928 000347 1968 065416 2157 000030 4079 000030 1163 064736 0000 065518
1517558758.919527:  1608 001174 1928 001396 1968 001521 2157 001618 4079 003599 1163 001942 0000 000000
1517558758.919605:  1608 001174 1928 001396 1968 001521 2157 001618 4079 003599 1163 001942 0000 000000
1517558758.971126:  1614 001614 2029 002029 1881 001881 2154 002154 4079 004079 1160 001160 0000 000000
1517558759.031671:  1614 001178 2029 001441 1881 001488 2154 001615 4079 003600 1160 001942 0000 000000
1517558759.031716:  1614 001178 2029 001441 1881 001488 2154 001615 4079 003600 1160 001942 0000 000000
