1520321776.480505:  0000 001392 0000 000136 0000 001952 0000 001128 0000 001832 0000 003552 0000 000000
1520321777.041217:  0000 065036 0000 000500 0000 065036 0000 065036 0000 000500 0000 065455 0000 000069
1520321777.101985:  1393 001393 0181 000181 1947 001947 1408 001408 1833 001833 0000 000000 0000 000000
1520321777.162671:  1393 065036 0181 000500 1947 065036 1408 065036 1833 000500 0000 065455 0000 000069
1520321777.223226:  1393 001392 0181 000136 1947 001952 1408 001128 1833 001832 0000 003552 0000 000000
1520321777.223310:  1393 001392 0181 000136 1947 001952 1408 001128 1833 001832 0000 003552 0000 000000
1520321777.284890:  1393 065036 0181 000500 1947 065036 1408 065036 1833 000500 0000 065455 0000 000069
1520321777.345629:  1400 001400 0190 000190 1930 001930 1408 001408 1839 001839 0000 000000 0000 000000
1520321777.406445:  1400 065036 0190 000500 1930 065036 1408 065036 1839 000500 0000 065455 0000 000069
1520321777.467214:  1400 001392 0190 000136 1930 001952 1408 001128 1839 001832 0000 003552 0000 000000
1520321777.467282:  1400 001392 0190 000136 1930 001952 1408 001128 1839 001832 0000 003552 0000 000000
1520321777.520761:  1400 065036 0190 000500 1930 065036 1408 065036 1839 000500 0000 065455 0000 000069
1520321777.581473:  1407 001407 0199 000199 1912 001912 1408 001408 1845 001845 0000 000000 0000 000000
1520321777.642238:  1407 065036 0199 000500 1912 065036 1408 065036 1845 000500 0000 065455 0000 000069
1520321777.703042:  1407 001392 0199 000136 1912 001952 1408 001128 1845 001832 0000 003552 0000 000000
1520321777.703094:  1407 001392 0199 000136 1912 001952 1408 001128 1845 001832 0000 003552 0000 000000
1520321777.764623:  1407 065036 0199 000500 1912 065036 1408 065036 1845 000500 0000 065455 0000 000069
1520321777.825361:  1413 001413 0208 000208 1895 001895 1408 001408 1851 001851 0000 000000 0000 000000
1520321777.886198:  1413 065036 0208 000500 1895 065036 1408 065036 1851 000500 0000 065455 0000 000069
1520321777.946993:  1413 001392 0208 000136 1895 001952 1408 001128 1851 001832 0000 003552 0000 000000
1520321777.947082:  1413 001392 0208 000136 1895 001952 1408 001128 1851 001832 0000 003552 0000 000000
1520321778.000702:  1413 065036 0208 000500 1895 065036 1408 065036 1851 000500 0000 065455 0000 000069
1520321778.061516:  1419 001419 0217 000217 1877 001877 1408 001408 1857 001857 0000 000000 0000 000000
1520321778.122318:  1419 065036 0217 000500 1877 065036 1408 065036 1857 000500 0000 065455 0000 000069
1520321778.183093:  1419 001392 0217 000136 1877 001952 1408 001128 1857 001832 0000 003552 0000 000000
1520321778.183158:  1419 001392 0217 000136 1877 001952 1408 001128 1857 001832 0000 003552 0000 000000
1520321778.244714:  1419 065036 0217 000500 1877 065036 1408 065036 1857 000500 0000 065455 0000 000069
1520321778.305501:  1426 001426 0226 000226 1859 001859 1408 001408 1863 001863 0000 000000 0000 000000
1520321778.366287:  1426 065036 0226 000500 1859 065036 1408 065036 1863 000500 0000 065455 0000 000069
1520321778.427040:  1426 001392 0226 000136 1859 001952 1408 001128 1863 001832 0000 003552 0000 000000
1520321778.427091:  1426 001392 0226 000136 1859 001952 1408 001128 1863 001832 0000 003552 0000 000000
1520321778.480460:  1426 065036 0226 000500 1859 065036 1408 065036 1863 000500 0000 065455 0000 000069
1520321778.541293:  1432 001432 0235 000235 1840 001840 1408 001408 1868 001868 0000 000000 0000 000000
1520321778.602124:  1432 065036 0235 000500 1840 065036 1408 065036 1868 000500 0000 065455 0000 000069
1520321778.662938:  1432 001392 0235 000136 1840 001952 1408 001128 1868 001832 0000 003552 0000 000000
1520321778.663001:  1432 001392 0235 000136 1840 001952 1408 001128 1868 001832 0000 003552 0000 000000
1520321778.724681:  1432 065036 0235 000500 1840 065036 1408 065036 1868 000500 0000 065455 0000 000069
1520321778.785424:  1438 001438 0245 000245 1822 001822 1408 001408 1873 001873 0000 000000 0000 000000
1520321778.846290:  1438 065036 0245 000500 1822 065036 1408 065036 1873 000500 0000 065455 0000 000069
1520321778.907146:  1438 001392 0245 000136 1822 001952 1408 001128 1873 001832 0000 003552 0000 000000
1520321778.907243:  1438 001392 0245 000136 1822 001952 1408 001128 1873 001832 0000 003552 0000 000000
1520321778.968798:  1438 065036 0245 000500 1822 065036 1408 065036 1873 000500 0000 065455 0000 000069
1520321779.020880:  1443 001443 0254 000254 1803 001803 1408 001408 1879 001879 0000 000000 0000 000000
1520321779.081629:  1443 065036 0254 000500 1803 065036 1408 065036 1879 000500 0000 065455 0000 000069
1520321779.142408:  1443 001392 0254 000136 1803 001952 1408 001128 1879 001832 0000 003552 0000 000000
1520321779.142458:  1443 001392 0254 000136 1803 001952 1408 001128 1879 001832 0000 003552 0000 000000
1520321779.204076:  1443 065036 0254 000500 1803 065036 1408 065036 1879 000500 0000 065455 0000 000069
1520321779.264828:  1449 001449 0264 000264 1784 001784 1408 001408 1884 001884 0000 000000 0000 000000
1520321779.325615:  1449 065036 0264 000500 1784 065036 1408 065036 1884 000500 0000 065455 0000 000069
1520321779.386389:  1449 001392 0264 000136 1784 001952 1408 001128 1884 001832 0000 003552 0000 000000
1520321779.386454:  1449 001392 0264 000136 1784 001952 1408 001128 1884 001832 0000 003552 0000 000000
1520321779.449560:  1449 065036 0264 000500 1784 065036 1408 065036 1884 000500 0000 065455 0000 000069
1520321779.500686:  1455 001455 0273 000273 1765 001765 1408 001408 1889 001889 0000 000000 0000 000000
1520321779.561439:  1455 065036 0273 000500 1765 065036 1408 065036 1889 000500 0000 065455 0000 000069
1520321779.622256:  1455 001392 0273 000136 1765 001952 1408 001128 1889 001832 0000 003552 0000 000000
1520321779.622305:  1455 001392 0273 000136 1765 001952 1408 001128 1889 001832 0000 003552 0000 000000
1520321779.684059:  1455 065036 0273 000500 1765 065036 1408 065036 1889 000500 0000 065455 0000 000069
1520321779.744859:  1460 001460 0283 000283 1745 001745 1408 001408 1894 001894 0000 000000 0000 000000
1520321779.805641:  1460 065036 0283 000500 1745 065036 1408 065036 1894 000500 0000 065455 0000 000069
1520321779.866456:  1460 001392 0283 000136 1745 001952 1408 001128 1894 001832 0000 003552 0000 000000
1520321779.866502:  1460 001392 0283 000136 1745 001952 1408 001128 1894 001832 0000 003552 0000 000000
1520321779.928536:  1460 065036 0283 000500 1745 065036 1408 065036 1894 000500 0000 065455 0000 000069
1520321779.980494:  1465 001465 0293 000293 1726 001726 1408 001408 1899 001899 0000 000000 0000 000000
1520321780.041156:  1465 065036 0293 000500 1726 065036 1408 065036 1899 000500 0000 065455 0000 000069
1520321780.101759:  1465 001392 0293 000136 1726 001952 1408 001128 1899 001832 0000 003552 0000 000000
1520321780.101808:  1465 001392 0293 000136 1726 001952 1408 001128 1899 001832 0000 003552 0000 000000
1520321780.163248:  1465 065036 0293 000500 1726 065036 1408 065036 1899 000500 0000 065455 0000 000069
1520321780.224039:  1471 001471 0303 000303 1706 001706 1408 001408 1904 001904 0000 000000 0000 000000
1520321780.284853:  1471 065036 0303 000500 1706 065036 1408 065036 1904 000500 0000 065455 0000 000069
1520321780.345642:  1471 001392 0303 000136 1706 001952 1408 001128 1904 001832 0000 003552 0000 000000
1520321780.345726:  1471 001392 0303 000136 1706 001952 1408 001128 1904 001832 0000 003552 0000 000000
1520321780.407382:  1471 065036 0303 000500 1706 065036 1408 065036 1904 000500 0000 065455 0000 000069
1520321780.468092:  1476 001476 0313 000313 1686 001686 1408 001408 1909 001909 0000 000000 0000 000000
1520321780.520885:  1476 065036 0313 000500 1686 065036 1408 065036 1909 000500 0000 065455 0000 000069
1520321780.581640:  1476 001392 0313 000136 1686 001952 1408 001128 1909 001832 0000 003552 0000 000000
1520321780.581689:  1476 001392 0313 000136 1686 001952 1408 001128 1909 001832 0000 003552 0000 000000
1520321780.643316:  1476 065036 0313 000500 1686 065036 1408 065036 1909 000500 0000 065455 0000 000069
1520321780.704149:  1481 001481 0323 000323 1666 001666 1408 001408 1913 001913 0000 000000 0000 000000
1520321780.765044:  1481 065036 0323 000500 1666 065036 1408 065036 1913 000500 0000 065455 0000 000069
1520321780.825953:  1481 001392 0323 000136 1666 001952 1408 001128 1913 001832 0000 003552 0000 000000
1520321780.826018:  1481 001392 0323 000136 1666 001952 1408 001128 1913 001832 0000 003552 0000 000000
1520321780.887591:  1481 065036 0323 000500 1666 065036 1408 065036 1913 000500 0000 065455 0000 000069
1520321780.948384:  1486 001486 0334 000334 1646 001646 1408 001408 1918 001918 0000 000000 0000 000000
1520321781.000693:  1486 065036 0334 000500 1646 065036 1408 065036 1918 000500 0000 065455 0000 000069
1520321781.061430:  1486 001392 0334 000136 1646 001952 1408 001128 1918 001832 0000 003552 0000 000000
1520321781.061493:  1486 001392 0334 000136 1646 001952 1408 001128 1918 001832 0000 003552 0000 000000
1520321781.122892:  1486 065036 0334 000500 1646 065036 1408 065036 1918 000500 0000 065455 0000 000069
1520321781.183574:  1490 001490 0344 000344 1625 001625 1408 001408 1923 001923 0000 000000 0000 000000
1520321781.244338:  1490 065036 0344 000500 1625 065036 1408 065036 1923 000500 0000 065455 0000 000069
1520321781.305135:  1490 001392 0344 000136 1625 001952 1408 001128 1923 001832 0000 003552 0000 000000
1520321781.305208:  1490 001392 0344 000136 1625 001952 1408 001128 1923 001832 0000 003552 0000 000000
1520321781.366776:  1490 065036 0344 000500 1625 065036 1408 065036 1923 000500 0000 065455 0000 000069
1520321781.427499:  1495 001495 0355 000355 1605 001605 1408 001408 1927 001927 0000 000000 0000 000000
1520321781.480482:  1495 065036 0355 000500 1605 065036 1408 065036 1927 000500 0000 065455 0000 000069
1520321781.541360:  1495 001392 0355 000136 1605 001952 1408 001128 1927 001832 0000 003552 0000 000000
1520321781.541409:  1495 001392 0355 000136 1605 001952 1408 001128 1927 001832 0000 003552 0000 000000
1520321781.603105:  1495 065036 0355 000500 1605 065036 1408 065036 1927 000500 0000 065455 0000 000069
1520321781.663843:  1500 001500 0365 000365 1584 001584 1408 001408 1932 001932 0000 000000 0000 000000
1520321781.724614:  1500 065036 0365 000500 1584 065036 1408 065036 1932 000500 0000 065455 0000 000069
1520321781.785499:  1500 001392 0365 000136 1584 001952 1408 001128 1932 001832 0000 003552 0000 000000
1520321781.785550:  1500 001392 0365 000136 1584 001952 1408 001128 1932 001832 0000 003552 0000 000000
1520321781.847367:  1500 065036 0365 000500 1584 065036 1408 065036 1932 000500 0000 065455 0000 000069
1520321781.908240:  1504 001504 0376 000376 1563 001563 1408 001408 1936 001936 0000 000000 0000 000000
1520321781.969072:  1504 065036 0376 000500 1563 065036 1408 065036 1936 000500 0000 065455 0000 000069
1520321782.020754:  1504 001392 0376 000136 1563 001952 1408 001128 1936 001832 0000 003552 0000 000000
1520321782.020858:  1504 001392 0376 000136 1563 001952 1408 001128 1936 001832 0000 003552 0000 000000
1520321782.082424:  1504 065036 0376 000500 1563 065036 1408 065036 1936 000500 0000 065455 0000 000069
1520321782.143283:  1509 001509 0387 000387 1542 001542 1408 001408 1941 001941 0000 000000 0000 000000
1520321782.204108:  1509 065036 0387 000500 1542 065036 1408 065036 1941 000500 0000 065455 0000 000069
1520321782.264909:  1509 001392 0387 000136 1542 001952 1408 001128 1941 001832 0000 003552 0000 000000
1520321782.264957:  1509 001392 0387 000136 1542 001952 1408 001128 1941 001832 0000 003552 0000 000000
1520321782.326779:  1509 065036 0387 000500 1542 065036 1408 065036 1941 000500 0000 065455 0000 000069
1520321782.387577:  1513 001513 0398 000398 1520 001520 1408 001408 1945 001945 0000 000000 0000 000000
1520321782.448232:  1513 065036 0398 000500 1520 065036 1408 065036 1945 000500 0000 065455 0000 000069
1520321782.500687:  1513 001392 0398 000136 1520 001952 1408 001128 1945 001832 0000 003552 0000 000000
1520321782.500739:  1513 001392 0398 000136 1520 001952 1408 001128 1945 001832 0000 003552 0000 000000
1520321782.562098:  1513 065036 0398 000500 1520 065036 1408 065036 1945 000500 0000 065455 0000 000069
1520321782.622772:  1517 001517 0409 000409 1499 001499 1408 001408 1949 001949 0000 000000 0000 000000
1520321782.683512:  1517 065036 0409 000500 1499 065036 1408 065036 1949 000500 0000 065455 0000 000069
1520321782.744381:  1517 001392 0409 000136 1499 001952 1408 001128 1949 001832 0000 003552 0000 000000
1520321782.744456:  1517 001392 0409 000136 1499 001952 1408 001128 1949 001832 0000 003552 0000 000000
1520321782.806256:  1517 065036 0409 000500 1499 065036 1408 065036 1949 000500 0000 065455 0000 000069
1520321782.867063:  1522 001522 0420 000420 1477 001477 1408 001408 1954 001954 0000 000000 0000 000000
1520321782.927826:  1522 065036 0420 000500 1477 065036 1408 065036 1954 000500 0000 065455 0000 000069
1520321782.980500:  1522 001392 0420 000136 1477 001952 1408 001128 1954 001832 0000 003552 0000 000000
1520321782.980572:  1522 001392 0420 000136 1477 001952 1408 001128 1954 001832 0000 003552 0000 000000
