1517293388.417973:  0000 001749 0000 000474 0000 002007 0000 002117 0000 003602 0000 001943 0000 000000
1517293389.018715:  1748 001748 0474 000474 2007 002007 2117 002117 3602 003602 1942 001942 0000 000000
1517293389.119576:  1748 001744 0474 000473 2007 001983 2117 002113 3602 003620 1942 001940 0000 000000
1517293389.119633:  1748 001744 0474 000473 2007 001983 2117 002113 3602 003620 1942 001940 0000 000000
1517293389.221225:  1748 065472 0474 000011 2007 065423 2117 065456 3602 065426 1942 064815 0000 065518
1517293389.322027:  1748 001733 0474 000474 2007 001926 2117 002098 3602 003676 1942 001956 0000 000000
1517293389.322084:  1748 001733 0474 000474 2007 001926 2117 002098 3602 003676 1942 001956 0000 000000
1517293389.417965:  1754 001754 0501 000501 1946 001946 2113 002113 3591 003591 1937 001937 0000 000000
1517293389.518612:  1754 001721 0501 000478 1946 001874 2113 002082 3591 003721 1937 001977 0000 000000
1517293389.518688:  1754 001721 0501 000478 1946 001874 2113 002082 3591 003721 1937 001977 0000 000000
1517293389.620199:  1754 065496 0501 000035 1946 065463 2113 065476 3591 065526 1937 064765 0000 065518
1517293389.720980:  1754 001718 0501 000484 1946 001830 2113 002073 3591 003758 1937 001997 0000 000000
1517293389.721037:  1754 001718 0501 000484 1946 001830 2113 002073 3591 003758 1937 001997 0000 000000
1517293389.822827:  1758 001758 0530 000530 1885 001885 2110 002110 3580 003580 1932 001932 0000 000000
1517293389.917974:  1758 001718 0530 000491 1885 001790 2110 002065 3580 003779 1932 002012 0000 000000
1517293389.918044:  1758 001718 0530 000491 1885 001790 2110 002065 3580 003779 1932 002012 0000 000000
1517293390.019692:  1758 065508 0530 000047 1885 065483 2110 065486 3580 000050 1932 064736 0000 065518
1517293390.120514:  1758 001720 0530 000500 1885 001753 2110 002058 3580 003787 1932 002023 0000 000000
1517293390.120570:  1758 001720 0530 000500 1885 001753 2110 002058 3580 003787 1932 002023 0000 000000
1517293390.222196:  1763 001763 0559 000559 1823 001823 2107 002107 3568 003568 1926 001926 0000 000000
1517293390.323024:  1763 001723 0559 000510 1823 001720 2107 002054 3568 003790 1926 002028 0000 000000
1517293390.323090:  1763 001723 0559 000510 1823 001720 2107 002054 3568 003790 1926 002028 0000 000000
1517293390.417965:  1763 065508 0559 000059 1823 065493 2107 065496 3568 000060 1926 064736 0000 065518
1517293390.518816:  1763 001726 0559 000521 1823 001687 2107 002046 3568 003789 1926 002030 0000 000000
1517293390.518873:  1763 001726 0559 000521 1823 001687 2107 002046 3568 003789 1926 002030 0000 000000
1517293390.620341:  1767 001767 0588 000588 1759 001759 2103 002103 3555 003555 1920 001920 0000 000000
1517293390.721074:  1767 001729 0588 000533 1759 001654 2103 002041 3555 003783 1920 002030 0000 000000
1517293390.721127:  1767 001729 0588 000533 1759 001654 2103 002041 3555 003783 1920 002030 0000 000000
1517293390.822812:  1767 065508 0588 000071 1759 065483 2103 065506 3555 000070 1920 064736 0000 065518
1517293390.917934:  1767 001731 0588 000546 1759 001621 2103 002037 3555 003778 1920 002030 0000 000000
1517293390.918008:  1767 001731 0588 000546 1759 001621 2103 002037 3555 003778 1920 002030 0000 000000
1517293391.019733:  1772 001772 0618 000618 1695 001695 2100 002100 3542 003542 1913 001913 0000 000000
1517293391.120653:  1772 001733 0618 000558 1695 001591 2100 002031 3542 003769 1913 002023 0000 000000
1517293391.120727:  1772 001733 0618 000558 1695 001591 2100 002031 3542 003769 1913 002023 0000 000000
1517293391.222255:  1772 065496 0618 000071 1695 065483 2100 065506 3542 000070 1913 064736 0000 065518
1517293391.323161:  1772 001737 0618 000572 1695 001558 2100 002028 3542 003762 1913 002021 0000 000000
1517293391.323213:  1772 001737 0618 000572 1695 001558 2100 002028 3542 003762 1913 002021 0000 000000
1517293391.417966:  1776 001776 0648 000648 1630 001630 2096 002096 3527 003527 1906 001906 0000 000000
1517293391.518685:  1776 001739 0648 000585 1630 001526 2096 002094 3527 003755 1906 002018 0000 000000
1517293391.518740:  1776 001739 0648 000585 1630 001526 2096 002094 3527 003755 1906 002018 0000 000000
1517293391.620661:  1776 065496 0648 000083 1630 065483 2096 065516 3527 000070 1906 064736 0000 065518
1517293391.721403:  1776 001741 0648 000602 1630 001493 2096 002023 3527 003748 1906 002015 0000 000000
1517293391.721484:  1776 001741 0648 000602 1630 001493 2096 002023 3527 003748 1906 002015 0000 000000
1517293391.823141:  1780 001780 0680 000680 1564 001564 2092 002092 3511 003511 1899 001899 0000 000000
1517293391.917932:  1780 001743 0680 000618 1564 001459 2092 002020 3511 003747 1899 002011 0000 000000
1517293391.918000:  1780 001743 0680 000618 1564 001459 2092 002020 3511 003747 1899 002011 0000 000000
1517293392.019694:  1780 065496 0680 000071 1564 065483 2092 065506 3511 000070 1899 064736 0000 065518
1517293392.120574:  1780 001745 0680 000634 1564 001428 2092 002019 3511 003731 1899 002005 0000 000000
1517293392.120644:  1780 001745 0680 000634 1564 001428 2092 002019 3511 003731 1899 002005 0000 000000
1517293392.222316:  1783 001783 0711 000711 1497 001497 2088 002088 3494 003494 1891 001891 0000 000000
1517293392.323156:  1783 001747 0711 000652 1497 001393 2088 002017 3494 003722 1891 002004 0000 000000
1517293392.323224:  1783 001747 0711 000652 1497 001393 2088 002017 3494 003722 1891 002004 0000 000000
1517293392.417965:  1783 065496 0711 000071 1497 065483 2088 065506 3494 000070 1891 064736 0000 065518
1517293392.518780:  1783 001750 0711 000667 1497 001362 2088 002014 3494 003715 1891 001997 0000 000000
1517293392.518850:  1783 001750 0711 000667 1497 001362 2088 002014 3494 003715 1891 001997 0000 000000
1517293392.620456:  1787 001787 0744 000744 1430 001430 2084 002084 3476 003476 1883 001883 0000 000000
1517293392.721374:  1787 001752 0744 000684 1430 001330 2084 002011 3476 003707 1883 001994 0000 000000
1517293392.721447:  1787 001752 0744 000684 1430 001330 2084 002011 3476 003707 1883 001994 0000 000000
1517293392.823095:  1787 065496 0744 000071 1430 065483 2084 065516 3476 000070 1883 064736 0000 065518
1517293392.917936:  1787 001755 0744 000696 1430 001296 2084 002009 3476 003698 1883 001993 0000 000000
1517293392.918005:  1787 001755 0744 000696 1430 001296 2084 002009 3476 003698 1883 001993 0000 000000
1517293393.019623:  1790 001790 0777 000777 1362 001362 2079 002079 3458 003458 1875 001875 0000 000000
1517293393.120460:  1790 001758 0777 000716 1362 001264 2079 002006 3458 003690 1875 001985 0000 000000
1517293393.120528:  1790 001758 0777 000716 1362 001264 2079 002006 3458 003690 1875 001985 0000 000000
1517293393.222073:  1790 065496 0777 000083 1362 065483 2079 065516 3458 000070 1875 064736 0000 065518
1517293393.322918:  1790 001763 0777 000734 1362 001230 2079 002004 3458 003682 1875 001985 0000 000000
1517293393.322978:  1790 001763 0777 000734 1362 001230 2079 002004 3458 003682 1875 001985 0000 000000
1517293393.417975:  1793 001793 0811 000811 1293 001293 2074 002074 3438 003438 1866 001866 0000 000000
1517293393.518750:  1793 001764 0811 000749 1293 001198 2074 002001 3438 003671 1866 001977 0000 000000
1517293393.518826:  1793 001764 0811 000749 1293 001198 2074 002001 3438 003671 1866 001977 0000 000000
1517293393.620310:  1793 065496 0811 000083 1293 065473 2074 065516 3438 000070 1866 064736 0000 065518
1517293393.721069:  1793 001764 0811 000766 1293 001162 2074 001999 3438 003661 1866 001972 0000 000000
1517293393.721163:  1793 001764 0811 000766 1293 001162 2074 001999 3438 003661 1866 001972 0000 000000
1517293393.822833:  1797 001797 0846 000846 1223 001223 2069 002069 3417 003417 1857 001857 0000 000000
1517293393.917986:  1797 001765 0846 000783 1223 001127 2069 001997 3417 003649 1857 001970 0000 000000
1517293393.918039:  1797 001765 0846 000783 1223 001127 2069 001997 3417 003649 1857 001970 0000 000000
1517293394.019637:  1797 065496 0846 000083 1223 065473 2069 065516 3417 000070 1857 064736 0000 065518
1517293394.120369:  1797 001765 0846 000800 1223 001094 2069 001994 3417 003638 1857 001961 0000 000000
1517293394.120423:  1797 001765 0846 000800 1223 001094 2069 001994 3417 003638 1857 001961 0000 000000
1517293394.222122:  1800 001800 0882 000882 1153 001153 2064 002064 3395 003395 1847 001847 0000 000000
1517293394.323024:  1800 001763 0882 000817 1153 001059 2064 001992 3395 003627 1847 002024 0000 000000
1517293394.323078:  1800 001763 0882 000817 1153 001059 2064 001992 3395 003627 1847 002024 0000 000000
1517293394.417960:  1800 065496 0882 000083 1153 065473 2064 065516 3395 000070 1847 064736 0000 065518
1517293394.518721:  1800 001761 0882 000825 1153 001025 2064 001988 3395 003615 1847 001951 0000 000000
1517293394.518828:  1800 001761 0882 000825 1153 001025 2064 001988 3395 003615 1847 001951 0000 000000
1517293394.620307:  1803 001803 0918 000918 1083 001083 2058 002058 3372 003372 1837 001837 0000 000000
1517293394.721085:  1803 001762 0918 000854 1083 000989 2058 001986 3372 003604 1837 001946 0000 000000
1517293394.721172:  1803 001762 0918 000854 1083 000989 2058 001986 3372 003604 1837 001946 0000 000000
1517293394.822872:  1803 065508 0918 000083 1083 065473 2058 065506 3372 000070 1837 064736 0000 065518
1517293394.917971:  1803 001765 0918 000872 1083 000954 2058 001985 3372 003592 1837 001944 0000 000000
1517293394.918038:  1803 001765 0918 000872 1083 000954 2058 001985 3372 003592 1837 001944 0000 000000
1517293395.019591:  1805 001805 0956 000956 1012 001012 2052 002052 3347 003347 1826 001826 0000 000000
1517293395.120428:  1805 001767 0956 000890 1012 000921 2052 001981 3347 003579 1826 001933 0000 000000
1517293395.120496:  1805 001767 0956 000890 1012 000921 2052 001981 3347 003579 1826 001933 0000 000000
1517293395.222220:  1805 065496 0956 000083 1012 065473 2052 065506 3347 000070 1826 064736 0000 065518
1517293395.323082:  1805 001770 0956 000908 1012 000886 2052 001979 3347 003566 1826 001927 0000 000000
1517293395.323134:  1805 001770 0956 000908 1012 000886 2052 001979 3347 003566 1826 001927 0000 000000
1517293395.417990:  1808 001808 0995 000995 0940 000940 2046 002046 3322 003322 1815 001815 0000 000000
1517293395.518702:  1808 001770 0995 000927 0940 000852 2046 001975 3322 003553 1815 001921 0000 000000
1517293395.518808:  1808 001770 0995 000927 0940 000852 2046 001975 3322 003553 1815 001921 0000 000000
1517293395.620434:  1808 065496 0995 000083 0940 065473 2046 065506 3322 000070 1815 064736 0000 065518
1517293395.721248:  1808 001772 0995 000946 0940 000817 2046 001973 3322 003540 1815 001915 0000 000000
1517293395.721317:  1808 001772 0995 000946 0940 000817 2046 001973 3322 003540 1815 001915 0000 000000
1517293395.822994:  1811 001811 1035 001035 0869 000869 2039 002039 3295 003295 1802 001802 0000 000000
1517293395.917966:  1811 001772 1035 000966 0869 000782 2039 001972 3295 003528 1802 001909 0000 000000
1517293395.918043:  1811 001772 1035 000966 0869 000782 2039 001972 3295 003528 1802 001909 0000 000000
1517293396.020037:  1811 065508 1035 000083 0869 065463 2039 065506 3295 000080 1802 064736 0000 065518
1517293396.120921:  1811 001773 1035 000987 0869 000746 2039 001968 3295 003515 1802 001903 0000 000000
1517293396.121010:  1811 001773 1035 000987 0869 000746 2039 001968 3295 003515 1802 001903 0000 000000
1517293396.222822:  1813 001813 1076 001076 0797 000797 2031 002031 3266 003266 1789 001789 0000 000000
1517293396.323640:  1813 001774 1076 001006 0797 000709 2031 001964 3266 003501 1789 001897 0000 000000
1517293396.323713:  1813 001774 1076 001006 0797 000709 2031 001964 3266 003501 1789 001897 0000 000000
1517293396.417972:  1813 065496 1076 000095 0797 065463 2031 065506 3266 000080 1789 064736 0000 065518
1517293396.518816:  1813 001778 1076 001028 0797 000676 2031 001961 3266 003487 1789 001889 0000 000000
1517293396.518884:  1813 001778 1076 001028 0797 000676 2031 001961 3266 003487 1789 001889 0000 000000
1517293396.620466:  1816 001816 1119 001119 0725 000725 2022 002022 3236 003236 1775 001775 0000 000000
1517293396.721289:  1816 001780 1119 001051 0725 000640 2022 001957 3236 003473 1775 001883 0000 000000
1517293396.721356:  1816 001780 1119 001051 0725 000640 2022 001957 3236 003473 1775 001883 0000 000000
1517293396.823179:  1816 065496 1119 000095 0725 065463 2022 065506 3236 000080 1775 064736 0000 065518
1517293396.917978:  1816 001782 1119 001072 0725 000603 2022 001952 3236 003460 1775 001877 0000 000000
1517293396.918056:  1816 001782 1119 001072 0725 000603 2022 001952 3236 003460 1775 001877 0000 000000
1517293397.019636:  1818 001818 1164 001164 0653 000653 2013 002013 3204 003204 1760 001760 0000 000000
1517293397.120547:  1818 001785 1164 001093 0653 000569 2013 001947 3204 003446 1760 001869 0000 000000
1517293397.120602:  1818 001785 1164 001093 0653 000569 2013 001947 3204 003446 1760 001869 0000 000000
1517293397.222215:  1818 065496 1164 000095 0653 065463 2013 065506 3204 000080 1760 064736 0000 065518
1517293397.323033:  1818 001788 1164 001119 0653 000533 2013 001944 3204 003427 1760 001863 0000 000000
1517293397.323102:  1818 001788 1164 001119 0653 000533 2013 001944 3204 003427 1760 001863 0000 000000
1517293397.417971:  1820 001820 1211 001211 0581 000581 2003 002003 3171 003171 1744 001744 0000 000000
1517293397.518767:  1820 001786 1211 001140 0581 000500 2003 001939 3171 003409 1744 001853 0000 000000
1517293397.518872:  1820 001786 1211 001140 0581 000500 2003 001939 3171 003409 1744 001853 0000 000000
1517293397.620447:  1820 065496 1211 000095 0581 065463 2003 065506 3171 000080 1744 064736 0000 065518
1517293397.721238:  1820 001784 1211 001165 0581 000464 2003 001935 3171 003393 1744 001845 0000 000000
1517293397.721293:  1820 001784 1211 001165 0581 000464 2003 001935 3171 003393 1744 001845 0000 000000
1517293397.822822:  1823 001823 1260 001260 0509 000509 1992 001992 3135 003135 1726 001726 0000 000000
1517293397.917982:  1823 001783 1260 001188 0509 000431 1992 001931 3135 003375 1726 001837 0000 000000
1517293397.918054:  1823 001783 1260 001188 0509 000431 1992 001931 3135 003375 1726 001837 0000 000000
1517293398.019635:  1823 065508 1260 000095 0509 065453 1992 065496 3135 000090 1726 064736 0000 065518
1517293398.120456:  1823 001785 1260 001211 0509 000396 1992 001926 3135 003358 1726 001827 0000 000000
1517293398.120552:  1823 001785 1260 001211 0509 000396 1992 001926 3135 003358 1726 001827 0000 000000
1517293398.222330:  1825 001825 1311 001311 0438 000438 1979 001979 3097 003097 1707 001707 0000 000000
1517293398.323294:  1825 001787 1311 001237 0438 000362 1979 001923 3097 003339 1707 001821 0000 000000
1517293398.323345:  1825 001787 1311 001237 0438 000362 1979 001923 3097 003339 1707 001821 0000 000000
1517293398.417962:  1825 065496 1311 000095 0438 065453 1979 065496 3097 000090 1707 064736 0000 065518
1517293398.518665:  1825 001788 1311 001261 0438 000328 1979 001918 3097 003319 1707 001810 0000 000000
1517293398.518742:  1825 001788 1311 001261 0438 000328 1979 001918 3097 003319 1707 001810 0000 000000
1517293398.620598:  1827 001827 1366 001366 0367 000367 1965 001965 3057 003057 1685 001685 0000 000000
1517293398.721376:  1827 001790 1366 001288 0367 000294 1965 001915 3057 003298 1685 001799 0000 000000
1517293398.721452:  1827 001790 1366 001288 0367 000294 1965 001915 3057 003298 1685 001799 0000 000000
1517293398.823096:  1827 065496 1366 000107 0367 065463 1965 065486 3057 000090 1685 064736 0000 065518
1517293398.917961:  1827 001791 1366 001316 0367 000259 1965 001908 3057 003279 1685 001793 0000 000000
1517293398.918034:  1827 001791 1366 001316 0367 000259 1965 001908 3057 003279 1685 001793 0000 000000
1517293398.919902:  1827 001791 1366 001316 0367 000259 1965 001908 3057 003279 1685 001793 0000 000000
