1517293994.185611:  0000 001757 0000 000281 0000 003272 0000 002463 0000 003596 0000 001937 0000 000000
1517293994.761305:  0000 001757 0000 000281 0000 003272 0000 002463 0000 003596 0000 001937 0000 000000
1517293995.261337:  1757 001757 0280 000280 3272 003272 2463 002463 3596 003596 1937 001937 0000 000000
1517293995.685609:  1757 001738 0280 000279 3272 003162 2463 002463 3596 003726 1937 001982 0000 000000
1517293995.762368:  1757 001738 0280 000279 3272 003162 2463 002463 3596 003726 1937 001982 0000 000000
1517293996.261278:  1757 065496 0280 065535 3272 000007 2463 065466 3596 000040 1937 064736 0000 065518
1517293996.685624:  1757 001731 0280 000292 3272 003066 2463 002415 3596 003807 1937 002041 0000 000000
1517293996.762311:  1757 001731 0280 000292 3272 003066 2463 002415 3596 003807 1937 002041 0000 000000
1517293997.261288:  1764 001764 0304 000304 3225 003225 2459 002459 3587 003587 1934 001934 0000 000000
1517293997.685608:  1764 001738 0304 000305 3225 003032 2459 002393 3587 003805 1934 002046 0000 000000
1517293997.762712:  1764 001738 0304 000305 3225 003032 2459 002393 3587 003805 1934 002046 0000 000000
1517293998.261299:  1764 065484 0304 065535 3225 000047 2459 065506 3587 000060 1934 064736 0000 065518
1517293998.685620:  1764 001743 0304 000318 3225 003011 2459 002385 3587 003802 1934 002037 0000 000000
1517293998.762295:  1764 001743 0304 000318 3225 003011 2459 002385 3587 003802 1934 002037 0000 000000
1517293999.261304:  1771 001771 0327 000327 3177 003177 2456 002456 3578 003578 1932 001932 0000 000000
1517293999.685605:  1771 001747 0327 000332 3177 002987 2456 002380 3578 003798 1932 002036 0000 000000
1517293999.762259:  1771 001747 0327 000332 3177 002987 2456 002380 3578 003798 1932 002036 0000 000000
1517294000.261326:  1771 065484 0327 065535 3177 000037 2456 065516 3578 000060 1932 064736 0000 065518
1517294000.685608:  1771 001750 0327 000345 3177 002964 2456 002376 3578 003794 1932 002033 0000 000000
1517294000.762143:  1771 001750 0327 000345 3177 002964 2456 002376 3578 003794 1932 002033 0000 000000
1517294001.261377:  1778 001778 0350 000350 3128 003128 2453 002453 3567 003567 1930 001930 0000 000000
1517294001.685620:  1778 001753 0350 000358 3128 002940 2453 002373 3567 003789 1930 002032 0000 000000
1517294001.762377:  1778 001753 0350 000358 3128 002940 2453 002373 3567 003789 1930 002032 0000 000000
1517294002.261337:  1778 065484 0350 065535 3128 000037 2453 065516 3567 000060 1930 064736 0000 065518
1517294002.685608:  1778 001758 0350 000370 3128 002921 2453 002374 3567 003785 1930 002030 0000 000000
1517294002.762295:  1778 001758 0350 000370 3128 002921 2453 002374 3567 003785 1930 002030 0000 000000
1517294002.762364:  1778 001758 0350 000370 3128 002921 2453 002374 3567 003785 1930 002030 0000 000000
1517294002.838991:  1784 001784 0373 000373 3077 003077 2450 002450 3555 003555 1928 001928 0000 000000
1517294002.914821:  1784 001759 0373 000378 3077 002905 2450 002374 3555 003784 1928 002028 0000 000000
1517294002.914872:  1784 001759 0373 000378 3077 002905 2450 002374 3555 003784 1928 002028 0000 000000
1517294002.991490:  1784 065484 0373 065535 3077 000007 2450 065516 3555 000070 1928 064736 0000 065518
1517294003.067229:  1784 001760 0373 000380 3077 002900 2450 002374 3555 003777 1928 002034 0000 000000
1517294003.067312:  1784 001760 0373 000380 3077 002900 2450 002374 3555 003777 1928 002034 0000 000000
1517294003.143890:  1789 001789 0397 000397 3024 003024 2447 002447 3541 003541 1925 001925 0000 000000
1517294003.211228:  1789 001761 0397 000382 3024 002890 2447 002374 3541 003771 1925 002028 0000 000000
1517294003.211322:  1789 001761 0397 000382 3024 002890 2447 002374 3541 003771 1925 002028 0000 000000
1517294003.288150:  1789 065496 0397 000023 3024 065513 2447 065516 3541 000070 1925 064736 0000 065518
1517294003.363938:  1789 001761 0397 000385 3024 002876 2447 002374 3541 003765 1925 002027 0000 000000
1517294003.364012:  1789 001761 0397 000385 3024 002876 2447 002374 3541 003765 1925 002027 0000 000000
1517294003.440705:  1795 001795 0421 000421 2970 002970 2444 002444 3527 003527 1922 001922 0000 000000
1517294003.516586:  1795 001761 0421 000390 2970 002855 2444 002372 3527 003757 1922 002019 0000 000000
1517294003.516640:  1795 001761 0421 000390 2970 002855 2444 002372 3527 003757 1922 002019 0000 000000
1517294003.593283:  1795 065496 0421 000035 2970 065493 2444 065506 3527 000070 1922 064736 0000 065518
1517294003.669123:  1795 001763 0421 000397 2970 002838 2444 002376 3527 003754 1922 002025 0000 000000
1517294003.669199:  1795 001763 0421 000397 2970 002838 2444 002376 3527 003754 1922 002025 0000 000000
1517294003.711186:  1800 001800 0445 000445 2915 002915 2441 002441 3511 003511 1920 001920 0000 000000
1517294003.786953:  1800 001763 0445 000401 2915 002822 2441 002373 3511 003746 1920 002021 0000 000000
1517294003.787020:  1800 001763 0445 000401 2915 002822 2441 002373 3511 003746 1920 002021 0000 000000
1517294003.863797:  1800 065496 0445 000059 2915 065473 2441 065506 3511 000080 1920 064736 0000 065518
1517294003.939638:  1800 001765 0445 000410 2915 002800 2441 002374 3511 003739 1920 002015 0000 000000
1517294003.939691:  1800 001765 0445 000410 2915 002800 2441 002374 3511 003739 1920 002015 0000 000000
1517294004.016317:  1805 001805 0469 000469 2859 002859 2438 002438 3494 003494 1917 001917 0000 000000
1517294004.092051:  1805 001767 0469 000418 2859 002770 2438 002371 3494 003728 1917 002007 0000 000000
1517294004.092179:  1805 001767 0469 000418 2859 002770 2438 002371 3494 003728 1917 002007 0000 000000
1517294004.169039:  1805 065496 0469 000059 2859 065473 2438 065506 3494 000070 1917 064736 0000 065518
1517294004.211093:  1805 001771 0469 000427 2859 002740 2438 002370 3494 003718 1917 002009 0000 000000
1517294004.211154:  1805 001771 0469 000427 2859 002740 2438 002370 3494 003718 1917 002009 0000 000000
1517294004.287580:  1809 001809 0493 000493 2801 002801 2435 002435 3476 003476 1914 001914 0000 000000
1517294004.363389:  1809 001773 0493 000435 2801 002716 2435 002369 3476 003711 1914 002006 0000 000000
1517294004.363526:  1809 001773 0493 000435 2801 002716 2435 002369 3476 003711 1914 002006 0000 000000
1517294004.440187:  1809 065496 0493 000071 2801 065473 2435 065506 3476 000070 1914 064736 0000 065518
1517294004.515968:  1809 001778 0493 000447 2801 002685 2435 002368 3476 003701 1914 001990 0000 000000
1517294004.516077:  1809 001778 0493 000447 2801 002685 2435 002368 3476 003701 1914 001990 0000 000000
1517294004.592682:  1813 001813 0518 000518 2741 002741 2432 002432 3457 003457 1911 001911 0000 000000
1517294004.668470:  1813 001781 0518 000458 2741 002653 2432 002366 3457 003690 1911 001990 0000 000000
1517294004.668525:  1813 001781 0518 000458 2741 002653 2432 002366 3457 003690 1911 001990 0000 000000
1517294004.711181:  1813 065496 0518 000071 2741 065473 2432 065506 3457 000070 1911 064736 0000 065518
1517294004.786961:  1813 001785 0518 000467 2741 002629 2432 002365 3457 003683 1911 001989 0000 000000
1517294004.787028:  1813 001785 0518 000467 2741 002629 2432 002365 3457 003683 1911 001989 0000 000000
1517294004.863627:  1817 001817 0543 000543 2681 002681 2430 002430 3437 003437 1907 001907 0000 000000
1517294004.939290:  1817 001789 0543 000479 2681 002597 2430 002364 3437 003672 1907 001982 0000 000000
1517294004.939362:  1817 001789 0543 000479 2681 002597 2430 002364 3437 003672 1907 001982 0000 000000
1517294005.016017:  1817 065484 0543 000071 2681 065463 2430 065506 3437 000080 1907 064745 0000 065518
1517294005.091800:  1817 001792 0543 000494 2681 002564 2430 002380 3437 003662 1907 001974 0000 000000
1517294005.091872:  1817 001792 0543 000494 2681 002564 2430 002380 3437 003662 1907 001974 0000 000000
1517294005.168486:  1821 001821 0568 000568 2619 002619 2427 002427 3416 003416 1904 001904 0000 000000
1517294005.211067:  1821 001794 0568 000507 2619 002533 2427 002361 3416 003651 1904 001978 0000 000000
1517294005.211182:  1821 001794 0568 000507 2619 002533 2427 002361 3416 003651 1904 001978 0000 000000
1517294005.287977:  1821 065484 0568 000083 2619 065463 2427 065506 3416 000080 1904 064755 0000 065518
1517294005.363862:  1821 001796 0568 000519 2619 002508 2427 002360 3416 003643 1904 001971 0000 000000
1517294005.363925:  1821 001796 0568 000519 2619 002508 2427 002360 3416 003643 1904 001971 0000 000000
1517294005.440570:  1824 001824 0593 000593 2557 002557 2424 002424 3394 003394 1901 001901 0000 000000
1517294005.516409:  1824 001799 0593 000532 2557 002474 2424 002357 3394 003632 1901 001962 0000 000000
1517294005.516491:  1824 001799 0593 000532 2557 002474 2424 002357 3394 003632 1901 001962 0000 000000
1517294005.593122:  1824 065484 0593 000071 2557 065463 2424 065506 3394 000080 1901 064765 0000 065518
1517294005.668913:  1824 001804 0593 000548 2557 002443 2424 002357 3394 003620 1901 001954 0000 000000
1517294005.668969:  1824 001804 0593 000548 2557 002443 2424 002357 3394 003620 1901 001954 0000 000000
1517294005.711125:  1828 001828 0619 000619 2493 002493 2421 002421 3371 003371 1897 001897 0000 000000
1517294005.786967:  1828 001806 0619 000557 2493 002417 2421 002356 3371 003612 1897 001951 0000 000000
1517294005.787026:  1828 001806 0619 000557 2493 002417 2421 002356 3371 003612 1897 001951 0000 000000
1517294005.863573:  1828 065484 0619 000083 2493 065463 2421 065506 3371 000080 1897 064755 0000 065518
1517294005.939339:  1828 001808 0619 000569 2493 002383 2421 002355 3371 003601 1897 001951 0000 000000
1517294005.939406:  1828 001808 0619 000569 2493 002383 2421 002355 3371 003601 1897 001951 0000 000000
1517294006.016121:  1831 001831 0645 000645 2428 002428 2418 002418 3347 003347 1893 001893 0000 000000
1517294006.091984:  1831 001809 0645 000584 2428 002348 2418 002353 3347 003590 1893 001941 0000 000000
1517294006.092069:  1831 001809 0645 000584 2428 002348 2418 002353 3347 003590 1893 001941 0000 000000
1517294006.168736:  1831 065484 0645 000071 2428 065463 2418 065506 3347 000080 1893 064775 0000 065518
1517294006.211176:  1831 001809 0645 000598 2428 002315 2418 002350 3347 003576 1893 001940 0000 000000
1517294006.211258:  1831 001809 0645 000598 2428 002315 2418 002350 3347 003576 1893 001940 0000 000000
1517294006.288375:  1834 001834 0672 000672 2362 002362 2415 002415 3323 003323 1889 001889 0000 000000
1517294006.364250:  1834 001808 0672 000609 2362 002290 2415 002352 3323 003568 1889 001938 0000 000000
1517294006.364316:  1834 001808 0672 000609 2362 002290 2415 002352 3323 003568 1889 001938 0000 000000
1517294006.440918:  1834 065496 0672 000071 2362 065463 2415 065506 3323 000080 1889 064775 0000 065518
1517294006.516678:  1834 001805 0672 000623 2362 002254 2415 002348 3323 003516 1889 001927 0000 000000
1517294006.516715:  1834 001805 0672 000623 2362 002254 2415 002348 3323 003516 1889 001927 0000 000000
1517294006.593265:  1837 001837 0699 000699 2295 002295 2412 002412 3297 003297 1885 001885 0000 000000
1517294006.668973:  1837 001805 0699 000637 2295 002152 2412 002346 3297 003538 1885 001917 0000 000000
1517294006.669042:  1837 001805 0699 000637 2295 002152 2412 002346 3297 003538 1885 001917 0000 000000
1517294006.711198:  1837 065496 0699 000071 2295 065453 2412 065506 3297 000080 1885 064785 0000 065518
1517294006.786939:  1837 001804 0699 000648 2295 002193 2412 002343 3297 003530 1885 001907 0000 000000
1517294006.787025:  1837 001804 0699 000648 2295 002193 2412 002343 3297 003530 1885 001907 0000 000000
1517294006.865277:  1840 001840 0726 000726 2227 002227 2408 002408 3270 003270 1881 001881 0000 000000
1517294006.940949:  1840 001805 0726 000662 2227 002157 2408 002344 3270 003481 1881 001915 0000 000000
1517294006.941024:  1840 001805 0726 000662 2227 002157 2408 002344 3270 003481 1881 001915 0000 000000
1517294007.017814:  1840 065496 0726 000083 2227 065453 2408 065506 3270 000080 1881 064795 0000 065518
1517294007.093430:  1840 001805 0726 000677 2227 002121 2408 002342 3270 003499 1881 001901 0000 000000
1517294007.093488:  1840 001805 0726 000677 2227 002121 2408 002342 3270 003499 1881 001901 0000 000000
1517294007.170211:  1842 001842 0754 000754 2158 002158 2405 002405 3243 003243 1876 001876 0000 000000
1517294007.211194:  1842 001805 0754 000691 2158 002088 2405 002342 3243 003484 1876 001892 0000 000000
1517294007.211278:  1842 001805 0754 000691 2158 002088 2405 002342 3243 003484 1876 001892 0000 000000
1517294007.287830:  1842 065496 0754 000083 2158 065443 2405 065506 3243 000080 1876 064805 0000 065518
1517294007.363588:  1842 001806 0754 000703 2158 002061 2405 002342 3243 003474 1876 001890 0000 000000
1517294007.363678:  1842 001806 0754 000703 2158 002061 2405 002342 3243 003474 1876 001890 0000 000000
1517294007.440425:  1845 001845 0782 000782 2088 002088 2401 002401 3214 003214 1871 001871 0000 000000
1517294007.516223:  1845 001807 0782 000718 2088 002022 2401 002339 3214 003457 1871 001880 0000 000000
1517294007.516286:  1845 001807 0782 000718 2088 002022 2401 002339 3214 003457 1871 001880 0000 000000
1517294007.592897:  1845 065496 0782 000083 2088 065453 2401 065506 3214 000080 1871 064815 0000 065518
1517294007.668579:  1845 001810 0782 000733 2088 001986 2401 002338 3214 003441 1871 001870 0000 000000
1517294007.668647:  1845 001810 0782 000733 2088 001986 2401 002338 3214 003441 1871 001870 0000 000000
1517294007.711129:  1847 001847 0810 000810 2018 002018 2398 002398 3185 003185 1867 001867 0000 000000
1517294007.786823:  1847 001811 0810 000744 2018 001956 2398 002336 3185 003428 1867 001862 0000 000000
1517294007.786935:  1847 001811 0810 000744 2018 001956 2398 002336 3185 003428 1867 001862 0000 000000
1517294007.863642:  1847 065496 0810 000083 2018 065443 2398 065506 3185 000090 1867 064815 0000 065518
1517294007.939499:  1847 001815 0810 000759 2018 001919 2398 002336 3185 003412 1867 001863 0000 000000
1517294007.939555:  1847 001815 0810 000759 2018 001919 2398 002336 3185 003412 1867 001863 0000 000000
1517294008.016359:  1850 001850 0839 000839 1946 001946 2394 002394 3154 003154 1861 001861 0000 000000
1517294008.092047:  1850 001818 0839 000775 1946 001880 2394 002335 3154 003397 1861 001851 0000 000000
1517294008.092122:  1850 001818 0839 000775 1946 001880 2394 002335 3154 003397 1861 001851 0000 000000
1517294008.168678:  1850 065496 0839 000083 1946 065453 2394 065496 3154 000080 1861 064825 0000 065518
1517294008.211123:  1850 001821 0839 000790 1946 001845 2394 002333 3154 003380 1861 001846 0000 000000
1517294008.211196:  1850 001821 0839 000790 1946 001845 2394 002333 3154 003380 1861 001846 0000 000000
1517294008.288092:  1852 001852 0869 000869 1874 001874 2390 002390 3123 003123 1856 001856 0000 000000
1517294008.363823:  1852 001823 0869 000801 1874 001812 2390 002331 3123 003367 1856 001835 0000 000000
1517294008.363879:  1852 001823 0869 000801 1874 001812 2390 002331 3123 003367 1856 001835 0000 000000
1517294008.440467:  1852 065484 0869 000083 1874 065443 2390 065496 3123 000090 1856 064765 0000 065518
1517294008.516336:  1852 001826 0869 000816 1874 001774 2390 002330 3123 003350 1856 001831 0000 000000
1517294008.516392:  1852 001826 0869 000816 1874 001774 2390 002330 3123 003350 1856 001831 0000 000000
1517294008.593032:  1854 001854 0899 000899 1801 001801 2386 002386 3090 003090 1851 001851 0000 000000
1517294008.668815:  1854 001828 0899 000832 1801 001734 2386 002327 3090 003335 1851 001819 0000 000000
1517294008.668877:  1854 001828 0899 000832 1801 001734 2386 002327 3090 003335 1851 001819 0000 000000
1517294008.711205:  1854 065484 0899 000083 1801 065443 2386 065496 3090 000090 1851 064845 0000 065518
1517294009.185609:  1854 001830 0899 000844 1801 001704 2386 002325 3090 003323 1851 001811 0000 000000
